1467083060866712
1467083060969115
1467083061071974
1467083061173937
1467083061276329
1467083061379330
1467083061583497
1467083061686504
1467083061790579
1467083061890687
1467083061993454
1467083062095507
1467083062197900
1467083062300328
1467083062402755
1467083062505108
1467083062607510
1467083062709953
1467083062812285
1467083062915080
1467083063019514
1467083063119537
1467083063221881
1467083063324330
1467083063426741
1467083063529089
1467083063632661
1467083063733909
1467083063836304
1467083063938697
1467083064041062
1467083064143537
1467083064247107
1467083064348353
1467083064450693
1467083064553073
1467083064655468
1467083064757907
1467083064860283
1467083064962676
1467083065065055
1467083065167483
1467083065269933
1467083065372494
1467083065474732
1467083065577150
1467083065681809
1467083065781884
1467083065884328
1467083065987209
1467083066090263
1467083066191473
1467083066293933
1467083066396278
1467083066498838
1467083066601149
1467083066703520
1467083066805885
1467083066908261
1467083067012781
1467083067113057
1467083067216369
1467083067317913
1467083067420275
1467083067522680
1467083067625145
1467083067727477
1467083067829938
1467083067932311
1467083068034749
1467083068137105
1467083068242257
1467083068341870
1467083068445453
1467083068546724
1467083068649068
1467083068751516
1467083068853863
1467083068956329
1467083069058663
1467083069161131
1467083069263520
1467083069365913
1467083069468330
1467083069570730
1467083069673055
1467083069775516
1467083069877862
1467083069980310
1467083070084031
1467083070185120
1467083070287517
1467083070389913
1467083070492259
1467083070594688
1467083070697072
1467083070799529
1467083070901926
1467083071004331
1467083071106664
1467083071210026
1467083071312927
1467083071413914
1467083071516310
1467083071618658
1467083071721121
1467083071823492
1467083071927582
1467083072028250
1467083072130744
1467083072233120
1467083072335531
1467083072437845
1467083072540262
1467083072642704
1467083072745067
1467083072847469
1467083072949911
1467083073052265
1467083073154698
1467083073257082
1467083073359942
1467083073464394
1467083073564309
1467083073666705
1467083073769147
1467083073871517
1467083073973850
1467083074076293
1467083074178642
1467083074281082
1467083074383518
1467083074485935
1467083074588246
1467083074691938
1467083074793042
1467083074895519
1467083074997914
1467083075100325
1467083075202729
1467083075305100
1467083075407536
1467083075509913
1467083075612252
1467083075714702
1467083075817889
1467083075921736
1467083076021915
1467083076124308
1467083076226648
1467083076329052
1467083076431515
1467083076533865
1467083076637412
1467083076738656
1467083076841038
1467083076943518
1467083077045914
1467083077149890
1467083077250643
1467083077353126
1467083077455468
1467083077557914
1467083077660868
1467083077762715
1467083077865124
1467083077967513
1467083078069920
1467083078172276
1467083078274706
1467083078378567
1467083078479522
1467083078582074
1467083078684252
1467083078786716
1467083078889189
1467083078991468
1467083079093871
1467083079196308
1467083079299804
1467083079401062
1467083079503497
1467083079605853
1467083079708389
1467083079810674
1467083079914488
1467083080015513
1467083080117865
1467083080220285
1467083080322647
1467083080425072
1467083080529518
1467083080629917
1467083080732266
1467083080834653
1467083080937122
1467083081039511
1467083081143541
1467083081244269
1467083081346707
1467083081449120
1467083081551431
1467083081653844
1467083081757498
1467083081858678
1467083081961105
1467083082065471
1467083082165837
1467083082268676
1467083082372332
1467083082473056
1467083082575494
1467083082680103
1467083082780319
1467083082883184
1467083082985100
1467083083087495
1467083083189915
1467083083292311
1467083083394707
1467083083497050
1467083083599440
1467083083701834
1467083083804717
1467083083909204
1467083084009051
1467083084111477
1467083084213840
1467083084316265
1467083084418704
1467083084522215
1467083084623445
1467083084725837
1467083084828292
1467083084930704
1467083085033042
1467083085135503
1467083085237864
1467083085340252
1467083085442665
1467083085545071
1467083085647499
1467083085751951
1467083085852289
1467083085954708
1467083086057087
1467083086159441
1467083086261834
1467083086364495
1467083086466646
1467083086569120
1467083086671472
1467083086773839
1467083086876294
1467083086980101
1467083087081070
1467083087183496
1467083087285865
1467083087388292
1467083087491208
1467083087594759
1467083087695438
1467083087798473
1467083087900265
1467083088002649
1467083088105917
1467083088209833
1467083088309895
1467083088412262
1467083088514631
1467083088617085
1467083088719508
1467083088821873
1467083088924248
1467083089027152
1467083089129144
1467083089231569
1467083089333856
1467083089436259
1467083089538684
1467083089641083
1467083089744582
1467083089845894
1467083089948296
1467083090050684
1467083090153043
1467083090255454
1467083090359062
1467083090460297
1467083090562642
1467083090665078
1467083090767481
1467083090869919
1467083090973933
1467083091074688
1467083091177105
1467083091279481
1467083091381869
1467083091484263
1467083091588226
1467083091689088
1467083091791474
1467083091893863
1467083091996241
1467083092098653
1467083092202272
1467083092303497
1467083092405902
1467083092510400
1467083092610641
1467083092713079
1467083092817109
1467083092917870
1467083093021079
1467083093122691
1467083093225103
1467083093328144
1467083093429937
1467083093532293
1467083093634641
1467083093737027
1467083093839467
1467083093941834
1467083094044263
1467083094146748
1467083094249055
1467083094353981
1467083094453893
1467083094556288
1467083094658699
1467083094761035
1467083094863558
1467083094967273
1467083095068241
1467083095170658
1467083095273027
1467083095375476
1467083095477877
1467083095580323
1467083095682640
1467083095785058
1467083095887481
1467083095989868
1467083096092246
1467083096194656
1467083096297022
1467083096399497
1467083096501878
1467083096604248
1467083096706660
1467083096809024
1467083096911441
1467083097013873
1467083097116303
1467083097218704
1467083097321061
1467083097424684
1467083097525853
1467083097628461
1467083097730690
1467083097833054
1467083097935510
1467083098039518
1467083098140278
1467083098243533
1467083098345030
1467083098447430
1467083098551191
1467083098653896
1467083098754708
1467083098857090
1467083098959451
1467083099061817
1467083099164290
1467083099266691
1467083099369023
1467083099472041
1467083099576483
1467083099676239
1467083099778642
1467083099881060
1467083099983497
1467083100085909
1467083100190189
1467083100290627
1467083100393104
1467083100495408
1467083100597808
1467083100700275
1467083100803852
1467083100905062
1467083101007496
1467083101109877
1467083101212197
1467083101314630
1467083101418646
1467083101519497
1467083101621896
1467083101724297
1467083101826684
1467083101929021
1467083102031489
1467083102133829
1467083102236230
1467083102338659
1467083102442208
1467083102543432
1467083102647054
1467083102748239
1467083102850611
1467083102954971
1467083103055502
1467083103157812
1467083103261953
1467083103362669
1467083103465637
1467083103569935
1467083103669893
1467083103772958
1467083103874618
1467083103977037
1467083104079441
1467083104182035
1467083104284224
1467083104386669
1467083104489011
1467083104591481
1467083104694495
1467083104796273
1467083104898625
1467083105001040
1467083105103437
1467083105205874
1467083105308274
1467083105411771
1467083105513067
1467083105615401
1467083105717846
1467083105820268
1467083105922610
1467083106026262
1467083106127462
1467083106229854
1467083106332292
1467083106434871
1467083106537032
1467083106639417
1467083106741836
1467083106844274
1467083106946761
1467083107049063
1467083107151702
1467083107255420
1467083107357674
1467083107458633
1467083107561078
1467083107663480
1467083107765826
1467083107868304
1467083107970877
1467083108072999
1467083108177475
1467083108277843
1467083108380437
1467083108483112
1467083108585007
1467083108687456
1467083108789833
1467083108892292
1467083108994680
1467083109097027
1467083109199464
1467083109301812
1467083109404220
1467083109506667
1467083109609087
1467083109711437
1467083109813831
1467083109916804
1467083110018670
1467083110121005
1467083110223464
1467083110325847
1467083110428225
1467083110530607
1467083110634291
1467083110735462
1467083110838922
1467083110940238
1467083111042676
1467083111145029
1467083111248640
1467083111349806
1467083111452269
1467083111554610
1467083111657009
1467083111759404
1467083111863503
1467083111964257
1467083112066666
1467083112169022
1467083112271461
1467083112373874
1467083112477873
1467083112578671
1467083112681073
1467083112783408
1467083112885874
1467083112988256
1467083113090668
1467083113193030
1467083113295861
1467083113399624
1467083113500255
1467083113603128
1467083113705023
1467083113807459
1467083113909874
1467083114012234
1467083114114610
1467083114217069
1467083114319461
1467083114421799
1467083114524253
1467083114626628
1467083114729085
1467083114831439
1467083114933816
1467083115036182
1467083115138609
1467083115242805
1467083115343422
1467083115445824
1467083115548249
1467083115650602
1467083115753030
1467083115856735
1467083115957890
1467083116060251
1467083116163297
1467083116265368
1467083116368652
1467083116470430
1467083116572200
1467083116674608
1467083116777000
1467083116879384
1467083116981833
1467083117085883
1467083117186599
1467083117289020
1467083117391419
1467083117493824
1467083117596204
1467083117700274
1467083117801049
1467083117903443
1467083118007742
1467083118108253
1467083118210650
1467083118314227
1467083118415668
1467083118517832
1467083118622064
1467083118722620
1467083118825066
1467083118929083
1467083119029868
1467083119132202
1467083119237096
1467083119337010
1467083119439691
1467083119541803
1467083119644256
1467083119746617
1467083119849047
1467083119951415
1467083120053795
1467083120156229
1467083120258621
1467083120361848
1467083120463438
1467083120565857
1467083120668208
1467083120770649
1467083120872983
1467083120975400
1467083121077856
1467083121180258
1467083121282601
1467083121384988
1467083121487395
1467083121589806
1467083121693457
1467083121794590
1467083121896992
1467083121999441
1467083122101779
1467083122204174
1467083122308759
1467083122409043
1467083122511628
1467083122613777
1467083122716271
1467083122819489
1467083122922632
1467083123023378
1467083123125848
1467083123228173
1467083123330629
1467083123433023
1467083123535625
1467083123637792
1467083123740842
1467083123842651
1467083123945692
1467083124048405
1467083124152379
1467083124252190
1467083124357364
1467083124457003
1467083124561155
1467083124663387
1467083124765868
1467083124866647
1467083124969007
1467083125071403
1467083125173851
1467083125276232
1467083125378879
1467083125480996
1467083125584377
1467083125688344
1467083125788269
1467083125890599
1467083125993015
1467083126095474
1467083126197771
1467083126300482
1467083126402675
1467083126505116
1467083126608084
1467083126710275
1467083126812431
1467083126914694
1467083127017694
1467083127119925
1467083127222175
1467083127324595
1467083127427613
1467083127631507
1467083127733908
1467083127836222
1467083127938693
1467083128041813
1467083128143776
1467083128245840
1467083128348244
1467083128450597
1467083128553045
1467083128655442
1467083128757844
1467083128860174
1467083128962878
1467083129066272
1467083129167617
1467083129269771
1467083129374223
1467083129474634
1467083129579190
1467083129681768
1467083129783786
1467083129884414
1467083129986571
1467083130089025
1467083130193801
1467083130293787
1467083130396218
1467083130498607
1467083130601179
1467083130703424
1467083130910160
1467083131010627
1467083131113066
1467083131215365
1467083131317778
1467083131420193
1467083131524150
1467083131624964
1467083131727390
1467083131829816
1467083131932252
1467083132034632
1467083132138262
1467083132239423
1467083132341806
1467083132444188
1467083132546609
1467083132649029
1467083132753094
1467083132853763
1467083132956174
1467083133058633
1467083133160973
1467083133263363
1467083133366378
1467083133468191
1467083133570586
1467083133673031
1467083133775362
1467083133877763
1467083133981414
1467083134082597
1467083134185003
1467083134289359
1467083134389777
1467083134492210
1467083134597012
1467083134697033
1467083134799433
1467083134901775
1467083135004174
1467083135107514
1467083135208985
1467083135311382
1467083135413774
1467083135516227
1467083135618609
1467083135720970
1467083135823364
1467083135925774
1467083136028215
1467083136130613
1467083136233027
1467083136335426
1467083136437764
1467083136540217
1467083136642770
1467083136745175
1467083136847398
1467083136949831
1467083137052215
1467083137154571
1467083137257029
1467083137360723
1467083137461818
1467083137564216
1467083137666614
1467083137768976
1467083137871388
1467083137975467
1467083138076149
1467083138178576
1467083138281026
1467083138383431
1467083138485764
1467083138589835
1467083138690563
1467083138792997
1467083138895435
1467083138997835
1467083139101163
1467083139202612
1467083139304948
1467083139407357
1467083139511517
1467083139612183
1467083139715016
1467083139818723
1467083139919369
1467083140021758
1467083140126547
1467083140226612
1467083140329422
1467083140431368
1467083140533766
1467083140636218
1467083140738556
1467083140840945
1467083140943392
1467083141045834
1467083141150078
1467083141252648
1467083141352966
1467083141455358
1467083141557779
1467083141660154
1467083141762646
1467083141866813
1467083141967377
1467083142069778
1467083142172176
1467083142274593
1467083142376972
1467083142479345
1467083142582998
1467083142684159
1467083142786551
1467083142888958
1467083142991510
1467083143093888
1467083143197829
1467083143298571
1467083143400951
1467083143503377
1467083143605842
1467083143708161
1467083143812173
1467083143912959
1467083144015404
1467083144117822
1467083144220179
1467083144322577
1467083144426298
1467083144527369
1467083144629786
1467083144734344
1467083144834597
1467083144936977
1467083145041095
1467083145142385
1467083145244493
1467083145346558
1467083145448974
1467083145551783
1467083145653769
1467083145756157
1467083145858552
1467083145960948
1467083146063641
1467083146165801
1467083146268207
1467083146370563
1467083146473799
1467083146575415
1467083146677759
1467083146780144
1467083146882566
1467083146985010
1467083147087654
1467083147189764
1467083147292143
1467083147394677
1467083147497137
1467083147599573
1467083147702775
1467083147804295
1467083147906568
1467083148009010
1467083148111406
1467083148213794
1467083148316196
1467083148420196
1467083148521007
1467083148623406
1467083148725750
1467083148828155
1467083148930549
1467083149034576
1467083149135406
1467083149237762
1467083149340150
1467083149442533
1467083149544950
1467083149648590
1467083149749772
1467083149852464
1467083149956611
1467083150056963
1467083150159382
1467083150263602
1467083150365218
1467083150466552
1467083150569010
1467083150671647
1467083150773802
1467083150876200
1467083150978596
1467083151080991
1467083151183380
1467083151285741
1467083151388138
1467083151490542
1467083151592968
1467083151696178
1467083151797803
1467083151900201
1467083152002550
1467083152104948
1467083152207374
1467083152309775
1467083152412155
1467083152514547
1467083152616947
1467083152719386
1467083152821838
1467083152924139
1467083153026561
1467083153128962
1467083153231386
1467083153333798
1467083153436136
1467083153538980
1467083153643559
1467083153743407
1467083153845800
1467083153948172
1467083154050597
1467083154152962
1467083154256978
1467083154357803
1467083154460200
1467083154562597
1467083154665007
1467083154767327
1467083154871116
1467083154972151
1467083155074552
1467083155179131
1467083155279381
1467083155381804
1467083155484123
1467083155586538
1467083155688915
1467083155791358
1467083155895876
1467083155996945
1467083156098541
1467083156200925
1467083156303360
1467083156405871
1467083156508154
1467083156610562
1467083156712991
1467083156815474
1467083156918655
1467083157020144
1467083157122550
1467083157224955
1467083157327385
1467083157430268
1467083157532155
1467083157634542
1467083157737246
1467083157839386
1467083157941835
1467083158044154
1467083158146566
1467083158248948
1467083158351358
1467083158453776
1467083158556127
1467083158658550
1467083158761491
1467083158865322
1467083158965720
1467083159068134
1467083159170565
1467083159272966
1467083159375332
1467083159479637
1467083159580129
1467083159682529
1467083159784992
1467083159887384
1467083159989737
1467083160093429
1467083160194787
1467083160297190
1467083160401448
1467083160501784
1467083160604177
1467083160707846
1467083160808955
1467083160911335
1467083161015846
1467083161116135
1467083161218569
1467083161320927
1467083161423328
1467083161525717
1467083161628118
1467083161730526
1467083161832932
1467083161935349
1467083162037739
1467083162140373
1467083162242583
1467083162344947
1467083162447325
1467083162549735
1467083162652118
1467083162754578
1467083162856991
1467083162959341
1467083163061737
1467083163164154
1467083163266536
1467083163368942
1467083163472693
