1467285208389899
1467285208492287
1467285208697097
1467285208799558
1467285208901859
1467285209004353
1467285209209123
1467285209312422
1467285209413953
1467285209618684
1467285209721140
1467285209928496
1467285210028287
1467285210136516
1467285210233121
1467285210335872
1467285210440663
1467285210643746
1467285211060392
1467285211154842
1467285211564229
1467285211769074
1467285211883359
1467285211973848
1467285212085263
1467285212178604
1467285212291868
1467285212489704
1467285212588195
1467285212794079
1467285212895412
1467285212997850
1467285213306496
1467285213407619
1467285213512916
1467285213612184
1467285213714639
1467285213817248
1467285214021830
1467285214124226
1467285214226627
1467285214329009
1467285214431440
1467285214643833
1467285214750264
1467285215148244
1467285215250618
1467285215456703
1467285215557938
1467285215660165
1467285216070014
1467285216172209
1467285216274598
1467285216377020
1467285216479370
1467285216581776
1467285216684220
1467285216786621
1467285216889602
1467285217093798
1467285217200201
1467285217298604
1467285217400995
1467285217503406
1467285217605800
1467285217708192
1467285217912950
1467285218015392
1467285218117787
1467285218220184
1467285218323963
1467285218527390
1467285218629757
1467285218732185
1467285218936974
1467285219039373
1467285219141766
1467285219244170
1467285219346548
1467285219448963
1467285219551386
1467285219654011
1467285219756168
1467285219858562
1467285219961039
1467285220063306
1467285220176037
1467285220268164
1467285220377951
1467285220474226
1467285220781243
1467285220984951
1467285221093338
1467285221189762
1467285221394553
1467285221497710
1467285221599352
1467285221701710
1467285221804164
1467285221906537
1467285222008933
1467285222111327
1467285222213686
1467285222418534
1467285222520938
1467285222623331
1467285222725727
1467285222828124
1467285222930469
1467285223135329
1467285223340121
1467285223442534
1467285223544920
1467285223749724
1467285224059230
1467285224164435
1467285224262437
1467285224364625
1467285224580833
1467285224671341
1467285224775494
1467285224876104
1467285224978499
1467285225285722
1467285225388105
1467285225491830
1467285225592906
1467285225699567
1467285225797646
1467285225900116
1467285226006120
1467285226104897
1467285226216745
1467285226309688
1467285226412022
1467285226514816
1467285226924040
1467285227034683
1467285227231220
1467285227333682
1467285227544846
1467285227640876
1467285227743245
1467285227845617
1467285227948081
1467285228152871
1467285228255265
1467285228357676
1467285228460382
1467285228767270
1467285228869639
1467285228972062
1467285229074458
1467285229176854
1467285229279194
1467285229381664
1467285229484074
1467285229688870
1467285229791894
1467285229893662
1467285229995982
1467285230098457
1467285230200783
1467285230303254
1467285230508206
1467285230610662
1467285230712774
1467285230815232
1467285230917625
1467285231020045
1467285231122437
1467285231327231
1467285231429619
1467285231532020
1467285231634424
1467285231736852
1467285231839233
1467285232045842
1467285232146373
1467285232253249
1467285232351208
1467285232453630
1467285232556037
1467285232658417
1467285232760812
1467285232863456
1467285232965606
1467285233068001
1467285233170430
1467285233272813
1467285233375329
1467285233477628
1467285233584323
1467285233682410
1467285233891662
1467285233990617
1467285234091999
1467285234194396
1467285234296736
1467285234399210
1467285234501605
1467285234604024
1467285234707216
1467285234808890
1467285234911188
1467285235013533
1467285235115979
1467285235218375
1467285235320790
1467285235424959
1467285235529095
1467285235631608
1467285235730368
1467285235841730
1467285235935173
1467285236037583
1467285236139979
1467285236242379
1467285236345945
1467285236549562
1467285236651960
1467285236754375
1467285236856830
1467285236959136
1467285237176380
1467285237266355
1467285237368751
1467285237471184
1467285237573532
1467285237675962
1467285237778356
1467285237880721
1467285237983164
1467285238088065
1467285238193333
1467285238290310
1467285238393585
1467285238495109
1467285238802348
1467285239014331
1467285239109547
1467285239211881
1467285239319478
1467285239416726
1467285239519126
1467285239625918
1467285239723940
1467285239827917
1467285239928725
1467285240031125
1467285240133531
1467285240235918
1467285240338337
1467285240440727
1467285240543124
1467285240747935
1467285240850342
1467285241055130
1467285241157523
1467285241259908
1467285241362257
1467285241464717
1467285241567103
1467285241671096
1467285241773960
1467285241874316
1467285242079063
1467285242283898
1467285242386240
1467285242493377
1467285242591064
1467285242693504
1467285242795852
1467285242898292
1467285243000662
1467285243103086
1467285243205503
1467285243307894
1467285243410292
1467285243512645
1467285243615079
1467285243717481
1467285243819865
1467285243928319
1467285244127086
1467285244231354
1467285244331879
1467285244437541
1467285244639072
1467285244741480
1467285244843823
1467285245151061
1467285245253461
1467285245869646
1467285245970226
1467285246072670
1467285246175064
1467285246277459
1467285246379810
1467285246482241
1467285246584660
1467285246794239
1467285246994549
1467285247205691
1467285247301542
1467285247403801
1467285247507713
1467285247621110
1467285247927217
1467285248132189
1467285248530293
1467285248743935
1467285249144711
1467285249554166
1467285249656645
1467285249759169
1467285249861406
1467285250066182
1467285250283121
1467285250380182
1467285250578407
1467285250680608
1467285250790151
1467285250886538
1467285251090356
1467285251296299
1467285251602191
1467285251704585
1467285251808232
1467285252011736
1467285252114541
1467285252216585
1467285252320521
1467285252423331
1467285252523772
1467285252627950
1467285252839205
1467285252936438
1467285253038395
1467285253138099
1467285253240630
1467285253344302
1467285253445321
1467285253547751
1467285253650170
1467285253752775
1467285253957478
1467285254059703
1467285254265868
1467285254369667
1467285254475455
1467285254571899
1467285254783591
1467285254982503
1467285255186151
1467285255395975
1467285255494273
1467285255809504
1467285255904772
1467285256011512
1467285256210146
1467285256315166
1467285256414945
1467285256517333
1467285256620046
1467285256723249
1467285256826560
1467285257030951
1467285257131906
1467285257336462
1467285257438847
1467285257541315
1467285257643731
1467285257758706
1467285257848524
1467285257950856
1467285258054769
1467285258155666
1467285258258110
1467285258360523
1467285258462877
1467285258771460
1467285258974844
1467285259077314
1467285259179711
1467285259384896
1467285259486897
1467285259591755
1467285259691946
1467285259794125
1467285259896458
1467285260008645
1467285260208931
1467285260408483
1467285260518379
1467285260617104
1467285260719780
1467285260818089
1467285260928138
1467285261027833
1467285261537125
1467285261637274
1467285261739678
1467285261842216
1467285261944485
1467285262046852
1467285262150044
1467285262251799
1467285262354039
1467285262456482
1467285262558876
1467285262763635
1467285262870730
1467285262968467
1467285263071817
1467285263276230
1467285263378064
1467285263582870
1467285263685315
1467285263787667
1467285263994939
1467285264095889
1467285264200002
1467285264304547
1467285264403014
1467285264504439
1467285264606837
1467285264710295
1467285264813227
1467285264915047
1467285265121360
1467285265325250
1467285265430855
1467285265530063
1467285265630897
1467285265938171
1467285266044419
1467285266143751
1467285266348170
1467285266451044
1467285266560794
1467285266964397
1467285267070541
1467285267474087
1467285267577355
1467285267679370
1467285267886524
1467285268093522
1467285268395552
1467285268498006
1467285268600402
1467285268702801
1467285268805209
1467285268907587
1467285269010734
1467285269112339
1467285269214794
1467285269317214
1467285269419588
1467285269521986
1467285269624384
1467285269726794
1467285269829133
1467285269931590
1467285270033981
1467285270136377
1467285270238794
1467285270341174
1467285270443591
1467285270545941
1467285270648380
1467285270754102
1467285270853168
1467285270955567
1467285271058815
1467285271160363
1467285271262738
1467285271365167
1467285271467568
1467285271569986
1467285271672360
1467285271774762
1467285271877149
1467285271979512
1467285272081962
1467285272184359
1467285272389190
1467285272491556
1467285272593916
1467285272696300
1467285272798766
1467285272901186
1467285273003547
1467285273105938
1467285273208336
1467285273312436
1467285273413079
1467285273517417
1467285273617944
1467285273720336
1467285273822731
1467285273925131
1467285274027543
1467285274129887
1467285274234005
1467285274334734
1467285274437134
1467285274539515
1467285274641926
1467285274744320
1467285274847549
1467285274949118
1467285275051560
1467285275153920
1467285275256320
1467285275360694
1467285275461116
1467285275563466
1467285275666175
1467285275768326
1467285275870677
1467285275973124
1467285276075808
1467285276177920
1467285276280399
1467285276382714
1467285276485121
1467285276587510
1467285276689904
1467285276792275
1467285276894640
1467285276997091
1467285277099443
1467285277304295
1467285277406690
1467285277509100
1467285277611488
1467285277713883
1467285277816296
1467285277918689
1467285278021090
1467285278123433
1467285278225883
1467285278328252
1467285278430673
1467285278533071
1467285278635488
1467285278737887
1467285278840294
1467285278942670
1467285279045043
1467285279147478
1467285279249864
1467285279352295
1467285279454635
1467285279557029
1467285279659468
1467285279761820
1467285279867629
1467285279966642
1467285280069070
1467285280171475
1467285280273881
1467285280376204
1467285280478598
1467285280581365
1467285280683459
1467285280785863
1467285280888264
1467285280990935
1467285281093019
1467285281195400
1467285281297805
1467285281400362
1467285281503372
1467285281605064
1467285281707451
1467285281809856
1467285281912185
1467285282015355
1467285282117038
1467285282219449
1467285282321855
1467285282424211
1467285282526632
1467285282628991
1467285282731425
1467285282833822
1467285282936239
1467285283038635
1467285283141032
1467285283243569
1467285283349464
1467285283448219
1467285283550621
1467285283652965
1467285283755427
1467285283857822
1467285283960217
1467285284062563
1467285284165008
1467285284267422
1467285284369867
1467285284472149
1467285284574624
1467285284677011
1467285284779375
1467285284881806
1467285284984200
1467285285086594
1467285285189006
1467285285291404
1467285285393796
1467285285498983
1467285285598600
1467285285700965
1467285285803412
1467285285905812
1467285286008214
1467285286110593
1467285286213027
1467285286315383
1467285286417785
1467285286520184
1467285286622592
1467285286724985
1467285286827392
1467285286929736
1467285287032173
1467285287134532
1467285287236985
1467285287339384
1467285287441795
1467285287646523
1467285287749031
1467285287851377
1467285287953779
1467285288056130
1467285288158572
1467285288260925
1467285288363321
1467285288465759
1467285288568156
1467285288670550
1467285288772969
1467285288875365
1467285288977759
1467285289080250
1467285289183191
1467285289284963
1467285289387319
1467285289490594
1467285289592124
1467285289694568
1467285289796945
1467285289899337
1467285290001738
1467285290104173
1467285290206546
1467285290308959
1467285290411274
1467285290513694
1467285290616136
1467285290718486
1467285290820926
1467285290923347
1467285291025738
1467285291128139
1467285291230503
1467285291332928
1467285291435287
1467285291537717
1467285291640134
1467285291742516
1467285291844935
1467285291947278
1467285292049963
1467285292152085
1467285292254521
1467285292356933
1467285292459331
1467285292561666
1467285292664074
1467285292766508
1467285292868908
1467285292971322
1467285293073658
1467285293176113
1467285293278459
1467285293380930
1467285293483301
1467285293585696
1467285293688094
1467285293790510
1467285293892908
1467285293995270
1467285294097693
1467285294200107
1467285294302488
1467285294404887
1467285294507303
1467285294609699
1467285294712054
1467285294814443
1467285294916895
1467285295019312
1467285295121676
1467285295224095
1467285295326491
1467285295428829
1467285295531279
1467285295633680
1467285295736073
1467285295838490
1467285295940886
1467285296043279
1467285296145619
1467285296248071
1467285296350473
1467285296452865
1467285296555755
1467285296657677
1467285296760050
1467285296862426
1467285296964865
1467285297067267
1467285297169656
1467285297272005
1467285297374448
1467285297476865
1467285297579202
1467285297681653
1467285297784058
1467285297886871
1467285297988865
1467285298091192
1467285298193623
1467285298296003
1467285298399357
1467285298500848
1467285298705640
1467285298808577
1467285298910447
1467285299012787
1467285299115240
1467285299217638
1467285299320033
1467285299422395
1467285299524846
1467285299627242
1467285299729574
1467285299832029
1467285299934428
1467285300036819
1467285300139219
1467285300241633
1467285300344031
1467285300446384
1467285300548824
1467285300651225
1467285300753613
1467285300856009
1467285300958440
1467285301060822
1467285301163160
1467285301265625
1467285301368026
1467285301470408
1467285301572806
1467285301675218
1467285301777615
1467285301880004
1467285301982403
1467285302084801
1467285302187200
1467285302289605
1467285302392012
1467285302497313
1467285302596744
1467285302699197
1467285302801605
1467285302903989
1467285303006646
1467285303108970
1467285303211200
1467285303313538
1467285303415991
1467285303518383
1467285303620795
1467285303723179
1467285303827544
1467285303927966
1467285304030357
1467285304235174
1467285304337572
1467285304441073
1467285304542367
1467285304644800
1467285304747150
1467285304849573
1467285304951969
1467285305054367
1467285305156763
1467285305259131
1467285305361622
1467285305463969
1467285305566366
1467285305671147
1467285305773792
1467285305873521
1467285305977524
1467285306078312
1467285306180717
1467285306285511
1467285306385551
1467285306487949
1467285306590363
1467285306692750
1467285306797615
1467285306897554
1467285306999950
1467285307102342
1467285307206472
1467285307307155
1467285307412274
1467285307511890
1467285307614777
1467285307716872
1467285307921504
1467285308023947
1467285308126324
1467285308228682
1467285308332930
1467285308433539
1467285308535928
1467285308743050
1467285308843118
1467285308945487
1467285309050141
1467285309150329
1467285309257679
1467285309355059
1467285309457514
1467285309559911
1467285309662268
1467285309867112
1467285309969524
1467285310071926
1467285310174270
1467285310276700
1467285310379072
1467285310482785
1467285310583934
1467285310686304
1467285310788708
1467285310891094
1467285310993496
1467285311095850
1467285311198301
1467285311300702
1467285311403094
1467285311505488
1467285311607886
1467285311712650
1467285311815513
1467285311915066
1467285312019194
1467285312119890
1467285312224589
1467285312427075
1467285312529445
1467285312631857
1467285312734289
1467285312836696
1467285312939016
1467285313041467
1467285313143892
1467285313246239
1467285313348678
1467285313451080
1467285313553469
1467285313655870
1467285313860683
1467285313963018
1467285314065467
1467285314167864
1467285314270250
1467285314372661
1467285314475054
1467285314577490
1467285314679835
1467285314782267
1467285314885020
1467285314987053
1467285315089453
1467285315191787
1467285315294256
1467285315396644
1467285315499053
1467285315601464
1467285315703877
1467285315908587
1467285316011034
1467285316113404
1467285316215816
1467285316318239
1467285316420635
1467285316523030
1467285316625427
1467285316727848
1467285316830238
1467285316932643
1467285317035052
1467285317137431
1467285317239885
1467285317342234
1467285317444582
1467285317547034
1467285317649433
1467285317751852
1467285317854243
1467285317956615
1467285318058968
1467285318161417
1467285318263800
1467285318366223
1467285318468613
1467285318571010
1467285318775804
1467285318878176
1467285318980585
1467285319083011
1467285319185425
1467285319287803
1467285319390198
1467285319492546
1467285319594971
1467285319697421
1467285319799811
1467285319902203
1467285320004592
1467285320106989
1467285320210729
1467285320312755
1467285320414198
1467285320516583
1467285320618993
1467285320721392
1467285320823824
1467285320926176
1467285321028789
1467285321130971
1467285321233402
1467285321335803
1467285321438185
1467285321540572
1467285321642970
1467285321747353
1467285321847783
1467285321950177
1467285322054826
1467285322154981
1467285322257368
1467285322360390
1467285322462124
1467285322564571
1467285322666971
1467285322769383
1467285322873138
1467285323076551
1467285323178892
1467285323281348
1467285323387114
1467285323486156
1467285323588562
1467285323690912
1467285323793310
1467285323895693
1467285323998110
1467285324100553
1467285324202948
1467285324305356
1467285324407733
1467285324510184
1467285324612496
1467285324714884
1467285324817344
1467285324919780
1467285325022077
1467285325124532
1467285325226932
1467285325329268
1467285325431685
1467285325534122
1467285325636569
1467285325738936
1467285325841327
1467285325943732
1467285326046478
1467285326148517
