1467284924251643
1467284924354035
1467284924456429
1467284924763653
1467284924866056
1467284925173265
1467284925480502
1467284925582866
1467284925685285
1467284925787710
1467284925890097
1467284925992494
1467284926094843
1467284926197304
1467284926299704
1467284926504486
1467284927016533
1467284927118931
1467284927221325
1467284927323755
1467284927426136
1467284928040561
1467284928142951
1467284928552573
1467284928757388
1467284929064597
1467284930600518
1467284931112554
1467284931317387
1467284931419824
1467284931522212
1467284931624597
1467284931727012
1467284931829365
1467284931931799
1467284932034220
1467284932136634
1467284932239035
1467284932341385
1467284932443854
1467284932546223
1467284932751050
1467284932955866
1467284933263010
1467284934082283
1467284934184680
1467284934287122
1467284934389508
1467284934491891
1467284934594305
1467284934696643
1467284934799118
1467284935003910
1467284935413492
1467284936437572
1467284936847113
1467284937256739
1467284937563903
1467284937666349
1467284937871138
1467284937973556
1467284938178308
1467284938280763
1467284938383165
1467284938485577
1467284938895145
1467284938997576
1467284939100001
1467284939407217
1467284939816810
1467284939919200
1467284940124016
1467284940226433
1467284940328788
1467284940431251
1467284940636031
1467284940738466
1467284940943243
1467284941045618
1467284941148287
1467284941250391
1467284941352866
1467284941455262
1467284941557662
1467284941660080
1467284941762427
1467284941967282
1467284942172096
1467284942274497
1467284942376886
1467284942479246
1467284942581654
1467284942684098
1467284942786541
1467284942888918
1467284942991306
1467284943298452
1467284943503268
1467284943605622
1467284943708077
1467284943810491
1467284943912809
1467284944015281
1467284944527305
1467284945141681
1467284945244125
1467284945448932
1467284945858556
1467284945960961
1467284946165744
1467284946370531
1467284946473005
1467284947189786
1467284947599421
1467284947906631
1467284948009016
1467284948213825
1467284948520990
1467284948725829
1467284949033059
1467284949135405
1467284949852212
1467284949956516
1467284950261837
1467284950671415
1467284950978636
1467284951183454
1467284951593054
1467284951797827
1467284951900308
1467284952002679
1467284952412228
1467284953948370
1467284954869992
1467284955381995
1467284955893980
1467284956610767
1467284957122789
1467284957429956
1467284957634806
1467284957737206
1467284957839629
1467284957942018
1467284958044411
1467284958146788
1467284958658830
1467284959273267
1467284960399685
1467284960502110
1467284960911679
1467284961014124
1467284961116526
1467284961321329
1467284962959702
1467284963266929
1467284963471733
1467284963574155
1467284963676562
1467284963983743
1467284964086152
1467284964188544
1467284965417406
1467284965622149
1467284965724544
1467284966134229
1467284966339019
1467284966441436
1467284966953432
1467284967055808
1467284967260661
1467284967363001
1467284967465458
1467284967670209
1467284967772693
1467284967875088
1467284967977474
1467284968079812
1467284968284623
1467284968695293
1467284968796645
1467284969206312
1467284969308709
1467284969411124
1467284969513402
1467284969718269
1467284969820642
1467284969923083
1467284970230256
1467284970332685
1467284970742307
1467284971151911
1467284971254315
1467284971356704
1467284972176288
1467284974019203
1467284974736037
1467284974838438
1467284975350413
1467284975555273
1467284975760066
1467284975964886
1467284976067225
1467284976681641
1467284976886436
1467284978934499
1467284979036895
1467284979139314
1467284979241728
1467284979344142
1467284979447539
1467284979550915
1467284979651332
1467284979753748
1467284979856105
1467284980060904
1467284980163302
1467284980777770
1467284980880113
1467284980982563
1467284981084980
1467284981187626
1467284981392146
1467284981494554
1467284981596999
1467284981801748
1467284982211420
1467284982723376
1467284982825709
1467284983030584
1467284983440162
1467284983542582
1467284983644948
1467284983849792
1467284985181043
1467284985283396
1467284986000225
1467284986614674
1467284986819496
1467284987024311
1467284987229065
1467284987538081
1467284987741128
1467284987843537
1467284988048334
1467284988253149
1467284988867574
1467284989174737
1467284990813111
1467284991222711
1467284991325126
1467284992553987
1467284992861189
1467284993066001
1467284995933273
1467284996342903
1467284996650087
1467284997366921
1467284997571752
1467284998390971
1467284998698148
1467284998800544
1467284999005357
1467284999210181
1467284999517346
1467285000643813
1467285000746186
1467285000848630
1467285000951019
1467285001053398
1467285001155839
1467285001258253
1467285002179833
1467285002691764
1467285003511041
1467285003613432
1467285003715834
1467285003920671
1467285004330225
1467285004637752
1467285004844836
1467285004944692
1467285005149446
1467285005559131
1467285005763880
1467285006173546
1467285007095150
1467285007197567
1467285008221609
1467285008323967
1467285008426354
1467285008631159
1467285008733543
1467285008835921
1467285008938316
1467285009143131
1467285009245513
1467285009450337
1467285009552729
1467285009655153
1467285009859956
1467285009962359
1467285010064746
1467285010269573
1467285010371955
1467285010474349
1467285010679161
1467285010986365
1467285011191236
1467285011396028
1467285011908070
1467285012010468
1467285012420105
1467285013034507
1467285013341744
1467285013751435
1467285014365735
1467285014468156
1467285014775375
1467285014980091
1467285015082537
1467285015696893
1467285015799314
1467285015901862
1467285016004132
1467285016208942
1467285016413703
1467285016618512
1467285016925778
1467285017232976
1467285017642590
1467285017847397
1467285018052182
1467285018871450
1467285018973841
1467285019793062
1467285020100186
1467285020305004
1467285020509882
1467285020714674
1467285021226665
1467285021738715
1467285022045819
1467285022250614
1467285022455475
1467285022557836
1467285022660244
1467285022762630
1467285022865091
1467285022967454
1467285023069867
1467285023274715
1467285023377107
1467285023889112
1467285023991469
1467285024093885
1467285024196299
1467285024298683
1467285024401133
1467285024605945
1467285024708344
1467285024810721
1467285024913095
1467285025117930
1467285025220366
1467285025322754
1467285025425132
1467285025527509
1467285025629911
1467285025732381
1467285025834719
1467285026141953
1467285026244341
1467285026346756
1467285026449141
1467285026551572
1467285026653953
1467285026756344
1467285026858768
1467285026961174
1467285027063572
1467285027165969
1467285027268383
1467285027371283
1467285027575562
1467285027677986
1467285027780386
1467285027882786
1467285027985195
1467285028087594
1467285028190010
1467285028292410
1467285028394792
1467285028497140
1467285028599557
1467285028804428
1467285028906817
1467285029009216
1467285029111587
1467285029214025
1467285029316422
1467285029418849
1467285029521254
1467285029623653
1467285029726047
1467285029828482
1467285029930823
1467285030033255
1467285030135654
1467285030238068
1467285030340468
1467285030442880
1467285030545221
1467285030647676
1467285030750071
1467285030852490
1467285030954885
1467285031159693
1467285031262049
1467285031364506
1467285031466916
1467285031569297
1467285031671714
1467285031774118
1467285031876530
1467285031978868
1467285032183736
1467285032286135
1467285032388549
1467285032490918
1467285032593357
1467285032695692
1467285032798153
1467285032900561
1467285033002911
1467285033105339
1467285033310124
1467285033514966
1467285033617363
1467285033719758
1467285033822151
1467285033924549
1467285034129324
1467285034436552
1467285034641426
1467285034743775
1467285034846161
1467285034948631
1467285035050966
1467285035153337
1467285035255760
1467285035562926
1467285035767782
1467285035870208
1467285036074991
1467285036177384
1467285036279753
1467285036382196
1467285036484602
1467285036689420
1467285036791824
1467285036894487
1467285036996576
1467285037099031
1467285037201425
1467285037303838
1467285037406237
1467285037508576
1467285037611004
1467285037713396
1467285038020628
1467285038123052
1467285038225420
1467285038328151
1467285038430214
1467285038532707
1467285038635052
1467285038737468
1467285038839901
1467285038942298
1467285039044675
1467285039147068
1467285039249489
1467285039351885
1467285039454304
1467285039556698
1467285039659093
1467285039863868
1467285040068678
1467285040171357
1467285040273554
1467285040375881
1467285040478283
1467285040580742
1467285040683136
1467285040785532
1467285040887943
1467285040990350
1467285041092758
1467285041195133
1467285041297569
1467285041399969
1467285041502382
1467285041707128
1467285041809535
1467285041911890
1467285042321605
1467285042628725
1467285042731136
1467285042833555
1467285042935949
1467285043140762
1467285043243153
1467285043345531
1467285043447973
1467285043550385
1467285043652777
1467285043755174
1467285043857579
1467285043959937
1467285044062337
1467285044164778
1467285044267196
1467285044369594
1467285044472006
1467285044984009
1467285045188838
1467285045291243
1467285045393641
1467285045495974
1467285045700842
1467285045803237
1467285046008057
1467285046110449
1467285046212809
1467285046417670
1467285046520041
1467285046622470
1467285046724885
1467285046827281
1467285047032073
1467285047134495
1467285047236886
1467285047339311
1467285047441794
1467285047544098
1467285047646467
1467285047748908
1467285047851308
1467285047953721
1467285048056071
1467285048158445
1467285048260825
1467285048465657
1467285048568075
1467285048670482
1467285048977695
1467285049080114
1467285049182445
1467285049284891
1467285049489699
1467285049592095
1467285049694513
1467285049796851
1467285050001722
1467285050104118
1467285050206547
1467285050308938
1467285050411277
1467285050820949
1467285050923347
1467285051027055
1467285051128164
1467285051230509
1467285051332971
1467285051435363
1467285051537760
1467285051640176
1467285051844972
1467285051947327
1467285052049781
1467285052561804
1467285052664201
1467285052766549
1467285052869009
1467285053073783
1467285053176222
1467285053278576
1467285053381031
1467285053483437
1467285053585827
1467285053688241
1467285053790637
1467285053893064
1467285054097843
1467285054200250
1467285054302677
1467285054405056
1467285054609810
1467285054712144
1467285054814616
1467285054917014
1467285055121845
1467285055224195
1467285055428970
1467285055531431
1467285055633827
1467285055838639
1467285055941055
1467285056043453
1467285056145801
1467285056248242
1467285056350660
1467285056862639
1467285056965077
1467285057169856
1467285057272302
1467285057374644
1467285057477102
1467285057579467
1467285057681906
1467285057886701
1467285057989117
1467285058193896
1467285058398721
1467285058501075
1467285058603534
1467285058705926
1467285058808358
1467285058910739
1467285059013111
1467285059217955
1467285059320294
1467285059422788
1467285059832389
1467285059934783
1467285060139625
1467285060241989
1467285060344348
1467285060446805
1467285060549204
1467285060754012
1467285060856407
1467285060958804
1467285061470739
1467285061573106
1467285061675578
1467285061777945
1467285061880387
1467285061982784
1467285062085180
1467285062187593
1467285062289989
1467285062494745
1467285062699600
1467285062802012
1467285062904355
1467285063006825
1467285063211576
1467285063313976
1467285063723594
1467285063826056
1467285064030848
1467285064133244
1467285064235662
1467285064338056
1467285064440453
1467285064645222
1467285064850077
1467285064952473
1467285065054844
1467285065157286
1467285065259693
1467285065362051
1467285065464495
1467285065566890
1467285065669308
1467285065771730
1467285065976532
1467285066078853
1467285066181306
1467285066283747
1467285066386136
1467285066488541
1467285066693333
1467285066795689
1467285066898140
1467285067000514
1467285067205351
1467285067307744
1467285067410163
1467285067512515
1467285067819702
1467285067922098
1467285068024516
1467285068331725
1467285068434126
1467285068536538
1467285068638927
1467285068741352
1467285068843753
1467285068946120
1467285069150957
1467285069253350
1467285069355768
1467285069560589
1467285069662914
1467285069765374
1467285069867733
1467285069970124
1467285070072521
1467285070277396
1467285070381036
1467285070482216
1467285070687013
1467285070789426
1467285070891839
1467285070994205
1467285071096635
1467285071199014
1467285071301413
1467285071403841
1467285071508161
1467285071608595
1467285071711033
1467285071813421
1467285072018262
1467285072223053
1467285072530228
1467285072939862
1467285073144649
1467285073247038
1467285073349500
1467285073451912
1467285073554306
1467285073656699
1467285073759070
1467285073861515
1467285073963896
1467285074066278
1467285074168736
1467285074271142
1467285074373393
1467285074475869
1467285074885475
1467285075090283
1467285075295056
1467285075397443
1467285075499897
1467285075602308
1467285075909518
1467285076011856
1467285076114329
1467285076216673
1467285076319128
1467285076523963
1467285076626329
1467285076831084
1467285076933542
1467285077035954
1467285077138367
1467285077240773
1467285077343141
1467285077650330
1467285077855168
1467285078059974
1467285078264784
1467285078572020
1467285078674333
1467285078776809
1467285079288850
1467285079391240
1467285079493640
1467285079595961
1467285079698432
1467285079800841
1467285080005637
1467285080210455
1467285080312802
1467285080722502
1467285080927205
1467285081234422
1467285081336811
1467285081439230
1467285081644040
1467285081746407
1467285081848848
1467285081951252
1467285082156059
1467285082463212
1467285082872904
1467285082975289
1467285083077686
1467285083180025
1467285083282502
1467285083692115
1467285083896868
1467285083999308
1467285084204115
1467285084306528
1467285084408936
1467285084716117
1467285085023354
1467285085125764
1467285085228101
1467285085432978
1467285085535368
1467285085637765
1467285085740142
1467285086047388
1467285086354599
1467285086559390
1467285086661740
1467285086764156
1467285087071366
1467285087173811
1467285087480956
1467285087583353
1467285087685782
1467285087992979
1467285088095340
1467285088197785
1467285088300187
1467285088402594
1467285088505035
1467285088914621
1467285089119412
1467285089221811
1467285089324225
1467285090143452
1467285090450670
1467285090860268
1467285090962833
1467285091269859
1467285091372288
1467285091781856
1467285092293872
1467285092498735
1467285092601124
1467285092703518
1467285092808288
1467285093010749
1467285093317956
1467285093522768
1467285093727559
1467285094137120
1467285094239516
1467285094341911
1467285094444332
1467285094751498
1467285094853960
1467285094956353
1467285095058747
1467285095365977
1467285095570765
1467285095673161
1467285095775561
1467285095877984
1467285096082774
1467285096185188
1467285096287583
1467285096389991
1467285096492428
1467285096594762
1467285096697181
1467285096799619
1467285097004411
1467285097106812
1467285097414023
1467285097618844
1467285097721228
1467285097823642
1467285097926041
1467285098028395
1467285098130833
1467285098233255
1467285098335624
1467285098438068
1467285098540468
1467285098745228
1467285098950066
1467285099052479
1467285099154873
1467285099257288
1467285099359689
1467285099462053
1467285099564468
1467285099666924
1467285100076526
1467285100178859
1467285100281308
1467285100588457
1467285100793290
1467285100895645
1467285101407701
1467285101510103
1467285101919674
1467285102124489
1467285102226914
1467285102329271
1467285102431692
1467285102534155
1467285102738935
1467285102841346
1467285103148548
1467285103250955
1467285103353352
1467285103660570
1467285103865339
1467285104070162
1467285104275005
1467285104582190
1467285104889417
1467285104991812
1467285105094220
1467285105196572
1467285105606240
1467285105708621
1467285105811066
1467285105913378
1467285106015838
1467285106118252
1467285106220654
1467285106324169
1467285106528482
1467285107039877
1467285107142222
1467285107346974
1467285107551834
1467285107859065
1467285107961383
1467285108063832
1467285108166256
1467285108268664
1467285108371050
1467285108575873
1467285108678320
1467285108883068
1467285108985478
1467285109087877
1467285109193523
1467285109395111
1467285109497501
1467285109804728
1467285110009518
1467285110111875
1467285110316712
1467285110419096
1467285110726650
1467285111340751
1467285111443130
1467285111750358
1467285111852774
1467285111955170
1467285112570440
1467285112671984
1467285112774399
1467285113286417
1467285113388845
1467285113491220
1467285113593643
1467285113695904
1467285113798389
1467285113900783
1467285114207999
1467285114412738
1467285114515193
1467285114617609
1467285114720033
1467285114822392
1467285114924810
1467285115027212
1467285115232034
1467285115334434
1467285115436842
1467285115539213
1467285115641645
1467285115948858
1467285116256040
1467285116460834
1467285116870418
1467285117075269
1467285117177664
1467285117280033
1467285117484878
1467285117689698
1467285117792104
1467285118099316
1467285118304138
1467285118406526
1467285118509098
1467285119020940
1467285119123339
1467285119227482
1467285119532913
1467285119737753
1467285119942567
1467285120044909
1467285120454482
1467285120556920
1467285120864125
