1467257274487055
1467257274702827
1467257274805237
1467257275101474
1467257275203813
1467257275521994
1467257275624365
1467257275920656
1467257276023007
1467257276240151
1467257276341182
1467257276443619
1467257277057997
1467257277160435
1467257277262844
1467257277456598
1467257277559021
1467257277661472
1467257277877267
1467257277979686
1467257278082085
1467257278275866
1467257278378232
1467257278480623
1467257278696504
1467257278798909
1467257279095071
1467257279198095
1467257279515702
1467257279618129
1467257279914304
1467257280016675
1467257280334922
1467257280437347
1467257280733489
1467257280835828
1467257281051706
1467257281154157
1467257281256524
1467257281450264
1467257281552665
1467257281655058
1467257281870929
1467257281973299
1467257282075740
1467257282269500
1467257282371885
1467257282474260
1467257282690102
1467257282792494
1467257283088638
1467257283191052
1467257283293433
1467257283509331
1467257283611740
1467257283907849
1467257284010276
1467257284328597
1467257284430973
1467257284727068
1467257284829490
1467257285147800
1467257285250179
1467257285546246
1467257285648672
1467257286069740
1467257286263076
1467257286365513
1467257286467931
1467257286683889
1467257286786230
1467257286888683
1467257287082326
1467257287184689
1467257287287067
1467257287503116
1467257287605517
1467257287901533
1467257288003932
1467257288322234
1467257288424654
1467257288720741
1467257288823150
1467257289039087
1467257289141439
1467257289243893
1467257289437480
1467257289539887
1467257289642348
1467257289858282
1467257289960725
1467257290063125
1467257290256700
1467257290359092
1467257290461536
1467257290677555
1467257290779962
1467257290882350
1467257291075934
1467257291178368
1467257291280758
1467257291496728
1467257291599184
1467257291895161
1467257291997557
1467257292315954
1467257292418429
1467257292714349
1467257292816719
1467257293032802
1467257293135226
1467257293237623
1467257293431096
1467257293533516
1467257293635953
1467257294059089
1467257294250366
1467257294352764
1467257294455161
1467257294671198
1467257294773567
1467257294879437
1467257295069578
1467257295171942
1467257295490394
1467257295592846
1467257295888788
1467257295991120
1467257296309658
1467257296412077
1467257296707931
1467257296810391
1467257297026493
1467257297128893
1467257297231332
1467257297424732
1467257297527183
1467257297629579
1467257297845727
1467257297948120
1467257298050535
1467257298243998
1467257298346400
1467257298448803
1467257298664955
1467257298767352
1467257298869690
1467257299063208
1467257299165610
1467257299267997
1467257299484119
1467257299586595
1467257299882368
1467257299984809
1467257300303419
1467257300405806
1467257300804016
1467257301020187
1467257301122574
1467257301224925
1467257301418389
1467257301520806
1467257301623175
1467257301839394
1467257302044186
1467257302237641
1467257302339958
1467257302442422
1467257302658573
1467257303056777
1467257303159229
1467257303477826
1467257303978429
1467257304297063
1467257304399457
1467257304695234
1467257304797589
1467257305013858
1467257305116291
1467257305218688
1467257305411978
1467257305514435
1467257305616833
1467257305833147
1467257305935498
1467257306037916
1467257306231220
1467257306333661
1467257306436058
1467257306652332
1467257306754729
1467257307050451
1467257307152866
1467257307471552
1467257307573920
1467257307869655
1467257307972040
1467257309610451
1467257309826791
1467257309929186
1467257310031583
1467257310224873
1467257310327279
1467257310429667
1467257310646005
1467257310748414
1467257311044078
1467257311146489
1467257311465200
1467257311567642
1467257311863270
1467257311965643
1467257312284458
1467257312386877
1467257312682482
1467257312784873
1467257313001272
1467257313103685
1467257313206099
1467257313399307
1467257313501653
1467257313604081
1467257313820523
1467257313922937
1467257314025310
1467257314218502
1467257314320895
1467257314423251
1467257314639628
1467257314742079
1467257315037717
1467257315140045
1467257315458863
1467257315561314
1467257315856852
1467257315959292
1467257316175729
1467257316278131
1467257316380540
1467257316573653
1467257316676053
1467257316778522
1467257317097356
1467257317199767
1467257317392877
1467257317495274
1467257317597733
1467257317814213
1467257317916582
1467257318212157
1467257318314521
1467257318633414
1467257318735811
1467257319031292
1467257319133734
1467257319350167
1467257319452635
1467257319554992
1467257319850479
1467257320169457
1467257320271856
1467257320374209
1467257320567300
1467257320669723
1467257320772126
1467257321193438
1467257321386509
1467257321488955
1467257321591288
1467257321807816
1467257321910252
1467257322205755
1467257322308096
1467257322627091
1467257323024904
1467257323127355
1467257323446310
1467257323548707
1467257323844145
1467257323946542
1467257324163087
1467257324265523
1467257324367934
1467257324560927
1467257324663375
1467257324765777
1467257324982361
1467257325084743
1467257325187162
1467257325380168
1467257325482519
1467257325584911
1467257325801600
1467257326301798
1467257326620812
1467257326723156
1467257327018565
1467257327120989
1467257327439936
1467257327542374
1467257327837745
1467257327940126
1467257328156747
1467257328259188
1467257328361610
1467257328554556
1467257328656937
1467257328759372
1467257328975988
1467257329078425
1467257329180814
1467257329373766
1467257329476190
1467257329578590
1467257330295384
1467257330614443
1467257330716877
1467257331012186
1467257331114543
1467257331433691
1467257331536107
1467257331831396
1467257332150484
1467257332252920
1467257332355339
1467257332548166
1467257332650573
1467257332753003
1467257332969755
1467257333074433
1467257333174567
1467257333367420
1467257333469823
1467257333572216
1467257333788989
1467257333891333
1467257333993731
1467257334186624
1467257334289024
1467257334391391
1467257334608086
1467257334710561
1467257335005816
1467257335108230
1467257335427364
1467257335529771
1467257335824996
1467257335927440
1467257338601886
1467257338704272
1467257338999441
1467257339101856
1467257339421088
1467257339523462
1467257340240273
1467257340957056
1467257341059479
1467257341161898
1467257341354607
1467257341878708
1467257341983196
1467257342378646
1467257342697941
1467257342993100
1467257343095430
1467257343197879
1467257343414775
1467257343812278
1467257344233980
1467257344336397
1467257344631453
1467257345155646
1467257345450689
1467257345553086
1467257345770008
1467257345872460
1467257345974802
1467257346167464
1467257346269895
1467257346372313
1467257346589273
1467257346691632
1467257346794091
1467257346986708
1467257347089107
1467257347191504
1467257347408389
1467257347510840
1467257347805844
1467257347908244
1467257349149296
1467257349444282
1467257349546712
1467257349763649
1467257349866110
1467257349968526
1467257350161099
1467257350263495
1467257350365920
1467257350582942
1467257350685354
1467257350787715
1467257350980333
1467257351082741
1467257351185130
1467257351402153
1467257351504568
1467257351799526
1467257351901938
1467257352221386
1467257352323755
1467257352618735
1467257352721135
1467257352938227
1467257353040578
1467257353143032
1467257353335525
1467257353437949
1467257353540295
1467257353757339
1467257353859782
1467257353962191
1467257354154722
1467257354257119
1467257354359527
1467257354576697
1467257354679019
1467257354781486
1467257354973911
1467257355076366
1467257355395835
1467257355498231
1467257355793151
1467257355895569
1467257356215096
1467257356317417
1467257356612359
1467257356714769
1467257357034315
1467257357136693
1467257357431570
1467257357533963
1467257357751136
1467257357853478
1467257357955922
1467257358148378
1467257358250718
1467257358353188
1467257358570335
1467257358672692
1467257358775107
1467257358967569
1467257359069984
1467257359389509
1467257359491948
1467257359786746
1467257359889174
1467257360208689
1467257360311129
1467257360605952
1467257360708353
1467257361027945
1467257361130361
1467257361425159
1467257361527590
1467257361744745
1467257361847175
1467257361949591
1467257362141982
1467257362244404
1467257362346795
1467257362563974
1467257362666406
1467257362768822
1467257362961165
1467257363063613
1467257363166007
1467257363383204
1467257363485645
1467257363588031
1467257363780406
1467257363985218
1467257364202468
1467257364304865
1467257364599607
1467257364702009
1467257365021637
1467257365124049
1467257365418760
1467257365521233
1467257365840862
1467257365943286
1467257366238038
1467257366340374
1467257366557692
1467257366762470
1467257366954800
1467257367057194
1467257367159638
1467257367376913
1467257367479318
1467257367773983
1467257367876450
1467257367978840
1467257368196142
1467257368298503
1467257368593256
1467257368695646
1467257369015361
1467257369117760
1467257369412446
1467257369514843
1467257369834589
1467257369936955
1467257370231665
1467257370334038
1467257370551379
1467257370653803
1467257370756219
1467257370948405
1467257371050862
1467257371153253
1467257371370599
1467257371472967
1467257371575450
1467257371767612
1467257371870070
1467257371972468
1467257372189804
1467257372292263
1467257372394674
1467257372586872
1467257372689257
1467257372791656
1467257373406016
1467257373508423
1467257373828211
1467257373930656
1467257374225284
1467257374327674
1467257374647472
1467257374749883
1467257375044504
1467257375146897
1467257375761217
1467257375863712
1467257375966091
1467257376183529
1467257376285925
1467257376580487
1467257376682857
1467257376785299
1467257377399706
1467257377502092
1467257377924337
1467257378218874
1467257378321298
1467257379038115
1467257379140453
1467257379754845
1467257379857342
1467257379959719
1467257380381992
1467257380574080
1467257380676517
1467257380778906
1467257381201221
1467257381393322
1467257381495718
1467257381598086
1467257381815660
1467257381918045
1467257382212491
1467257382314927
1467257383031697
1467257383134093
1467257383850888
1467257383953303
1467257384375695
1467257384567695
1467257384670090
1467257384772507
1467257385386949
1467257385489287
1467257385591711
1467257386206097
1467257386308769
1467257387025346
1467257387127760
1467257387844556
1467257387946965
1467257388561363
1467257388663761
1467257388766177
1467257388983791
1467257389188555
1467257389482938
1467257389585339
1467257389905396
1467257390199799
1467257390302177
1467257390404575
1467257391018991
1467257391121396
1467257391838196
1467257391940537
1467257392657327
1467257392759740
1467257392977455
1467257393374139
1467257393476539
1467257393578935
1467257394193353
1467257394295760
1467257394398158
1467257395012641
1467257395115012
1467257395435161
1467257395831831
1467257395934199
1467257396651012
1467257396753408
1467257396971195
1467257397367787
1467257397470220
1467257397572558
1467257398187035
1467257398289412
1467257398391791
1467257399006241
1467257399108593
1467257399211035
1467257399825406
1467257399928139
1467257400350396
1467257400644581
1467257400746996
1467257401463789
1467257401566183
1467257402282994
1467257402385396
1467257402808108
1467257402999830
1467257403102266
1467257403204656
1467257403422525
1467257403819058
1467257403921472
1467257404023820
1467257404344203
1467257404638286
1467257404740602
1467257405457431
1467257405559867
1467257405880246
1467257406276682
1467257406379075
1467257406993440
1467257407095890
1467257407198292
1467257407416196
1467257407812681
1467257407915101
1467257408017495
1467257408631853
1467257408734236
1467257408836699
1467257409451094
1467257409553491
1467257409873869
1467257410270306
1467257410372660
1467257410795538
1467257411089531
1467257411191872
1467257411409954
1467257411614773
1467257411806264
1467257411908667
1467257412011119
1467257412625514
1467257412727912
1467257412830327
1467257413444725
1467257413547087
1467257413867579
1467257414263912
1467257414366330
1467257415083142
1467257415185536
1467257415799905
1467257415902328
1467257416004744
1467257416619143
1467257416721536
1467257416823910
1467257417042024
1467257417438350
1467257417540704
1467257417861308
1467257418257518
1467257418359953
1467257418974315
1467257419076765
1467257419179163
1467257419793560
1467257419895956
1467257419998371
1467257420318913
1467257420612769
1467257420715162
1467257420817559
1467257421431935
1467257421534373
1467257422251224
1467257422353590
1467257423070392
1467257423172747
1467257423390961
1467257423787163
1467257423889537
1467257423991997
1467257424312662
1467257424606356
1467257424708755
1467257424811172
1467257425029476
1467257425425596
1467257425528144
1467257426244815
1467257426347222
1467257426770273
1467257427063991
1467257427166410
1467257427780798
1467257427883190
1467257427985622
1467257428306349
1467257428600019
1467257428702422
1467257428804826
1467257429419223
1467257429521624
1467257430238451
1467257430340790
1467257431057601
1467257431160040
1467257431774406
1467257431876848
1467257431979249
1467257432299977
1467257432593604
1467257432696056
1467257432798435
1467257433412860
1467257433515214
1467257433836038
1467257434232083
1467257434334485
1467257434757610
1467257434948852
1467257435051266
1467257435153665
1467257435372081
1467257435768143
1467257435870455
1467257435973092
1467257436587269
1467257436689632
1467257436792036
1467257437406440
1467257437508826
1467257438225688
1467257438328084
1467257438751395
1467257439044895
1467257439147289
1467257439365733
1467257439761674
1467257439865703
1467257439966437
1467257440580877
1467257440683324
1467257440785710
1467257441400055
1467257441502499
1467257441823415
1467257442219280
1467257442321662
1467257443038520
1467257443140857
1467257443359434
1467257443755277
1467257443857680
1467257443960137
1467257444178711
1467257444574467
1467257444676917
1467257444779334
1467257445393699
1467257445496124
1467257445817105
1467257446213147
1467257446315347
1467257447032148
1467257447134514
1467257447748899
1467257447851335
1467257447953750
1467257448568107
1467257448670543
1467257448772959
1467257449387348
1467257449489700
1467257449913233
1467257450206523
1467257450308960
1467257451025742
1467257451128113
1467257451844981
1467257451947340
1467257452268463
1467257452561733
1467257452664133
1467257452766567
1467257453190044
1467257453380928
1467257453483328
1467257453585713
1467257454200207
1467257454302572
1467257454623675
1467257455019394
1467257455121749
1467257455736166
1467257455838606
1467257455940946
1467257456159776
1467257456364586
1467257456555365
1467257456657818
1467257456760211
1467257457374566
1467257457477014
1467257457579398
1467257458193814
1467257458296221
1467257458617404
1467257458719795
1467257459013022
1467257459115419
1467257459539020
1467257459832228
1467257459934628
1467257460358197
1467257460549023
1467257460651374
1467257460753850
1467257460972615
1467257461368240
1467257461470627
1467257461573015
1467257462187440
1467257462289843
1467257462713524
1467257463006606
1467257463109045
1467257463825835
1467257463928253
1467257464147272
1467257464249589
1467257464542606
1467257464747434
1467257465361857
1467257465464254
1467257465566670
1467257466181064
1467257466283498
1467257467000229
1467257467102689
1467257467819479
1467257467921876
1467257468638672
1467257468741044
1467257468960067
1467257469355493
1467257469457865
1467257469560235
1467257469779265
1467257469881693
1467257470174635
1467257470277086
1467257470598526
1467257470993869
1467257471096302
1467257471417760
1467257471710657
1467257471813110
1467257471915510
1467257472529900
1467257472632300
1467257472734721
1467257473349112
1467257473451504
1467257473875293
1467257474168342
1467257474270685
1467257474592190
1467257474694588
1467257474885159
1467257474987510
1467257475089876
1467257475704335
1467257475806692
1467257475909130
1467257476128250
1467257476230665
1467257476523484
1467257476625922
1467257476947466
1467257477342730
1467257477445132
1467257478161942
1467257478264325
1467257478483439
1467257478585814
1467257478688261
1467257478878704
1467257478981150
1467257479083546
1467257479697927
1467257479800312
1467257479902766
1467257480121905
1467257480517152
1467257480619550
1467257480721937
1467257480941086
1467257481336359
1467257481438756
1467257482155572
1467257482257921
1467257482974716
1467257483077181
1467257483296480
1467257483398836
1467257483691544
1467257483793943
1467257483896382
1467257484510716
1467257484613195
1467257485330002
1467257485432377
1467257486149213
1467257486251597
1467257486470820
1467257486573202
1467257486865965
1467257486968403
1467257487290034
1467257487494899
1467257487787616
1467257487889952
1467257488504408
1467257488928529
1467257489323564
1467257489426003
1467257489850156
1467257490142837
1467257490245183
1467257490464559
1467257490669404
1467257490859578
1467257490962026
1467257491064440
1467257491386098
1467257491488550
1467257491678861
1467257491781188
1467257491883629
1467257492102960
1467257492307728
1467257492498003
1467257492600413
1467257492702798
1467257492922136
1467257493024559
1467257493317261
1467257493419649
1467257493741374
1467257493843841
1467257494136469
1467257494238841
1467257494458260
1467257494560658
1467257494853217
1467257494955631
1467257495058009
1467257495379884
1467257495482257
