1467085674085938
1467085674126844
1467085674147376
1467085674188353
1467085674208794
1467085674229291
1467085674249792
1467085674270256
1467085674311198
1467085674331676
1467085674372612
1467085674393108
1467085674413582
1467085674434131
1467085674495543
1467085674557003
1467085674577491
1467085674618478
1467085674638957
1467085674659418
1467085674679855
1467085674700340
1467085674741274
1467085674761751
1467085674802684
1467085674823161
1467085674843621
1467085674864111
1467085674884615
1467085674925577
1467085674946057
1467085674987042
1467085675007511
1467085675028604
1467085675048477
1467085675068958
1467085675089479
1467085675109940
1467085675130372
1467085675171342
1467085675191880
1467085675232832
1467085675253311
1467085675273805
1467085675294253
1467085675314786
1467085675355687
1467085675376161
1467085675417115
1467085675437605
1467085675458097
1467085675478602
1467085675499051
1467085675540024
1467085675560504
1467085675601511
1467085675621925
1467085675662862
1467085675683402
1467085675703922
1467085675724401
1467085675744849
1467085675785839
1467085675806262
1467085675826793
1467085675847214
1467085675867682
1467085675888207
1467085675908699
1467085675929216
1467085675970171
1467085675990554
1467085676031544
1467085676051975
1467085676072525
1467085676092998
1467085676113465
1467085676133961
1467085676154439
1467085676174868
1467085676215850
1467085676236369
1467085676297833
1467085676318290
1467085676359189
1467085676379683
1467085676400187
1467085676420643
1467085676461670
1467085676482114
1467085676502593
1467085676523072
1467085676543533
1467085676584563
1467085676605030
1467085676646002
1467085676707440
1467085676727949
1467085676748353
1467085676768841
1467085676789324
1467085676830277
1467085676850759
1467085676871360
1467085676912202
1467085676932733
1467085676953211
1467085676973640
1467085677014586
1467085677035115
1467085677076074
1467085677096552
1467085677117032
1467085677137547
1467085677157998
1467085677178523
1467085677219434
1467085677260386
1467085677280885
1467085677321782
1467085677342257
1467085677362728
1467085677403753
1467085677424175
1467085677444715
1467085677465191
1467085677506148
1467085677526629
1467085677547108
1467085677567579
1467085677588106
1467085677608550
1467085677629034
1467085677649468
1467085677690424
1467085677710935
1467085677751867
1467085677772369
1467085677792865
1467085677813382
1467085677833861
1467085677874773
1467085677895275
1467085677915744
1467085677936245
1467085677956753
1467085677977236
1467085677997712
1467085678018195
1467085678059160
1467085678079640
1467085678120608
1467085678141088
1467085678161537
1467085678182011
1467085678223004
1467085678243485
1467085678263950
1467085678304892
1467085678325420
1467085678386811
1467085678407307
1467085678427784
1467085678448249
1467085678489276
1467085678509754
1467085678550659
1467085678571140
1467085678591612
1467085678612053
1467085678632532
1467085678653048
1467085678673543
1467085678694032
1467085678734921
1467085678755466
1467085678816906
1467085678837379
1467085678857824
1467085678878296
1467085678919257
1467085678939727
1467085678960216
1467085678980694
1467085679001233
1467085679021710
1467085679062692
1467085679103646
1467085679124097
1467085679165089
1467085679185565
1467085679206065
1467085679226631
1467085679247024
1467085679267504
1467085679287983
1467085679308461
1467085679349422
1467085679369849
1467085679410883
1467085679431359
1467085679451801
1467085679472316
1467085679492814
1467085679533761
1467085679554254
1467085679595213
1467085679636166
1467085679677135
1467085679718106
1467085679738586
1467085679779552
1467085679800058
1467085679840947
1467085679861433
1467085679881896
1467085679902391
1467085679922787
1467085680004773
1467085680025252
1467085680045728
1467085680066213
1467085680086634
1467085680107111
1467085680148086
1467085680168574
1467085680209583
1467085680230066
1467085680250530
1467085680271003
1467085680291474
1467085680311956
1467085680332470
1467085680393859
1467085680414398
1467085680475852
1467085680496281
1467085680516762
1467085680537240
1467085680578208
1467085680598701
1467085680639618
1467085680660192
1467085680680652
1467085680701150
1467085680721596
1467085680762540
1467085680824022
1467085680844469
1467085680885425
1467085680905911
1467085680926442
1467085680946922
1467085680967341
1467085680987833
1467085681008313
1467085681028806
1467085681069784
1467085681090278
1467085681110780
1467085681131252
1467085681151700
1467085681192694
1467085681213191
1467085681254054
1467085681274565
1467085681295020
1467085681315490
1467085681335970
1467085681356421
1467085681376903
1467085681438363
1467085681458831
1467085681520282
1467085681540755
1467085681561296
1467085681581757
1467085681602243
1467085681622679
1467085681643238
1467085681684191
1467085681704668
1467085681725154
1467085681745636
1467085681766126
1467085681827591
1467085681868548
1467085681888951
1467085681909438
1467085681929961
1467085681950443
1467085681991403
1467085682011869
1467085682032375
1467085682052858
1467085682093841
1467085682134793
1467085682175776
1467085682196234
1467085682237194
1467085682257671
1467085682298600
1467085682319084
1467085682339556
1467085682360072
1467085682400986
1467085682442006
1467085682482937
1467085682503410
1467085682544324
1467085682564836
1467085682605797
1467085682626244
1467085682667187
1467085682687671
1467085682749140
1467085682769621
1467085682790103
1467085682810617
1467085682851533
1467085682872012
1467085682912965
1467085682933524
1467085682974464
1467085682994943
1467085683015377
1467085683035865
1467085683097271
1467085683117785
1467085683138257
1467085683158756
1467085683179209
1467085683199715
1467085683220234
1467085683240682
1467085683281667
1467085683302139
1467085683343082
1467085683363637
1467085683384087
1467085683404509
1467085683425048
1467085683445568
1467085683465993
1467085683486471
1467085683527416
1467085683547892
1467085683588846
1467085683609330
1467085683629831
1467085683650309
1467085683670808
1467085683691282
1467085683711798
1467085683732290
1467085683773246
1467085683793732
1467085683814229
1467085683834691
1467085683855088
1467085683875584
1467085683896006
1467085683957508
1467085683998415
1467085684018965
1467085684039394
1467085684059874
1467085684080336
1467085684100831
1467085684141792
1467085684182786
1467085684203257
1467085684223748
1467085684244222
1467085684264699
1467085684285209
1467085684326124
1467085684346651
1467085684387632
1467085684408058
1467085684428543
1467085684490026
1467085684510444
1467085684530928
1467085684571897
1467085684633326
1467085684653850
1467085684674360
1467085684776781
1467085684817747
1467085684858706
1467085684879120
1467085684899600
1467085684940579
1467085685002030
1467085685022542
1467085685063505
1467085685084002
1467085685104466
1467085685124963
1467085685145442
1467085685186279
1467085685206766
1467085685247723
1467085685288698
1467085685309182
1467085685329681
1467085685370650
1467085685391164
1467085685432063
1467085685452551
1467085685514064
1467085685534527
1467085685555007
1467085685636888
1467085685677880
1467085685698380
1467085685718878
1467085685739350
1467085685759838
1467085685800794
1467085685821259
1467085685862233
1467085685882715
1467085685923616
1467085685944102
1467085685985107
1467085686005589
1467085686046567
1467085686066976
1467085686128434
1467085686148911
1467085686169387
1467085686210369
1467085686251382
1467085686271874
1467085686292339
1467085686353718
1467085686374197
1467085686415158
1467085686435650
1467085686476568
1467085686497053
1467085686517535
1467085686537985
1467085686558480
1467085686578949
1467085686599432
1467085686619943
1467085686660900
1467085686681383
1467085686742802
1467085686763339
1467085686804284
1467085686845255
1467085686865725
1467085686906728
1467085686927149
1467085686947645
1467085686968107
1467085686988661
1467085687050050
1467085687091005
1467085687131956
1467085687152452
1467085687172936
1467085687193392
1467085687213910
1467085687234391
1467085687275376
1467085687295833
1467085687316358
1467085687357241
1467085687377756
1467085687398276
1467085687418753
1467085687459673
1467085687480194
1467085687521153
1467085687541654
1467085687562104
1467085687582556
1467085687603032
1467085687623519
1467085687664481
1467085687684982
1467085687705454
1467085687746440
1467085687766912
1467085687787326
1467085687807839
1467085687828309
1467085687848766
1467085687869242
1467085687889755
1467085687910260
1467085687992170
1467085688012650
1467085688033089
1467085688053581
1467085688074107
1467085688094584
1467085688135498
1467085688156029
1467085688196984
1467085688217432
1467085688237946
1467085688258444
1467085688319889
1467085688340296
1467085688360772
1467085688381243
1467085688401755
1467085688422213
1467085688442696
1467085688463206
1467085688504215
1467085688524694
1467085688565652
1467085688586132
1467085688606631
1467085688627094
1467085688647584
1467085688668004
1467085688688491
1467085688749973
1467085688770410
1467085688811370
1467085688831853
1467085688852340
1467085688893304
1467085688934260
1467085689016181
1467085689036664
1467085689057139
1467085689077628
1467085689098044
1467085689118526
1467085689139017
1467085689179960
1467085689200503
1467085689241462
1467085689261904
1467085689282409
1467085689302891
1467085689323352
1467085689364379
1467085689384816
1467085689405304
1467085689487254
1467085689507696
1467085689548648
1467085689569148
1467085689610101
1467085689630580
1467085689651057
1467085689671535
1467085689692015
1467085689712516
1467085689732993
1467085689753507
1467085689794436
1467085689814950
1467085689855957
1467085689876421
1467085689896913
1467085689917339
1467085689937808
1467085689978767
1467085689999298
1467085690060660
1467085690081162
1467085690101619
1467085690163079
1467085690224519
1467085690245002
1467085690265486
1467085690306522
1467085690327007
1467085690347455
1467085690367965
1467085690388449
1467085690408812
1467085690429340
1467085690449787
1467085690470223
1467085690490745
1467085690531757
1467085690552233
1467085690593162
1467085690613630
1467085690654584
1467085690675056
1467085690695544
1467085690757009
1467085690777456
1467085690818437
1467085690838916
1467085690900388
1467085690920851
1467085690941391
1467085690961800
1467085691023276
1467085691043756
1467085691084661
1467085691105160
1467085691125640
1467085691166625
1467085691187094
1467085691207587
1467085691228069
1467085691269028
1467085691289510
1467085691350962
1467085691371456
1467085691391939
1467085691412480
1467085691473873
1467085691494364
1467085691535290
1467085691555795
1467085691637714
1467085691658181
1467085691699140
1467085691719560
1467085691740075
1467085691760547
1467085691781033
1467085691801564
1467085691822005
1467085691842475
1467085691883422
1467085691903889
1467085691924379
1467085691944890
1467085691985813
1467085692006359
1467085692026840
1467085692047287
1467085692067782
1467085692088266
1467085692129207
1467085692190671
1467085692211140
1467085692252088
1467085692272567
1467085692334022
1467085692354532
1467085692375009
1467085692415949
1467085692436404
1467085692456915
1467085692497890
1467085692518369
1467085692538832
1467085692579803
1467085692600274
1467085692620757
1467085692641255
1467085692682225
1467085692702679
1467085692784594
1467085692805082
1467085692825555
1467085692846061
1467085692887017
1467085692927984
1467085692989406
1467085693030367
1467085693050796
1467085693071309
1467085693112320
1467085693132783
1467085693194211
1467085693214709
1467085693235108
1467085693276105
1467085693296574
1467085693317084
1467085693358017
1467085693419454
1467085693439948
1467085693460436
1467085693480906
1467085693501440
1467085693542401
1467085693562881
1467085693603805
1467085693624307
1467085693644757
1467085693726688
1467085693747178
1467085693808623
1467085693829101
1467085693849573
1467085693870063
1467085693911036
1467085693931513
1467085693972508
1467085694033899
1467085694054379
1467085694115821
1467085694156801
1467085694177267
1467085694218247
1467085694238707
1467085694259188
1467085694279661
1467085694341078
1467085694361572
1467085694402564
1467085694422988
1467085694463942
1467085694525418
1467085694545942
1467085694586880
1467085694607322
1467085694627825
1467085694648308
1467085694668785
1467085694689273
1467085694730234
1467085694771187
1467085694791656
1467085694832652
1467085694853103
1467085694873590
1467085694894042
1467085694935038
1467085694955518
1467085694976014
1467085695037458
1467085695078461
1467085695098917
1467085695119407
1467085695139900
1467085695201340
1467085695283227
1467085695303702
1467085695324182
1467085695344667
1467085695447063
1467085695508519
1467085695549500
1467085695570008
1467085695590480
1467085695631416
1467085695651830
1467085695672300
1467085695692790
1467085695713264
1467085695754223
1467085695815680
1467085695897612
1467085695918083
1467085695938582
1467085695959040
1467085695979514
1467085695999989
1467085696061508
1467085696081961
1467085696122943
1467085696143422
1467085696184328
1467085696204825
1467085696245797
1467085696266279
1467085696307225
1467085696327700
1467085696368666
1467085696389164
1467085696430122
1467085696512043
1467085696573489
1467085696593949
1467085696614449
1467085696655404
1467085696675873
1467085696696371
1467085696716859
1467085696737308
1467085696778286
1467085696798768
1467085696819245
1467085696880753
1467085696921650
1467085696942197
1467085696983035
1467085697003531
1467085697024019
1467085697044522
1467085697105989
1467085697187879
1467085697249322
1467085697290275
1467085697392683
1467085697413181
1467085697433667
1467085697495115
1467085697781826
1467085697802291
1467085697822782
1467085697843258
1467085697863781
1467085697904778
1467085697925212
1467085697966214
1467085698007128
1467085698027657
1467085698048152
1467085698068627
1467085698109558
1467085698150550
1467085698211933
1467085698252915
1467085698621531
1467085698662502
1467085698723910
1467085698764872
1467085698785363
1467085698826332
1467085698867295
1467085698887764
1467085698949220
1467085698969702
1467085699031161
1467085699072109
1467085699092632
1467085699133526
1467085699154014
1467085699215453
1467085699256431
1467085699276902
1467085699338325
1467085699440787
1467085699584069
1467085699645508
1467085699686456
1467085699706929
1467085699747925
1467085699809348
1467085699850314
1467085699870788
1467085699891362
1467085699911837
1467085700096174
1467085700116567
1467085700157575
1467085700178032
1467085700198524
1467085700239497
1467085700260047
1467085700300937
1467085700321426
1467085700382868
1467085700423814
1467085700464790
1467085700505745
1467085700526216
1467085700567212
1467085700690089
1467085700731035
1467085700751527
1467085700771979
1467085700792486
1467085700894834
1467085700915310
1467085700935790
1467085700956262
1467085700976820
1467085700997295
1467085701038200
1467085701099655
1467085701120139
1467085701140604
1467085701181562
1467085701202067
1467085701222532
1467085701243017
1467085701283978
1467085701304455
1467085701345412
1467085701386411
1467085701406849
1467085701468362
1467085701529782
1467085701550250
1467085701570728
1467085701591184
1467085701611683
1467085701652620
1467085701714060
1467085701734547
1467085701775512
1467085701796012
1467085701816578
1467085701836969
1467085701898440
1467085701939437
1467085701959954
1467085701980421
1467085702000882
1467085702021300
1467085702103295
1467085702164706
1467085702226108
1467085702266990
1467085702287495
1467085702328472
1467085702410381
1467085702430879
1467085702451343
1467085702471846
1467085702512780
1467085702533280
1467085702574351
1467085702615275
1467085702635677
1467085702697192
1467085702717672
1467085702758567
1467085702779045
1467085702799524
1467085702820010
1467085702840482
1467085702881470
1467085702942913
1467085702963365
1467085703004338
1467085703024816
1467085703045303
1467085703065809
1467085703127295
1467085703147776
1467085703188735
1467085703229648
1467085703270628
1467085703291080
1467085703332038
1467085703373001
1467085703393475
1467085703434455
1467085703454941
1467085703475420
1467085703495891
1467085703557282
1467085703577760
1467085703639282
1467085703659763
1467085703680237
1467085703700711
1467085703741622
1467085703762100
1467085703803083
1467085703864512
1467085703885028
1467085703946452
1467085703987417
1467085704007890
1467085704069324
1467085704089860
1467085704110337
1467085704171801
1467085704192278
1467085704253660
1467085704274152
1467085704315124
1467085704417526
1467085704437986
1467085704478941
1467085704499459
1467085704519931
1467085704560879
1467085704683809
1467085704724741
1467085704745211
1467085704786161
1467085704806641
1467085704827063
1467085704847557
1467085704909010
1467085704929493
1467085704949967
1467085704970577
1467085704990995
1467085705031881
1467085705072850
1467085705093346
1467085705113848
1467085705134328
1467085705216252
1467085705236711
1467085705277660
1467085705298139
1467085705318635
1467085705339096
1467085705359590
1467085705380053
1467085705400533
1467085705421026
