1467379158588409
1467379158690828
1467379158793220
1467379159202808
1467379159407569
1467379159509972
1467379159612381
1467379159817162
1467379159919576
1467379160021973
1467379160124412
1467379160431635
1467379160534017
1467379160738750
1467379160841223
1467379160943629
1467379161046016
1467379161148343
1467379161250808
1467379161353206
1467379161455620
1467379161558010
1467379161660434
1467379161762769
1467379161865208
1467379161967621
1467379162070015
1467379162172412
1467379162274750
1467379162377204
1467379162479622
1467379162581985
1467379162684401
1467379162786815
1467379162889176
1467379163298808
1467379163401184
1467379163503600
1467379163605975
1467379163708414
1467379163913202
1467379164015541
1467379164220412
1467379164322763
1467379164425200
1467379164527553
1467379164629987
1467379164732372
1467379164834778
1467379165039583
1467379165141956
1467379165244380
1467379165346785
1467379165653995
1467379165756349
1467379165858808
1467379165961204
1467379166063576
1467379166268395
1467379166370759
1467379166476091
1467379166575596
1467379166677998
1467379166882761
1467379166985212
1467379167087568
1467379167394788
1467379167599602
1467379167701995
1467379167906786
1467379168009160
1467379168111601
1467379168213937
1467379168316395
1467379168418788
1467379168521140
1467379168623599
1467379168725945
1467379168828341
1467379169033144
1467379169237924
1467379169442746
1467379169545162
1467379169647556
1467379169749953
1467379169852349
1467379169954745
1467379170057185
1467379170159542
1467379170261949
1467379170364334
1467379170466797
1467379170569191
1467379170671581
1467379170773937
1467379170876350
1467379170978755
1467379171081159
1467379171183579
1467379171388393
1467379171490789
1467379171593184
1467379171798000
1467379172207581
1467379172514807
1467379172617185
1467379172719591
1467379172821952
1467379172924393
1467379173129144
1467379173436395
1467379173641139
1467379173743578
1467379173845978
1467379173948391
1467379174050789
1467379174255537
1467379174357946
1467379174460404
1467379174562739
1467379174767583
1467379174869973
1467379174972361
1467379175074791
1467379175177141
1467379175381980
1467379175484331
1467379175586788
1467379175689184
1467379175791594
1467379175893973
1467379175996331
1467379176098785
1467379176201188
1467379176405934
1467379176508378
1467379176610769
1467379176713205
1467379176815520
1467379176917973
1467379177020394
1467379177122727
1467379177225108
1467379177327551
1467379177429943
1467379177532352
1467379177634767
1467379177737185
1467379177839545
1467379177941945
1467379178146739
1467379178351582
1467379178453947
1467379178556322
1467379178658767
1467379178761202
1467379179069511
1467379179170752
1467379179273125
1467379179375533
1467379179477975
1467379179580376
1467379179682724
1467379179785111
1467379180092375
1467379180194777
1467379180297126
1467379180399534
1467379180501975
1467379180604318
1467379180706769
1467379180809108
1467379181013940
1467379181116377
1467379181218765
1467379181321164
1467379181423526
1467379181525926
1467379181628375
1467379181730774
1467379181833166
1467379182242727
1467379182345168
1467379182549937
1467379182652307
1467379182754712
1467379183061956
1467379183266880
1467379183471505
1467379183573970
1467379183676329
1467379183778726
1467379183881166
1467379183983560
1467379184085959
1467379184290726
1467379184393165
1467379184597964
1467379184700353
1467379184802789
1467379184905112
1467379185007546
1467379185109953
1467379185212355
1467379185417117
1467379185519536
1467379185621917
1467379185724361
1467379185826780
1467379185929114
1467379186031563
1467379186133959
1467379186236352
1467379186441163
1467379186543565
1467379186645960
1467379186748352
1467379186850751
1467379186953163
1467379187157977
1467379187260354
1467379187362711
1467379187465146
1467379187669967
1467379187772320
1467379187874740
1467379187977177
1467379188079547
1467379188181958
1467379188284356
1467379188386750
1467379188489163
1467379188591507
1467379188693960
1467379188796332
1467379188898747
1467379189001143
1467379189103553
1467379189205916
1467379189308325
1467379189410688
1467379189513148
1467379189615514
1467379189820303
1467379189922705
1467379190025145
1467379190127483
1467379190229958
1467379190434751
1467379190537107
1467379190639499
1467379190741937
1467379190844372
1467379190946755
1467379191049087
1467379191151511
1467379191253864
1467379191356287
1467379191458724
1467379191663572
1467379191765891
1467379192073088
1467379192175544
1467379192277938
1467379192380340
1467379192789905
1467379193404302
1467379193609094
1467379193711542
1467379193813944
1467379194018749
1467379194325900
1467379194428315
1467379194530758
1467379194837911
1467379194940359
1467379195042686
1467379195145098
1467379195247546
1467379195349955
1467379195452313
1467379195554729
1467379195759488
1467379195861964
1467379195964269
1467379196169143
1467379196373901
1467379196476285
1467379196578735
1467379196681125
1467379196783536
1467379196885941
1467379196988308
1467379197193125
1467379197295492
1467379197397941
1467379197705137
1467379197807542
1467379197909937
1467379198012304
1467379198114702
1467379198217128
1467379198319539
1467379198421925
1467379198524329
1467379198626747
1467379198729131
1467379198831539
1467379199036332
1467379199138699
1467379199241137
1467379199343521
1467379199445939
1467379199548300
1467379199650730
1467379199753127
1467379199855500
1467379199957923
1467379200060336
1467379200162735
1467379200265128
1467379200367469
1467379200469919
1467379200572258
1467379200674693
1467379200777075
1467379200879527
1467379200981931
1467379201084348
1467379201186742
1467379201289068
1467379201391516
1467379201596344
1467379201698731
1467379201801126
1467379201903466
1467379202005859
1467379202108314
1467379202210695
1467379202415521
1467379202620314
1467379202825095
1467379202927472
1467379203029883
1467379203234712
1467379203337090
1467379203439464
1467379203541891
1467379203644314
1467379203746714
1467379203849128
1467379203951489
1467379204053918
1467379204156259
1467379204258745
1467379204361109
1467379204463465
1467379204565859
1467379204770712
1467379204873067
1467379205077922
1467379205180319
1467379205282669
1467379205385109
1467379205487486
1467379205692274
1467379205794671
1467379205897070
1467379205999504
1467379206101895
1467379206306711
1467379206409052
1467379206511506
1467379206613928
1467379206818684
1467379206921065
1467379207023504
1467379207228275
1467379207330709
1467379207433073
1467379207535484
1467379207740315
1467379208252256
1467379208354712
1467379208457123
1467379208559448
1467379208661907
1467379208764315
1467379208866858
1467379208969107
1467379209071503
1467379209173917
1467379209276254
1467379209481107
1467379209583463
1467379209685905
1467379209788295
1467379209890721
1467379209993140
1467379210197906
1467379210300312
1467379210505104
1467379210607618
1467379210709897
1467379210812295
1467379211017108
1467379211119501
1467379211221856
1467379211324302
1467379211426690
1467379211529128
1467379211631503
1467379211733920
1467379211836320
1467379211938687
1467379212041108
1467379212143552
1467379212245858
1467379212450703
1467379212553121
1467379212655463
1467379212757898
1467379212860293
1467379212962691
1467379213065087
1467379213269896
1467379213372266
1467379213884266
1467379213986657
1467379214089073
1467379214191480
1467379214293864
1467379214396300
1467379214498691
1467379214601088
1467379214703503
1467379214805856
1467379214908296
1467379215010690
1467379215215461
1467379215317862
1467379215420293
1467379215522633
1467379215625046
1467379215727512
1467379215829853
1467379215932294
1467379216034634
1467379216137042
1467379216239442
1467379216341896
1467379216444302
1467379216546663
1467379216649066
1467379216751482
1467379216956248
1467379217058689
1467379217161090
1467379217263439
1467379217365864
1467379217468278
1467379217673047
1467379217775484
1467379217877903
1467379217980238
1467379218082688
1467379218185061
1467379218287447
1467379218389816
1467379218492306
1467379218594693
1467379218799501
1467379218901878
1467379219004253
1467379219106704
1467379219209070
1467379219311488
1467379219516295
1467379219618689
1467379219721025
1467379219823487
1467379219925822
1467379220130672
1467379220233086
1467379220437851
1467379220540237
1467379220642656
1467379220745111
1467379220847501
1467379220949883
1467379221052273
1467379221154650
1467379221359446
1467379221461904
1467379221564273
1467379221666636
1467379221769071
1467379221871502
1467379221973886
1467379222178610
1467379222281042
1467379222383503
1467379222588272
1467379222690645
1467379222793069
1467379222895423
1467379222997883
1467379223100220
1467379223202674
1467379223407441
1467379223612280
1467379223714640
1467379223817049
1467379223919471
1467379224021846
1467379224124257
1467379224329071
1467379224431425
1467379224533885
1467379224636280
1467379224738649
1467379224841047
1467379225045880
1467379225250674
1467379225455414
1467379225557849
1467379225660293
1467379225762650
1467379225865018
1467379225967417
1467379226069859
1467379226172214
1467379226274633
1467379226377067
1467379226479470
1467379226581882
1467379226684274
1467379226786640
1467379226889065
1467379226991466
1467379227093862
1467379227196273
1467379227298674
1467379227401070
1467379227605804
1467379227708236
1467379228220220
1467379228425067
1467379228527472
1467379228629818
1467379228732238
1467379228834673
1467379228937084
1467379229039431
1467379229141861
1467379229244220
1467379229449070
1467379229551462
1467379229653817
1467379229756204
1467379229858653
1467379230063475
1467379230165863
1467379230268260
1467379230370600
1467379230473006
1467379230575437
1467379230780199
1467379230882653
1467379230985001
1467379231087471
1467379231189808
1467379231292200
1467379231394619
1467379231497063
1467379231599444
1467379231804198
1467379231906650
1467379232009013
1467379232111450
1467379232213861
1467379232316233
1467379232418653
1467379232521045
1467379232623382
1467379232725799
1467379232828208
1467379232930653
1467379233033026
1467379233135403
1467379233442595
1467379233544996
1467379233749860
1467379233852214
1467379233954598
1467379234057047
1467379234159391
1467379234261783
1467379234364259
1467379234466680
1467379234671442
1467379234773787
1467379234876224
1467379234978628
1467379235081048
1467379235183415
1467379235285812
1467379235593066
1467379235695417
1467379235797841
1467379236514597
1467379236617011
1467379237128993
1467379237845837
1467379237948238
1467379238050620
1467379238153051
1467379238255429
1467379238357842
1467379238460242
1467379238767444
1467379238972202
1467379239074589
1467379239381806
1467379239484220
1467379239586633
1467379239689005
1467379239791456
1467379239893844
1467379239996238
1467379240098634
1467379240201049
1467379240303453
1467379240405783
1467379240508198
1467379240610617
1467379240713039
1467379240815395
1467379240917849
1467379241020252
1467379241122596
1467379241225030
1467379241327382
1467379241429843
1467379241532184
1467379241634635
1467379241737035
1467379241839369
1467379241941841
1467379242146643
1467379242248986
1467379242351423
1467379242556201
1467379242658669
1467379242761009
1467379242965787
1467379243068239
1467379243170632
1467379243272972
1467379243375390
1467379243477821
1467379243580240
1467379243682633
1467379243785041
1467379243887391
1467379243989851
1467379244399437
1467379244501824
1467379244604170
1467379244706618
1467379244809394
1467379244911426
1467379245013841
1467379245116189
1467379245218633
1467379245320985
1467379245423425
1467379245525782
1467379245628216
1467379245730632
1467379245833028
1467379245935372
1467379246037787
1467379246140219
1467379246242580
1467379246345029
1467379246447428
1467379246549770
1467379246754632
1467379246857027
1467379247061782
1467379247266580
1467379247471385
1467379247573780
1467379247676286
1467379247778612
1467379247880975
1467379248090219
1467379248188218
1467379248290583
1467379248393029
1467379248700214
1467379248802578
1467379249008364
1467379249109826
1467379249212217
1467379249314610
1467379249416981
1467379249519429
1467379249724221
1467379250440978
1467379250645773
1467379250748218
1467379250850613
1467379250953012
1467379251055379
1467379251157780
1467379251465012
1467379251567402
1467379251669781
1467379251772166
1467379251874612
1467379251977016
1467379252079360
1467379252181804
1467379252284169
1467379252386617
1467379252489010
1467379252591411
1467379252693812
1467379252796225
1467379252898614
1467379253001007
1467379253103404
1467379253205761
1467379253410611
1467379253513021
1467379253615413
1467379253717800
1467379253820183
1467379253922555
1467379254127363
1467379254229816
1467379254434586
1467379254536985
1467379254639378
1467379255970539
1467379256277770
1467379256380167
1467379256687364
1467379256789762
1467379256892197
1467379256994558
1467379257096950
1467379257199375
1467379257404142
1467379257506536
1467379257608937
1467379257711352
1467379257813745
1467379257916219
1467379258018605
1467379258120990
1467379258223351
1467379258325751
1467379258428159
1467379258530601
1467379258632990
1467379258735389
1467379258837767
1467379258940160
1467379259144987
1467379259247387
1467379259349746
1467379259452149
1467379259554596
1467379259861800
1467379259964209
1467379260066597
1467379260168945
1467379260271386
1467379260373802
1467379260476157
1467379260578596
1467379260680988
1467379260783386
1467379260885791
1467379260988153
1467379261090593
1467379261192947
1467379261295350
1467379261397797
1467379261602597
1467379261704960
1467379261807387
1467379261909742
1467379262114597
1467379262216991
1467379262319391
1467379262421758
1467379262524196
1467379262629191
1467379262831324
1467379263036182
1467379263138535
1467379263548113
1467379263650537
1467379263752939
1467379263855348
1467379263957729
1467379264060191
1467379264162549
1467379264265004
1467379264367383
1467379264572157
1467379264776916
1467379264879383
1467379264981778
1467379265084262
1467379265186574
1467379265288943
1467379265391347
1467379265493801
1467379265596151
1467379265698576
1467379265800994
1467379265903387
1467379266005726
1467379266108178
1467379266210587
1467379266312992
1467379266415357
1467379266517803
1467379266620203
1467379266722518
1467379266824958
1467379266927340
1467379267029724
1467379267132153
1467379267234519
1467379267336912
1467379267439328
1467379267541767
1467379267644193
1467379267746551
1467379267848926
1467379267951394
1467379268053755
1467379268156138
1467379268258572
1467379268360936
1467379268463387
1467379268565766
1467379268668181
1467379268770544
1467379268975389
1467379269077706
1467379269180150
1467379269282560
1467379269384978
1467379269487335
1467379269589744
1467379269692183
1467379269794574
1467379269896973
1467379270101767
1467379270204129
1467379270306572
1467379270613726
1467379270716223
1467379270818582
1467379270920974
1467379271023368
1467379271125712
1467379271228162
1467379271330592
1467379271432972
1467379271535372
1467379271637731
1467379271740161
1467379271944933
1467379272047305
1467379272149701
1467379272252114
1467379272456943
1467379272559329
1467379272661764
1467379272764157
1467379272866554
1467379272968953
1467379273071375
1467379273173762
1467379273378501
1467379273480970
1467379273583311
1467379273685774
1467379273788101
1467379273992926
1467379274095300
1467379274197728
1467379274300160
1467379274504892
1467379274709719
1467379274812286
1467379274914555
1467379275119368
1467379275221714
1467379275324116
1467379275528950
1467379275631349
1467379275733737
1467379276040918
1467379276143347
1467379276552950
1467379276655311
1467379276757764
1467379276860160
1467379276962556
1467379277064954
1467379277167295
1467379277269691
1467379277372161
1467379277474556
1467379277576922
1467379277679344
1467379277781743
1467379277884183
1467379277986570
1467379278088920
1467379278191348
1467379278293727
1467379278498523
1467379278600958
1467379278703348
1467379278805688
1467379278908141
1467379279010558
1467379279112964
1467379279215304
1467379279317766
1467379279420139
1467379279522501
1467379279624975
1467379279727346
1467379279829698
1467379279932119
1467379280034556
1467379280136896
1467379280239306
1467379280341749
1467379280648951
1467379280853717
1467379280956093
1467379281058485
1467379281365712
1467379281468147
1467379281570508
1467379281672913
1467379281775349
1467379281877742
1467379281980118
1467379282082535
1467379282184902
1467379282389690
1467379282594485
1467379282696976
1467379282901752
1467379283004152
1467379283106536
1467379283208882
1467379283311348
1467379283413698
1467379283618543
1467379283823349
1467379284028109
1467379284130492
1467379284232903
1467379284335345
1467379284437701
1467379284540143
1467379284642512
1467379284744896
1467379284847350
1467379285052098
1467379285154480
1467379285256932
1467379285461685
1467379285666505
1467379285768934
1467379285871286
1467379286076095
1467379286178485
1467379286383278
1467379286485697
1467379286690489
1467379286792928
1467379286895325
1467379286997725
1467379287202479
1467379287304933
