1467322689443762
1467322689546103
1467322689648495
1467322689750797
1467322689853181
1467322689955502
1467322690059948
1467322690160662
1467322690264052
1467322690364834
1467322690467155
1467322690572323
1467322690673983
1467322690774888
1467322690878365
1467322690983418
1467322691081307
1467322691184812
1467322691287482
1467322691389579
1467322691491584
1467322691595879
1467322691697112
1467322691797645
1467322691901174
1467322692104620
1467322692207085
1467322692411687
1467322692514195
1467322692616352
1467322692718720
1467322692821035
1467322692923386
1467322693025769
1467322693128057
1467322693230471
1467322693332741
1467322693537415
1467322693639809
1467322693742120
1467322693844435
1467322693946827
1467322694049123
1467322694151453
1467322694253876
1467322694356210
1467322694458483
1467322694560842
1467322694663168
1467322694765496
1467322694867890
1467322694970215
1467322695072578
1467322695174928
1467322695277230
1467322695379532
1467322695481928
1467322695584948
1467322695686655
1467322695788970
1467322695891247
1467322695993663
1467322696095936
1467322696198298
1467322696300624
1467322696403017
1467322696505307
1467322696607639
1467322696812316
1467322696914675
1467322697020777
1467322697119364
1467322697324014
1467322697426436
1467322697529866
1467322697631183
1467322697733401
1467322697835787
1467322698040443
1467322698143615
1467322698245110
1467322698347443
1467322698449812
1467322698552145
1467322698756871
1467322698859976
1467322699063806
1467322699166197
1467322699268631
1467322699370860
1467322699575510
1467322699780231
1467322699882698
1467322699985032
1467322700087268
1467322700292185
1467322700394693
1467322700496921
1467322700599491
1467322700701758
1467322700906558
1467322701009014
1467322701111428
1467322701213721
1467322701317416
1467322701418370
1467322701521118
1467322701725839
1467322701828040
1467322701930322
1467322702032951
1467322702237549
1467322702340292
1467322702442371
1467322702543493
1467322702749729
1467322702852138
1467322702953880
1467322703157535
1467322703261579
1467322703362209
1467322703464484
1467322703566892
1467322703670164
1467322703771596
1467322703873856
1467322703976206
1467322704079976
1467322704180879
1467322704283208
1467322704385654
1467322704487996
1467322704590237
1467322704694563
1467322704796479
1467322704897303
1467322704999602
1467322705103811
1467322705204302
1467322705408992
1467322705511334
1467322705613660
1467322705818420
1467322705920725
1467322706023159
1467322706125390
1467322706330052
1467322706432408
1467322706534713
1467322706637079
1467322706739514
1467322706842057
1467322706944142
1467322707046485
1467322707149281
1467322707251497
1467322707353701
1467322707456072
1467322707563065
1467322707660947
1467322707763270
1467322707865165
1467322707968376
1467322708070494
1467322708172930
1467322708275282
1467322708377687
1467322708479273
1467322708582483
1467322708684865
1467322708787325
1467322709093263
1467322709195610
1467322709297957
1467322709400290
1467322709502631
1467322709604957
1467322709707346
1467322709820884
1467322709913230
1467322710014313
1467322710116726
1467322710219060
1467322710321360
1467322710423730
1467322710526019
1467322710628378
1467322710730726
1467322710833070
1467322710935434
1467322711037741
1467322711140076
1467322711242415
1467322711344765
1467322711447113
1467322711549452
1467322711651848
1467322711754177
1467322711856490
1467322711958851
1467322712061202
1467322712163528
1467322712265874
1467322712368179
1467322712470560
1467322712572861
1467322712675247
1467322712779410
1467322712880553
1467322712982237
1467322713084555
1467322713186918
1467322713289265
1467322713391642
1467322713493952
1467322713596267
1467322713698600
1467322713800964
1467322713903330
1467322714005636
1467322714107972
1467322714210303
1467322714312641
1467322714414969
1467322714517325
1467322714619702
1467322714722011
1467322714824338
1467322714926688
1467322715029061
1467322715131394
1467322715233740
1467322715336105
1467322715438473
1467322715540789
1467322715643081
1467322715745475
1467322715847748
1467322715950123
1467322716052502
1467322716154832
1467322716257185
1467322716359467
1467322716461850
1467322716565016
1467322716666497
1467322716768849
1467322716871222
1467322716973567
1467322717075890
1467322717178248
1467322717382896
1467322717500872
1467322717587548
1467322717689912
1467322717792265
1467322717894616
1467322717996982
1467322718100250
1467322718201617
1467322718303942
1467322718406305
1467322718508640
1467322718610992
1467322718713493
1467322718815698
1467322718918045
1467322719020396
1467322719122670
1467322719225019
1467322719327379
1467322719429686
1467322719532041
1467322719637196
1467322719736712
1467322719839125
1467322719941474
1467322720043726
1467322720146148
1467322720248411
1467322720350828
1467322720453165
1467322720555502
1467322720657850
1467322720760183
1467322720862480
1467322720964811
1467322721067172
1467322721170752
1467322721271863
1467322721374607
1467322721476533
1467322721578938
1467322721681222
1467322721783572
1467322721885872
1467322721988273
1467322722090598
1467322722192907
1467322722295265
1467322722397613
1467322722499936
1467322722602278
1467322722704665
1467322722806954
1467322722909349
1467322723011659
1467322723114024
1467322723216316
1467322723318678
1467322723421007
1467322723523337
1467322723625671
1467322723728033
1467322723830423
1467322723932696
1467322724035040
1467322724137405
1467322724239758
1467322724342056
1467322724444406
1467322724546782
1467322724649089
1467322724751664
1467322724956114
1467322725058515
1467322725160894
1467322725263197
1467322725365496
1467322725467815
1467322725570203
1467322725672523
1467322725774868
1467322725877917
1467322725979584
1467322726081898
1467322726184230
1467322726286560
1467322726388893
1467322726491262
1467322726593622
1467322726798310
1467322726902831
1467322727002970
1467322727105268
1467322727207642
1467322727412287
1467322727514665
1467322727616984
1467322727719376
1467322727821661
1467322728026396
1467322728128755
1467322728231056
1467322728333360
1467322728435745
1467322728538080
1467322728640437
1467322728742780
1467322728845085
1467322728947409
1467322729049752
1467322729152112
1467322729254855
1467322729459135
1467322729561520
1467322729663814
1467322729868541
1467322729970819
1467322730073191
1467322730175531
1467322730278052
1467322730380361
1467322730482683
1467322730585112
1467322730687625
1467322730790085
1467322730892076
1467322730994292
1467322731097166
1467322731199034
1467322731302587
1467322731403586
1467322731505974
1467322731608411
1467322731711515
1467322731812977
1467322731916376
1467322732017657
1467322732223505
1467322732325907
1467322732428313
1467322732529383
1467322732633164
1467322732735507
1467322732836451
1467322732940372
1467322733041234
1467322733145210
1467322733247531
1467322733348235
1467322733450430
1467322733552774
1467322733655370
1467322733757497
1467322733860503
1467322733962431
1467322734064489
1467322734166809
1467322734371543
1467322734576161
1467322734678504
1467322734780918
1467322734883184
1467322734985562
1467322735087911
1467322735190223
1467322735292574
1467322735394935
1467322735497258
1467322735599600
1467322735701929
1467322735804260
1467322735906665
1467322736111305
1467322736315971
1467322736623041
1467322736827732
1467322736930039
1467322737032375
1467322737134696
1467322737237107
1467322737339438
1467322737441777
1467322737544128
1467322737646439
1467322737748796
1467322737851136
1467322737953478
1467322738055824
1467322738158165
1467322738260502
1467322738362859
1467322738465204
1467322738567484
1467322738669824
1467322738772172
1467322738874543
1467322738976866
1467322739079183
1467322739181582
1467322739283856
1467322739386203
1467322739488561
1467322739590935
1467322739693228
1467322739795569
1467322739897955
1467322740307333
1467322740615602
1467322740716710
1467322741330689
1467322741842409
1467322742152918
1467322743275227
1467322743377517
1467322743889226
1467322744197367
1467322744503369
1467322744912674
1467322745219653
1467322746038379
1467322746140717
1467322746243069
1467322746345464
1467322746447728
1467322746550078
1467322746652482
1467322746754787
1467322746857103
1467322746959456
1467322747061839
1467322747164113
1467322747266489
1467322747471167
1467322747573505
1467322747675818
1467322747778237
1467322747982898
1467322748085811
1467322748289904
1467322748392273
1467322748494613
1467322748596922
1467322748699262
1467322748801573
1467322748903943
1467322749006270
1467322749108624
1467322749210954
1467322749415673
1467322749518023
1467322749620312
1467322749722713
1467322749825191
1467322749927310
1467322750029706
1467322750234363
1467322750336705
1467322750439091
1467322750541441
1467322750643729
1467322750746062
1467322750848437
1467322750950738
1467322751053097
1467322751155459
1467322751257816
1467322751360122
1467322751462457
1467322751564779
1467322751667163
1467322751769484
1467322751871812
1467322751974163
1467322752076542
1467322752178842
1467322752283325
1467322752485870
1467322752588255
1467322752690539
1467322752792943
1467322752895440
1467322752997585
1467322753099964
1467322753202256
1467322753304647
1467322753406951
1467322753509599
1467322753611619
1467322753713954
1467322753816327
1467322753918692
1467322754020992
1467322754225729
1467322754328013
1467322754430366
1467322754532735
1467322754635010
1467322754737366
1467322754839755
1467322754943051
1467322755044411
1467322755249106
1467322755351461
1467322755658440
1467322755760794
1467322755863573
1467322755965460
1467322756067827
1467322756170146
1467322756272529
1467322756374809
1467322756477213
1467322756579488
1467322756681867
1467322756886544
1467322756988921
1467322757295894
1467322757398268
1467322757500607
1467322757602900
1467322757705258
1467322757807600
1467322757909952
1467322758012289
1467322758114631
1467322758216962
1467322758421641
1467322758523984
1467322758626349
1467322758728671
1467322758831042
1467322758933413
1467322759138085
1467322759240376
1467322759342757
1467322759445065
1467322759547411
1467322759649751
1467322759752073
1467322759854935
1467322759957189
1467322760059123
1467322760161489
1467322760263774
1467322760366136
1467322760469983
1467322760570793
1467322760673124
1467322760775497
1467322760877852
1467322760980170
1467322761082566
1467322761184841
1467322761287207
1467322761389543
1467322761491886
1467322761594278
1467322761696560
1467322761798944
1467322761901295
1467322762003567
1467322762105981
1467322762208285
1467322762310601
1467322762412935
1467322762515356
1467322762617627
1467322762720028
1467322762822360
1467322762924642
1467322763027102
1467322763231706
1467322763334069
1467322763436402
1467322763538718
1467322763641081
1467322763743377
1467322763845735
1467322763948075
1467322764050377
1467322764153616
1467322764255102
1467322764357439
1467322764459819
1467322764564665
1467322764664442
1467322764766793
1467322764870799
1467322765073820
1467322765176181
1467322765278552
1467322765380832
1467322765483177
1467322765585570
1467322765687858
1467322765790227
1467322765892667
1467322765994947
1467322766097213
1467322766301980
1467322766404243
1467322766506601
1467322766608941
1467322766813600
1467322766916037
1467322767018338
1467322767120664
1467322767223029
1467322767325337
1467322767427676
1467322767530003
1467322767632343
1467322767734679
1467322767837072
1467322767939382
1467322768041757
1467322768144107
1467322768246384
1467322768348777
1467322768451072
1467322768553471
1467322768655762
1467322768758088
1467322768860470
1467322768962762
1467322769065175
1467322769167460
1467322769269819
1467322769372173
1467322769474725
1467322769577045
1467322769679224
1467322769781504
1467322769883831
1467322769986203
1467322770088523
1467322770190868
1467322770293211
1467322770395584
1467322770497882
1467322770600275
1467322770702575
1467322770804907
1467322770907236
1467322771009617
1467322771111989
1467322771214281
1467322771316616
1467322771419005
1467322771521335
1467322771623697
1467322771725977
1467322771828407
1467322771930654
1467322772033051
1467322772135350
1467322772237686
1467322772340089
1467322772442395
1467322772544731
1467322772647065
1467322772749395
1467322772851729
1467322772954128
1467322773056482
1467322773158767
1467322773261116
1467322773363431
1467322773465788
1467322773568173
1467322773670508
1467322773772858
1467322773875515
1467322773977508
1467322774079853
1467322774182174
1467322774284635
1467322774386873
1467322774489199
1467322774591559
1467322774693996
1467322774796464
1467322774899736
1467322775003149
1467322775103630
1467322775205587
1467322775308339
1467322775410276
1467322775513167
1467322775615559
1467322775717357
1467322775820478
1467322775923344
1467322776025233
1467322776126645
1467322776229046
1467322776331326
1467322776433768
1467322776536009
1467322776639570
1467322776741948
1467322776844343
1467322776945445
1467322777047714
1467322777151614
1467322777252417
1467322777356131
1467322777457132
1467322777559485
1467322777663153
1467322777764093
1467322777866452
1467322777970386
1467322778071107
1467322778173529
1467322778276048
1467322778378138
1467322778482520
1467322778582845
1467322778685172
1467322778787549
1467322778889852
1467322778992256
1467322779094598
1467322779196862
1467322779299243
1467322779401567
1467322779606249
1467322779708598
1467322779810955
1467322779913294
1467322780015599
1467322780118008
1467322780220342
1467322780322634
1467322780425029
1467322780527339
1467322780629655
1467322780732035
1467322780834320
1467322780936738
1467322781141358
1467322781243700
1467322781346033
1467322781550740
1467322781653114
1467322781755463
1467322781960139
1467322782062424
1467322782164772
1467322782267117
1467322782369458
1467322782471842
1467322782574141
1467322782676478
1467322782778929
1467322782881156
1467322782983498
1467322783085840
1467322783189050
1467322783392871
1467322783495188
1467322783597571
1467322783699872
1467322783802232
1467322783904557
1467322784006909
1467322784109248
1467322784211578
1467322784313987
1467322784416278
1467322784518684
1467322784620964
1467322784723272
1467322784825693
1467322784927968
1467322785030335
1467322785132657
1467322785235050
1467322785337402
1467322785439684
1467322785542067
1467322785644381
1467322785746730
1467322785849063
1467322785951419
1467322786054956
1467322786156131
1467322786258440
1467322786360805
1467322786463179
1467322786565460
1467322786667779
1467322786770127
1467322786872450
1467322786974799
1467322787077176
1467322787179501
1467322787281833
1467322787384188
1467322787486520
1467322787691237
1467322787793517
1467322787895859
1467322787998203
1467322788100558
1467322788202948
1467322788305236
1467322788407572
1467322788509972
1467322788612270
1467322788714822
1467322788816966
1467322788919254
1467322789021647
1467322789123953
1467322789328660
1467322789431029
1467322789533333
1467322789635720
1467322789738069
1467322789840407
1467322789942686
1467322790045105
1467322790147802
1467322790250277
1467322790352056
1467322790454446
1467322790556780
1467322790761430
1467322790863763
1467322791170798
1467322791273152
1467322791479201
1467322791580884
1467322791784846
1467322791887147
1467322791989507
1467322792091905
1467322792196173
1467322792296556
1467322792398928
1467322792502956
1467322792603554
1467322792705945
1467322792808243
1467322792910917
1467322793115302
1467322793217595
1467322793319944
1467322793422345
1467322793524623
1467322793627002
1467322793729321
1467322793831695
1467322793934031
1467322794036414
1467322794138883
1467322794241235
1467322794343643
1467322794446023
1467322794548486
1467322794650844
1467322794753221
1467322794855967
1467322794957953
1467322795060431
1467322795162771
1467322795265216
1467322795367564
1467322795469961
1467322795583217
1467322795674819
1467322795777158
1467322795879951
1467322796186812
1467322796289168
1467322796391581
1467322796596443
1467322796801208
1467322796903570
1467322797005994
1467322797106560
1467322797311256
1467322797416626
1467322797515914
1467322797720660
1467322797823012
1467322798027821
1467322798130188
1467322798334950
1467322798437388
1467322798539820
1467322798642257
1467322798744639
1467322798948730
1467322799051776
1467322799154237
1467322799256635
1467322799359004
1467322799461404
1467322799563784
1467322799666192
1467322799768599
1467322799870988
1467322799973417
1467322800075787
1467322800178263
1467322800280628
1467322800383008
1467322800483824
1467322800587807
1467322800690737
1467322800792663
1467322800997438
1467322801099867
1467322801200552
1467322801302545
1467322801507221
1467322801609574
1467322801711927
1467322801814305
1467322801916657
1467322802018930
1467322802121265
1467322802223633
1467322802325972
1467322802429122
1467322802530655
1467322802632985
1467322802735318
1467322802837689
1467322802940066
1467322803042352
1467322803144741
1467322803247027
1467322803349410
1467322803451697
1467322803554116
1467322803656453
1467322803758793
1467322803861071
1467322803963408
1467322804065804
1467322804168112
1467322804270437
1467322804372805
1467322804475182
