1467287540991381
1467287541721848
1467287542423244
1467287542525059
1467287542729676
1467287543346897
1467287543446438
1467287544076015
1467287544809348
1467287545392092
1467287545494446
1467287545596976
1467287545699303
1467287545801685
1467287546108955
1467287546313634
1467287546416082
1467287546519435
1467287546620870
1467287546723272
1467287546825820
1467287546930138
1467287547133955
1467287547235268
1467287547440059
1467287547543767
1467287548362588
1467287548668853
1467287548771370
1467287548881684
1467287549078411
1467287549180849
1467287549283432
1467287549488663
1467287549590455
1467287549692935
1467287549795815
1467287549897639
1467287550000075
1467287550102454
1467287550307207
1467287550409643
1467287551331476
1467287551574393
1467287551853134
1467287552052599
1467287552681726
1467287552996057
1467287553380017
1467287553584055
1467287554341288
1467287554614951
1467287554729517
1467287555158393
1467287555340536
1467287556054621
1467287556372167
1467287556555269
1467287556860893
1467287557167978
1467287557270336
1467287557475182
1467287557679938
1467287558089582
1467287558295289
1467287558396738
1467287558499181
1467287559011398
1467287559113585
1467287559625742
1467287559728303
1467287559830329
1467287559934245
1467287560035812
1467287560239959
1467287560354372
1467287560444727
1467287560547136
1467287560751955
1467287560968393
1467287561059162
1467287561265705
1467287561366350
1467287561468751
1467287561571186
1467287561673602
1467287561980869
1467287562083146
1467287562289187
1467287562390352
1467287562492749
1467287562595101
1467287562697540
1467287562903376
1467287563004749
1467287563109083
1467287563209706
1467287563516750
1467287563619147
1467287563723333
1467287563827331
1467287563926298
1467287564028671
1467287564131122
1467287564233522
1467287564335963
1467287564438265
1467287564643129
1467287564745465
1467287564848147
1467287564950332
1467287565155125
1467287565359915
1467287565462650
1467287565564725
1467287565667139
1467287566091167
1467287566797583
1467287566896310
1467287566998309
1467287567203103
1467287567306478
1467287567407889
1467287567510324
1467287567721374
1467287568227104
1467287568432809
1467287568636686
1467287568739113
1467287569558828
1467287570070288
1467287571299082
1467287571523966
1467287571606272
1467287571710716
1467287571811145
1467287571913604
1467287572735480
1467287573758332
1467287574065041
1467287574781157
1467287574883392
1467287574985642
1467287575497957
1467287575603744
1467287575842113
1467287576241295
1467287576726228
1467287578063293
1467287578364771
1467287578881801
1467287579388605
1467287579900616
1467287580515069
1467287581129729
1467287581337873
1467287581857395
1467287582365501
1467287582665373
1467287583179010
1467287583400710
1467287583485407
1467287583586937
1467287583794268
1467287583996516
1467287584100075
1467287584308309
1467287584610951
1467287585327755
1467287585430123
1467287585533072
1467287585737355
1467287585946133
1467287586556570
1467287586762418
1467287586863717
1467287586968815
1467287587170935
1467287587380459
1467287587582434
1467287587711626
1467287587798251
1467287588104103
1467287588604501
1467287588707129
1467287588809646
1467287588911730
1467287589218921
1467287589324517
1467287589423740
1467287589628975
1467287589730920
1467287590038583
1467287590452963
1467287590858771
1467287591064766
1467287591268880
1467287591375643
1467287591983714
1467287592086109
1467287592295756
1467287592393839
1467287592598279
1467287592700587
1467287592905311
1467287593111155
1467287593212568
1467287593317799
1467287593519706
1467287593724483
1467287593826899
1467287593929250
1467287594032693
1467287594338877
1467287594441276
1467287594543693
1467287594953278
1467287595158090
1467287595362834
1467287595465277
1467287595772484
1467287595980228
1467287596079634
1467287596284484
1467287596387149
1467287596489280
1467287596593232
1467287596694000
1467287596796404
1467287596899212
1467287597210127
1467287597308464
1467287597410868
1467287597514900
1467287597617034
1467287597731545
1467287597924160
1467287598025257
1467287598230151
1467287598348694
1467287598537255
1467287598643319
1467287598960605
1467287599255129
1467287599461477
1467287600893149
1467287601097200
1467287601203027
1467287601832733
1467287602020376
1467287602328562
1467287602633697
1467287602948984
1467287603558463
1467287603760640
1467287603966108
1467287604282097
1467287605210925
1467287608060652
1467287611647784
1467287612443403
1467287612873340
1467287614109858
1467287614524345
1467287614824403
1467287615024736
1467287615228946
1467287615535990
1467287615642216
1467287616158944
1467287616569002
1467287617174224
1467287617379224
1467287617483028
1467287617790890
1467287618506110
1467287618611985
1467287618813068
1467287619232320
1467287619529422
1467287619739144
1467287619939947
1467287620553362
1467287620656199
1467287621167612
1467287621274320
1467287621681320
1467287621782626
1467287621884522
1467287621995597
1467287622703588
1467287622805852
1467287622908259
1467287623115404
1467287624039780
1467287624137323
1467287624444725
1467287624548813
1467287624649155
1467287624853842
1467287624956185
1467287625161311
1467287625263445
1467287625366063
1467287625468328
1467287625672995
1467287625775408
1467287625981363
1467287626082636
1467287626185039
1467287626287424
1467287626392071
1467287626492224
1467287626594630
1467287626799493
1467287626904548
1467287627004197
1467287627208980
1467287627415321
1467287627516224
1467287627618615
1467287627721457
1467287627823634
1467287627928018
1467287628028176
1467287628130613
1467287628232969
1467287628335406
1467287628438879
1467287628542677
1467287628642909
1467287628849896
1467287628949743
1467287629053278
1467287629154594
1467287629364121
1467287629463785
1467287629564592
1467287629769136
1467287629973800
1467287630178610
1467287630280988
1467287630383490
1467287630485783
1467287630588841
1467287630692947
1467287630795905
1467287630896989
1467287631100613
1467287631204337
1467287631306844
1467287631509791
1467287631612137
1467287631714571
1467287631818762
1467287631919398
1467287632023572
1467287632124194
1467287632226586
1467287632536173
1467287632738698
1467287632840968
1467287632943743
1467287633047758
1467287633148136
1467287633250579
1467287633352993
1467287633558513
1467287633660324
1467287633864966
1467287633970028
1467287634069761
1467287634275280
1467287634376964
1467287634479823
1467287634582209
1467287634684194
1467287634786798
1467287634889378
1467287634993710
1467287635093769
1467287635196127
1467287635298552
1467287635402341
1467287635503297
1467287635605773
1467287635810554
1467287635915403
1467287636015338
1467287636117743
1467287636221510
1467287636529264
1467287636629715
1467287636732106
1467287636936990
1467287637039346
1467287637141736
1467287637244152
1467287637346476
1467287637448930
1467287637551343
1467287637654535
1467287637756134
1467287637858533
1467287637960928
1467287638063266
1467287638165742
1467287638268140
1467287638372990
1467287638472929
1467287638780059
1467287638882673
1467287638984930
1467287639087323
1467287639294218
1467287639394513
1467287639496925
1467287639599333
1467287639804199
1467287639909844
1467287640008907
1467287640213717
1467287640316120
1467287640419615
1467287640623316
1467287640725869
1467287640828677
1467287640934264
1467287641033829
1467287641135304
1467287641237699
1467287641340096
1467287641442528
1467287641647596
1467287641749699
1467287641855138
1467287641954488
1467287642056871
1467287642159300
1467287642364094
1467287642466494
1467287642568905
1467287642773698
1467287642876966
1467287642978434
1467287643080883
1467287643183288
1467287643388076
1467287643592862
1467287643695237
1467287643797660
1467287643900078
1467287644002509
1467287644104889
1467287644207270
1467287644309676
1467287644514428
1467287644616874
1467287644719868
1467287644821674
1467287644924072
1467287645026456
1467287645333664
1467287645436105
1467287645538655
1467287645640841
1467287645743277
1467287645845604
1467287646050482
1467287646256825
1467287646460073
1467287646562392
1467287646869660
1467287647074448
1467287647177222
1467287647279204
1467287647381678
1467287647485722
1467287647586409
1467287647690785
1467287647791252
1467287647893652
1467287647995997
1467287648098405
1467287648200817
1467287648405649
1467287648610756
1467287648713153
1467287648917639
1467287649020036
1467287649224826
1467287649327245
1467287649429590
1467287649531992
1467287649634387
1467287649736825
1467287649839238
1467287649942352
1467287650248868
1467287650351698
1467287650453617
1467287650658406
1467287650760827
1467287650863175
1467287650965625
1467287651069702
1467287651170366
1467287651375237
1467287651481054
1467287651579964
1467287651682430
1467287651784839
1467287651887228
1467287651989615
1467287652194418
1467287652296909
1467287652399206
1467287652502200
1467287652604037
1467287652706463
1467287652808844
1467287652911208
1467287653013597
1467287653116019
1467287653218412
1467287653423197
1467287653935364
1467287654038055
1467287654139990
1467287654242393
1467287654344741
1467287654447167
1467287654549728
1467287654651949
1467287654755015
1467287654857326
1467287654959198
1467287655061554
1467287655163940
1467287655266393
1467287655368948
1467287655471289
1467287655880785
1467287655983181
1467287656187909
1467287656291388
1467287656495486
1467287656597519
1467287656699960
1467287656905724
1467287657007160
1467287657109577
1467287657211914
1467287657314367
1467287657416888
1467287657522168
1467287657826375
1467287657929184
1467287658034222
1467287658236283
1467287658354723
1467287658554493
1467287658850461
1467287658954162
1467287659071472
1467287659259949
1467287659976809
1467287660079096
1467287660181556
1467287660285162
1467287660488742
1467287660591136
1467287660693632
1467287660795981
1467287660901533
1467287661218099
1467287661410366
1467287661512684
1467287661629315
1467287661718251
1467287661922468
1467287662131623
1467287662232837
1467287662742136
1467287662843932
1467287663153346
1467287663255608
1467287663663536
1467287663765516
1467287663867915
1467287664175134
1467287664482311
1467287664584789
1467287664687120
1467287664789518
1467287664891953
1467287664994305
1467287665096713
1467287665199098
1467287665301576
1467287665403929
1467287665506324
1467287665608720
1467287665711119
1467287665813496
1467287666018306
1467287666326015
1467287666837495
1467287667144805
1467287667247097
1467287667349501
1467287667451899
1467287667554289
1467287667759768
1467287667863448
1467287667963892
1467287668066293
1467287668168653
1467287668271100
1467287668475872
1467287668578241
1467287668680664
1467287668785263
1467287668885480
1467287669090804
1467287669295101
1467287669397442
1467287669499879
1467287669603349
1467287669704664
1467287669807837
1467287669910074
1467287670011814
1467287670114266
1467287670220890
1467287670319081
1467287670421462
1467287670524617
1467287670729818
1467287670933454
1467287671035791
1467287671139395
1467287671240661
1467287671344289
1467287671547855
1467287671752660
1467287671855080
1467287671957450
1467287672059807
1467287672162330
1467287672264606
1467287672367393
1467287672469439
1467287672571796
1467287672674258
1467287672879074
1467287672982150
1467287673083852
1467287673290768
1467287673393685
1467287673595774
1467287673698199
1467287673802080
1467287674005430
1467287674107830
1467287674210224
1467287674312567
1467287674415052
1467287674517520
1467287674619834
1467287674722224
1467287674927042
1467287675029397
1467287675131831
1467287675234199
1467287675336698
1467287675439958
1467287675541664
1467287675643812
1467287675747063
1467287675848627
1467287675951016
1467287676155802
1467287676258661
1467287676464501
1467287676566181
1467287676875096
1467287676975893
1467287677078372
1467287677181711
1467287677282209
1467287677384618
1467287677589679
1467287677691832
1467287677794220
1467287677896686
1467287677999000
1467287678203853
1467287678408636
1467287678510997
1467287678613392
1467287678715794
1467287678818306
1467287678920602
1467287679023005
1467287679227790
1467287679433517
1467287679534998
1467287679637394
1467287679739790
1467287679842481
1467287679944560
1467287680048353
1467287680151390
1467287680251786
1467287680354150
1467287680456578
1467287680558985
1467287680662876
1467287680763763
1467287680866193
1467287680968534
1467287681173415
1467287681277104
1467287681483038
1467287681685373
1467287681787770
1467287681890249
1467287681992578
1467287682094936
1467287682197376
1467287682299770
1467287682403370
1467287682504583
1467287682606965
1467287682709387
1467287682813158
1467287682914165
1467287683016580
1467287683118951
1467287683426166
1467287683528544
1467287683734841
1467287683938411
1467287684040558
1467287684142954
1467287684347727
1467287684552552
1467287684658373
1467287685064540
1467287685986143
1467287686088539
1467287686190962
1467287686293335
1467287686499622
1467287686702913
1467287686806829
1467287686907690
1467287687010875
1467287687113951
1467287687317780
1467287687624522
1467287687829280
1467287688034128
1467287688136519
1467287688238944
1467287688341321
1467287688443737
1467287688546981
1467287688649334
1467287688853360
1467287689058630
1467287689365313
1467287690185684
1467287690389291
1467287690491769
1467287690594112
1467287690696798
1467287690798901
1467287690901299
1467287691003726
1467287691106104
1467287691208478
1467287691311938
1467287691515788
1467287691618084
1467287691722082
1467287692029912
1467287692130088
1467287692233964
1467287692437302
1467287692540118
1467287692642101
1467287692744495
1467287692846879
1467287692949247
1467287693051688
1467287693256480
1467287693358875
1467287693563637
1467287693667390
1467287693768705
1467287693870871
1467287693977018
1467287694075662
1467287694178035
1467287694486361
1467287694690060
1467287694794271
1467287694997272
1467287695101351
1467287695304460
1467287695509253
1467287695611670
1467287695714505
1467287695816476
1467287695918796
1467287696021252
1467287696123645
1467287696636068
1467287696738055
1467287696840468
1467287696944707
1467287697046677
1467287697250044
1467287698274043
1467287698376428
1467287698581233
1467287698683933
1467287698786023
1467287698888420
1467287698990883
1467287699298025
1467287699503207
1467287699707646
1467287699810530
1467287699912375
1467287700014817
1467287700219626
1467287700323853
1467287700424419
1467287700526832
1467287700629177
1467287700938167
1467287701141294
1467287701243607
1467287701550813
1467287701653211
1467287701755628
1467287701860992
1467287701961779
1467287702064426
1467287702779551
1467287703599604
1467287703803586
1467287704008397
1467287706080796
1467287706160190
1467287707797125
1467287708003853
1467287708206753
1467287708311608
1467287708411523
1467287708513946
1467287708616356
1467287708718753
1467287708821224
1467287708923544
1467287709128292
1467287709230754
1467287709333145
1467287709537937
1467287709640361
1467287709742767
1467287709845290
1467287710050666
1467287710153970
1467287710254674
1467287710357252
1467287710459546
1467287710664946
1467287710766742
1467287710869146
1467287710971529
1467287711074878
1467287711176380
1467287711278810
1467287711893513
1467287711995473
1467287712097919
1467287712200341
1467287712405709
1467287712609874
1467287712712264
1467287712814804
1467287712917424
1467287713020166
1467287713225583
1467287713429481
1467287713531503
1467287713633917
1467287713737187
1467287713838715
1467287713941109
1467287714043951
1467287714147612
1467287714251741
1467287714350707
1467287714453920
1467287714556105
1467287714658359
1467287714762663
1467287714864194
1467287715067505
1467287715374687
1467287715477071
1467287715582547
1467287715681900
1467287715784858
1467287715886734
1467287715991755
1467287716091480
1467287716194130
1467287716296244
1467287716399253
1467287716605590
1467287716705879
1467287716808296
1467287716910691
1467287717013039
1467287717115485
1467287717321252
1467287717627485
1467287717729822
1467287717939105
1467287718039130
1467287718139485
1467287718242334
1467287718344277
1467287718448856
1467287718651827
1467287718753856
1467287718959746
1467287719061085
1467287719164052
1467287720192036
1467287720289941
1467287720392373
1467287720802586
1467287720932380
1467287721213735
1467287721432235
1467287721520234
1467287722542630
1467287723260748
1467287723594851
1467287724283466
1467287724391912
1467287724925297
1467287725211624
1467287725307527
1467287726043568
1467287726434549
1467287726538765
1467287726638606
1467287726741398
1467287726843401
1467287726945752
1467287727049841
1467287727150634
1467287727253005
1467287727457807
1467287727560208
1467287727764928
1467287727969888
1467287728072194
1467287728174694
1467287728277050
1467287728379328
1467287728481808
1467287728587147
1467287728686604
1467287728789151
1467287728993777
1467287729096149
1467287729198587
1467287729300980
1467287729505778
1467287729812932
1467287729915380
1467287730031459
1467287730120171
1467287730222567
1467287730324994
1467287730529723
1467287730632178
1467287730734570
1467287730836967
1467287730939376
1467287731041755
