1467141741966206
1467141742067056
1467141742169399
1467141742271812
1467141742374268
1467141742476660
1467141742579021
1467141742681404
1467141742783812
1467141742886264
1467141742988631
1467141743091036
1467141743193408
1467141743295866
1467141743398281
1467141743500684
1467141743603033
1467141743705414
1467141743807835
1467141743910284
1467141744012637
1467141744115072
1467141744217490
1467141744319889
1467141744422229
1467141744524649
1467141744729457
1467141744831889
1467141744934248
1467141745036666
1467141745139035
1467141745241446
1467141745343877
1467141745446272
1467141745548672
1467141745651092
1467141745753494
1467141745855886
1467141745958245
1467141746060654
1467141746164774
1467141746265470
1467141746367910
1467141746470258
1467141746572671
1467141746675057
1467141746777449
1467141746879964
1467141746982260
1467141747084662
1467141747187118
1467141747289457
1467141747391864
1467141747494263
1467141747596753
1467141747699054
1467141747801492
1467141747903893
1467141748108679
1467141748211094
1467141748313500
1467141748415885
1467141748518292
1467141748620722
1467141748723081
1467141748825492
1467141748927898
1467141749030294
1467141749132695
1467141749235111
1467141749337512
1467141749439902
1467141749542303
1467141749644711
1467141749747128
1467141749849537
1467141749951954
1467141750054350
1467141750156732
1467141750259130
1467141750361593
1467141750463917
1467141750566367
1467141750668765
1467141750771160
1467141750873526
1467141750975949
1467141751078401
1467141751180736
1467141751283116
1467141751385575
1467141751487927
1467141751590372
1467141751692739
1467141751795161
1467141751897553
1467141751999946
1467141752102386
1467141752204749
1467141752307147
1467141752409635
1467141752511926
1467141752614426
1467141752716799
1467141752819175
1467141752921571
1467141753023974
1467141753126353
1467141753331167
1467141753433575
1467141753535966
1467141753638361
1467141753740765
1467141753843195
1467141753945552
1467141754047970
1467141754151548
1467141754252747
1467141754355148
1467141754457561
1467141754559966
1467141754662432
1467141754764751
1467141754867173
1467141754969617
1467141755072015
1467141755174359
1467141755276759
1467141755379262
1467141755481575
1467141755583982
1467141755686383
1467141755788767
1467141755891164
1467141755993619
1467141756096038
1467141756198475
1467141756300831
1467141756403240
1467141756505597
1467141756607973
1467141756710398
1467141756812879
1467141756915249
1467141757017642
1467141757120055
1467141757222426
1467141757324805
1467141757427217
1467141757529600
1467141757734388
1467141757836814
1467141757939207
1467141758041657
1467141758144023
1467141758246436
1467141758348819
1467141758451230
1467141758553667
1467141758758455
1467141758860829
1467141758963199
1467141759065632
1467141759168012
1467141759270477
1467141759372824
1467141759475203
1467141759577700
1467141759782474
1467141759884803
1467141759987235
1467141760089634
1467141760396824
1467141760499306
1467141760601623
1467141760704024
1467141760806423
1467141760908932
1467141761011246
1467141761113639
1467141761216053
1467141761318434
1467141761420846
1467141761523287
1467141761625757
1467141761728037
1467141761830461
1467141761932858
1467141762137661
1467141762240087
1467141762342520
1467141762444858
1467141762547261
1467141762649648
1467141762752085
1467141762854478
1467141762956844
1467141763059275
1467141763161642
1467141763264074
1467141763366465
1467141763468873
1467141763571247
1467141763673662
1467141763776164
1467141763878463
1467141763980913
1467141764083267
1467141764185674
1467141764288058
1467141764390487
1467141764492988
1467141764595398
1467141764697684
1467141764800099
1467141765007081
1467141765108559
1467141765209761
1467141765312117
1467141765414487
1467141765619334
1467141765721684
1467141765824086
1467141765926575
1467141766131291
1467141766233742
1467141766336097
1467141766438502
1467141766540893
1467141766643352
1467141766745761
1467141766850322
1467141766950508
1467141767052903
1467141767155321
1467141767257721
1467141767360102
1467141767462589
1467141767564929
1467141767667339
1467141767769755
1467141767872124
1467141767974521
1467141768076940
1467141768179305
1467141768281720
1467141768384129
1467141768486583
1467141768588915
1467141768691351
1467141768793801
1467141768896144
1467141768998523
1467141769100979
1467141769203356
1467141769305733
1467141769510601
1467141769612933
1467141769715346
1467141769817757
1467141769920188
1467141770022542
1467141770124951
1467141770227393
1467141770329746
1467141770432167
1467141770534602
1467141770636959
1467141770739358
1467141770841891
1467141770944145
1467141771046565
1467141771149012
1467141771251383
1467141771353766
1467141771456212
1467141771558620
1467141771660960
1467141771763411
1467141771867830
1467141771968178
1467141772070575
1467141772172957
1467141772275406
1467141772377782
1467141772480223
1467141772582578
1467141772684984
1467141772787383
1467141772889783
1467141772992184
1467141773094663
1467141773197040
1467141773299364
1467141773401785
1467141773504215
1467141773606598
1467141773709016
1467141773811454
1467141773913791
1467141774016203
1467141774118610
1467141774220999
1467141774323404
1467141774425888
1467141774528215
1467141774630583
1467141774733035
1467141774835386
1467141774937791
1467141775040208
1467141775142712
1467141775245004
1467141775347392
1467141775449818
1467141775552212
1467141775654604
1467141775757118
1467141775859508
1467141775961813
1467141776064206
1467141776166663
1467141776269080
1467141776371485
1467141776473822
1467141776576226
1467141776678782
1467141776781018
1467141776883418
1467141776985835
1467141777088273
1467141777190630
1467141777293017
1467141777497889
1467141777600224
1467141777702632
1467141777805045
1467141778009899
1467141778112326
1467141778317102
1467141778521893
1467141778624263
1467141778726724
1467141778829099
1467141778931464
1467141779033873
1467141779136259
1467141779238675
1467141779341071
1467141779443492
1467141779545959
1467141779648275
1467141779750709
1467141779853080
1467141779955492
1467141780160253
1467141780262678
1467141780365086
1467141780467460
1467141780569861
1467141780672343
1467141780774741
1467141780877124
1467141780979503
1467141781081954
1467141781184272
1467141781286680
1467141781389077
1467141781491483
1467141781593888
1467141781696296
1467141781798746
1467141781901144
1467141782003493
1467141782105874
1467141782208307
1467141782310777
1467141782413147
1467141782515540
1467141782617931
1467141782822708
1467141782925135
1467141783027557
1467141783129906
1467141783232319
1467141783334716
1467141783437117
1467141783642028
1467141783744316
1467141783846772
1467141783949129
1467141784051497
1467141784358853
1467141784461139
1467141784563538
1467141784665925
1467141784768311
1467141784870724
1467141784973147
1467141785075610
1467141785177918
1467141785280347
1467141785382729
1467141785485143
1467141785587955
1467141785689916
1467141785792369
1467141785894732
1467141785997141
1467141786099582
1467141786202000
1467141786304396
1467141786406745
1467141786509128
1467141786713943
1467141786816393
1467141786918751
1467141787021244
1467141787123568
1467141787225938
1467141787328348
1467141787430808
1467141787533176
1467141787737965
1467141787841783
1467141787942834
1467141788045170
1467141788147571
1467141788352418
1467141788454758
1467141788557154
1467141788659658
1467141788762069
1467141788966861
1467141789171674
1467141789274036
1467141789376380
1467141789478775
1467141789581172
1467141789683584
1467141789786107
1467141789990776
1467141790093219
1467141790195656
1467141790298009
1467141790400408
1467141790502808
1467141790605561
1467141790707597
1467141790809994
1467141790912423
1467141791014879
1467141791117194
1467141791219595
1467141791322019
1467141791526863
1467141791629191
1467141791731640
1467141791834003
1467141791936424
1467141792038840
1467141792243689
1467141792346006
1467141792448452
1467141792550844
1467141792653249
1467141792755637
1467141792858181
1467141792960526
1467141793062919
1467141793165299
1467141793267616
1467141793370026
1467141793472413
1467141793677214
1467141793779656
1467141793882036
1467141793984420
1467141794086840
1467141794189231
1467141794394035
1467141794496497
1467141794598853
1467141794701230
1467141794803629
1467141794906062
1467141795008505
1467141795213259
1467141795315670
1467141795418040
1467141795520500
1467141795622865
1467141795725271
1467141795827723
1467141795930105
1467141796032459
1467141796237278
1467141796339683
1467141796442104
1467141796646894
1467141796749282
1467141796851703
1467141796954126
1467141797056467
1467141797158927
1467141797261289
1467141797363697
1467141797466097
1467141797568489
1467141797670881
1467141797773306
1467141797875758
1467141798182888
1467141798285269
1467141798387725
1467141798490089
1467141798592518
1467141798797352
1467141798899723
1467141799002126
1467141799104580
1467141799206939
1467141799309308
1467141799411713
1467141799514098
1467141799616481
1467141799718924
1467141799821309
1467141799923751
1467141800230903
1467141800333309
1467141800435746
1467141800538124
1467141800640536
1467141800947740
1467141801050132
1467141801152535
1467141801254962
1467141801357314
1467141801459739
1467141801664528
1467141801767010
1467141801869423
1467141801971773
1467141802074139
1467141802176542
1467141802278911
1467141802381334
1467141802483764
1467141802586292
1467141802688594
1467141802790945
1467141802893368
1467141802995763
1467141803098190
1467141803200530
1467141803302945
1467141803405350
1467141803610179
1467141803712541
1467141803814963
1467141803917363
1467141804019754
1467141804224544
1467141804326946
1467141804429365
1467141804531750
1467141804634186
1467141804736552
1467141804838967
1467141804941459
1467141805043826
1467141805146156
1467141805248572
1467141805350990
1467141805453358
1467141805555790
1467141805658185
1467141805760672
1467141805863025
1467141805965360
1467141806098788
1467141806170173
1467141806272566
1467141806374981
1467141806579787
1467141806682174
1467141806784568
1467141806989406
1467141807091849
1467141807194181
1467141807296614
1467141807399010
1467141807501403
1467141807603776
1467141807706208
1467141807911004
1467141808013399
1467141808115808
1467141808218241
1467141808320658
1467141808423016
1467141808525426
1467141808627823
1467141808730202
1467141808832638
1467141808935022
1467141809037488
1467141809139936
1467141809242283
1467141809447039
1467141809549416
1467141809651852
1467141809754207
1467141809856671
1467141809959020
1467141810061506
1467141810166458
1467141810268514
1467141810368696
1467141810471022
1467141810573432
1467141810675815
1467141810778227
1467141810880630
1467141810983037
1467141811085417
1467141811187831
1467141811290232
1467141811392645
1467141811495031
1467141811597465
1467141811699849
1467141812007213
1467141812109466
1467141812211871
1467141812314245
1467141812416665
1467141812519112
1467141812621434
1467141812723860
1467141812826247
1467141812928687
1467141813031073
1467141813133525
1467141813235859
1467141813440656
1467141813543158
1467141813645456
1467141813850247
1467141813952673
1467141814055070
1467141814157466
1467141814259952
1467141814362272
1467141814464671
1467141814567086
1467141814669467
1467141814771882
1467141815079219
1467141815181547
1467141815283895
1467141815386283
1467141815488717
1467141815591222
1467141815693546
1467141815795942
1467141815898355
1467141816000707
1467141816103091
1467141816205494
1467141816307999
1467141816410344
1467141816512729
1467141816615124
1467141816717495
1467141816819903
1467141816922330
1467141817024701
1467141817127116
1467141817229572
1467141817331931
1467141817434317
1467141817536744
1467141817741522
1467141817843969
1467141817946302
1467141818048736
1467141818151216
1467141818253559
1467141818356000
1467141818458344
1467141818560775
1467141818663128
1467141818765548
1467141818867947
1467141818970381
1467141819072725
1467141819175154
1467141819277603
1467141819379962
1467141819482374
1467141819584799
1467141819687174
1467141819789534
1467141819892019
1467141819994336
1467141820096755
1467141820199145
1467141820301549
1467141820403964
1467141820506346
1467141820608744
1467141820711149
1467141820813590
1467141820916011
1467141821018351
1467141821120835
1467141821223193
1467141821325559
1467141821427993
1467141821530358
1467141821632770
1467141821735185
1467141821837580
1467141822043205
1467141822144773
1467141822247225
1467141822349581
1467141822554362
1467141822759187
1467141822861563
1467141822963964
1467141823066389
1467141823171259
1467141823271176
1467141823373600
1467141823476087
1467141823578394
1467141823680855
1467141823783252
1467141823885589
1467141823988019
1467141824090418
1467141824192780
1467141824397628
1467141824500048
1467141824602460
1467141824704804
1467141824807207
1467141824909678
1467141825012003
1467141825114466
1467141825216823
1467141825421607
1467141825626465
1467141825728828
1467141825831195
1467141826036034
1467141826138409
1467141826240935
1467141826445642
1467141826548071
1467141826650410
1467141826752860
1467141826855217
1467141826957616
1467141827060028
1467141827162431
1467141827264833
1467141827367219
1467141827469991
1467141827572110
1467141827674441
1467141827776834
1467141827879237
1467141827981636
1467141828084060
1467141828186480
1467141828288845
1467141828391244
1467141828493759
1467141828596033
1467141828800844
1467141828903242
1467141829005653
1467141829108152
1467141829210441
1467141829312845
1467141829415255
1467141829517675
1467141829620055
1467141829722443
1467141829824932
1467141829927297
1467141830029687
1467141830132129
1467141830234483
1467141830336904
1467141830439357
1467141830541654
1467141830644131
1467141830746488
1467141830848926
1467141830951280
1467141831053746
1467141831156198
1467141831258469
1467141831463307
1467141831565735
1467141831668094
1467141831770470
1467141831872907
1467141831975281
1467141832077677
1467141832180129
1467141832282517
1467141832384887
1467141832487279
1467141832589712
1467141832692096
1467141832794484
1467141832897106
1467141832999281
1467141833101701
1467141833204159
1467141833306489
1467141833408979
1467141833511305
1467141833613702
1467141833716115
1467141833818516
1467141833920904
1467141834023322
1467141834125784
1467141834228110
1467141834330507
1467141834432906
1467141834535324
1467141834637726
1467141834740226
1467141834842513
1467141834944920
1467141835047405
1467141835149727
1467141835252120
1467141835354515
1467141835456945
1467141835559342
1467141835661733
1467141835764171
1467141835866591
1467141835968957
1467141836071323
1467141836173745
1467141836276148
1467141836378523
1467141836480944
1467141836583357
1467141836685752
1467141836788151
1467141836890545
1467141836992971
1467141837095343
1467141837197774
1467141837300155
1467141837402578
1467141837504983
1467141837607356
1467141837709741
1467141837812138
1467141837914580
1467141838016972
1467141838119374
1467141838221755
1467141838324220
1467141838426559
1467141838528966
1467141838631360
1467141838733792
1467141838836174
1467141838938558
1467141839041054
1467141839143364
1467141839245774
1467141839348183
1467141839450652
1467141839553055
1467141839655466
1467141839757842
1467141839860237
1467141839962636
1467141840064969
1467141840167416
1467141840269780
1467141840372290
1467141840474595
1467141840576991
1467141840679476
1467141840781838
1467141840884175
1467141840986600
1467141841089124
1467141841191389
1467141841293780
1467141841396210
1467141841498607
1467141841601006
1467141841703418
1467141841805799
1467141841908231
1467141842010588
1467141842113019
1467141842215473
1467141842317809
1467141842420195
1467141842522648
1467141842625010
1467141842727441
1467141842829840
1467141842932261
1467141843034650
1467141843137006
1467141843239410
1467141843341901
1467141843444250
1467141843546614
1467141843649010
1467141843751443
1467141843853826
1467141843956237
1467141844058637
1467141844161037
1467141844263419
1467141844365837
1467141844468244
1467141844570650
1467141844673038
1467141844775444
1467141844877886
1467141844980241
1467141845082692
1467141845185047
1467141845287446
1467141845389846
1467141845594628
1467141845697061
1467141845799447
1467141845901844
1467141846004248
1467141846106642
1467141846209048
1467141846311479
1467141846413882
1467141846618686
1467141846721066
1467141846823452
1467141846925843
1467141847028275
1467141847130668
1467141847233099
1467141847335486
1467141847437864
1467141847642719
1467141847745095
1467141847847477
1467141847952354
1467141848052298
1467141848154797
1467141848257081
1467141848359504
1467141848461887
1467141848564357
1467141848666919
1467141848769095
1467141848871584
1467141848973900
1467141849076315
1467141849178769
1467141849281079
1467141849383567
1467141849485902
1467141849588286
1467141849690697
1467141849793103
1467141849895552
1467141849997900
1467141850100341
1467141850202697
1467141850305273
1467141850407514
1467141850509934
1467141850612327
1467141850714728
1467141850818211
1467141850919494
1467141851021910
1467141851124319
1467141851226760
1467141851329146
