1467321494689648
1467321494792082
1467321494894479
1467321494996810
1467321495099218
1467321495201636
1467321495304034
1467321495406436
1467321495508878
1467321495611252
1467321495713665
1467321495816026
1467321495918503
1467321496020837
1467321496123304
1467321496225704
1467321496328070
1467321496430478
1467321496532907
1467321496635290
1467321496737649
1467321496840076
1467321496942515
1467321497044870
1467321497147270
1467321497249707
1467321497352043
1467321497454487
1467321497556859
1467321497659322
1467321497761661
1467321497864097
1467321497966473
1467321498068872
1467321498171304
1467321498273705
1467321498376146
1467321498478521
1467321498580874
1467321498683284
1467321498785663
1467321498888125
1467321498990488
1467321499092937
1467321499195307
1467321499297672
1467321499400062
1467321499502544
1467321499604914
1467321499707273
1467321499809722
1467321499912149
1467321500014518
1467321500116936
1467321500219360
1467321500321702
1467321500424152
1467321500526514
1467321500628923
1467321500731312
1467321500833747
1467321500936150
1467321501038532
1467321501140917
1467321501243287
1467321501345767
1467321501448107
1467321501550559
1467321501652952
1467321501755323
1467321501857767
1467321501960115
1467321502062565
1467321502164933
1467321502267391
1467321502369744
1467321502472117
1467321502574548
1467321502676915
1467321502779342
1467321502881732
1467321502984130
1467321503086537
1467321503188933
1467321503291377
1467321503393792
1467321503496125
1467321503598545
1467321503700945
1467321503803358
1467321503905791
1467321504008165
1467321504110559
1467321504212974
1467321504315395
1467321504417736
1467321504520146
1467321504622544
1467321504724953
1467321504827370
1467321504929754
1467321505032209
1467321505134550
1467321505237016
1467321505339414
1467321505441766
1467321505544159
1467321505646567
1467321505749021
1467321505851357
1467321505953812
1467321506056191
1467321506261026
1467321506363369
1467321506465835
1467321506568188
1467321506670603
1467321506773017
1467321506875435
1467321506977836
1467321507080200
1467321507182595
1467321507284978
1467321507387438
1467321507489809
1467321507592218
1467321507694620
1467321507797015
1467321507899411
1467321508001781
1467321508104186
1467321508206641
1467321508309044
1467321508411434
1467321508513819
1467321508616215
1467321508718650
1467321508821025
1467321508923435
1467321509025857
1467321509128246
1467321509230608
1467321509333030
1467321509435412
1467321509537810
1467321509640214
1467321509742663
1467321509845029
1467321509947430
1467321510049822
1467321510152223
1467321510254643
1467321510357024
1467321510459429
1467321510561849
1467321510664203
1467321510766689
1467321510869050
1467321510971478
1467321511073873
1467321511176288
1467321511278657
1467321511381040
1467321511483432
1467321511585839
1467321511688245
1467321511790683
1467321511893087
1467321511995505
1467321512097848
1467321512200238
1467321512302717
1467321512405078
1467321512507457
1467321512609849
1467321512713595
1467321512814659
1467321512917052
1467321513019463
1467321513121867
1467321513224271
1467321513326672
1467321513531460
1467321513633917
1467321513736287
1467321513838647
1467321513941126
1467321514043465
1467321514145861
1467321514248290
1467321514350729
1467321514461272
1467321514555506
1467321514657890
1467321514760274
1467321514862732
1467321514965081
1467321515067521
1467321515169916
1467321515272336
1467321515374770
1467321515477180
1467321515579545
1467321515681872
1467321515784302
1467321515886724
1467321515989088
1467321516091519
1467321516193911
1467321516296313
1467321516398720
1467321516501114
1467321516603519
1467321516705959
1467321516808357
1467321516910752
1467321517013121
1467321517115539
1467321517217909
1467321517320299
1467321517422770
1467321517525144
1467321517627566
1467321517729913
1467321517832329
1467321517934747
1467321518037165
1467321518139543
1467321518241918
1467321518344366
1467321518446851
1467321518549187
1467321518651532
1467321518753977
1467321518856345
1467321518958741
1467321519061159
1467321519163539
1467321519265980
1467321519368332
1467321519470736
1467321519573155
1467321519675535
1467321519777946
1467321519880334
1467321519982789
1467321520085159
1467321520187562
1467321520289959
1467321520392365
1467321520494783
1467321520597189
1467321520699609
1467321520802039
1467321520904370
1467321521006814
1467321521109167
1467321521211586
1467321521313985
1467321521416396
1467321521518774
1467321521621155
1467321521723577
1467321521825968
1467321521928353
1467321522030773
1467321522133195
1467321522235608
1467321522338030
1467321522440439
1467321522542797
1467321522645191
1467321522747580
1467321522850008
1467321522952390
1467321523054795
1467321523157170
1467321523259647
1467321523362019
1467321523464379
1467321523566792
1467321523669234
1467321523771586
1467321523873990
1467321523976393
1467321524078826
1467321524181209
1467321524283605
1467321524385991
1467321524590810
1467321524693228
1467321524795641
1467321524898000
1467321525000397
1467321525102818
1467321525205237
1467321525307633
1467321525410065
1467321525512418
1467321525614820
1467321525717240
1467321525819616
1467321525922096
1467321526024482
1467321526126829
1467321526229220
1467321526331614
1467321526434044
1467321526538651
1467321526638898
1467321526741238
1467321526843647
1467321526946050
1467321527048428
1467321527151893
1467321527253236
1467321527355718
1467321527458030
1467321527560443
1467321527662863
1467321527765271
1467321527867677
1467321527970069
1467321528072432
1467321528174861
1467321528277294
1467321528379654
1467321528482062
1467321528584438
1467321528686879
1467321528789281
1467321528891714
1467321528994096
1467321529096458
1467321529198855
1467321529301255
1467321529403669
1467321529506098
1467321529608502
1467321529710873
1467321529813287
1467321529915688
1467321530018069
1467321530120464
1467321530222893
1467321530325308
1467321530427704
1467321530530080
1467321530632528
1467321530734880
1467321530837315
1467321530939738
1467321531042108
1467321531144544
1467321531246895
1467321531349336
1467321531451701
1467321531554155
1467321531656486
1467321531758913
1467321531861357
1467321531963706
1467321532066148
1467321532168517
1467321532270976
1467321532373337
1467321532475767
1467321532578141
1467321532680540
1467321532782930
1467321532885305
1467321532987772
1467321533090126
1467321533192498
1467321533294930
1467321533397347
1467321533499758
1467321533602119
1467321533704521
1467321533806930
1467321533909381
1467321534011730
1467321534114134
1467321534216564
1467321534318954
1467321534421373
1467321534523714
1467321534626193
1467321534728543
1467321534830956
1467321534933353
1467321535035811
1467321535138189
1467321535240527
1467321535343021
1467321535445363
1467321535547734
1467321535650169
1467321535752609
1467321535855000
1467321535957395
1467321536059799
1467321536162163
1467321536264609
1467321536366974
1467321536469354
1467321536571819
1467321536674162
1467321536776612
1467321536879003
1467321537083799
1467321537186151
1467321537288584
1467321537391066
1467321537493422
1467321537595819
1467321537698189
1467321537800569
1467321537903024
1467321538005360
1467321538107790
1467321538210230
1467321538312583
1467321538414995
1467321538517398
1467321538619840
1467321538722207
1467321538824632
1467321538927045
1467321539029835
1467321539131792
1467321539234254
1467321539336646
1467321539439051
1467321539541418
1467321539643796
1467321539852125
1467321539951047
1467321540058919
1467321540155839
1467321540258192
1467321540360585
1467321540463034
1467321540565475
1467321540667862
1467321540770205
1467321540872624
1467321540975013
1467321541077409
1467321541179862
1467321541282215
1467321541384612
1467321541487024
1467321541589491
1467321541691851
1467321541794276
1467321541896654
1467321541999088
1467321542101434
1467321542203814
1467321542306280
1467321542408654
1467321542511085
1467321542613423
1467321542715883
1467321542818237
1467321542920634
1467321543023093
1467321543125467
1467321543227839
1467321543330266
1467321543432697
1467321543535056
1467321543637508
1467321543739904
1467321543842277
1467321543944668
1467321544047057
1467321544149507
1467321544251845
1467321544354269
1467321544456723
1467321544559115
1467321544763879
1467321544866291
1467321544968663
1467321545071075
1467321545173473
1467321545275876
1467321545378281
1467321545480706
1467321545583153
1467321545685493
1467321545787963
1467321545890295
1467321545992688
1467321546095105
1467321546197583
1467321546299887
1467321546402369
1467321546504681
1467321546607110
1467321546709547
1467321546811877
1467321546914340
1467321547016772
1467321547119096
1467321547221520
1467321547323879
1467321547426344
1467321547528711
1467321547631124
1467321547733548
1467321547835960
1467321547938310
1467321548040760
1467321548143154
1467321548245534
1467321548347939
1467321548450365
1467321548552691
1467321548655135
1467321548757519
1467321548859902
1467321548962328
1467321549064719
1467321549167134
1467321549269571
1467321549371920
1467321549474397
1467321549576711
1467321549679173
1467321549781526
1467321549883941
1467321549986347
1467321550088733
1467321550191111
1467321550293567
1467321550395953
1467321550498344
1467321550600737
1467321550703193
1467321550805564
1467321550907926
1467321551010372
1467321551112768
1467321551215132
1467321551317554
1467321551419976
1467321551522348
1467321551624764
1467321551727170
1467321551829562
1467321551931995
1467321552034405
1467321552136796
1467321552239216
1467321552341584
1467321552443958
1467321552546395
1467321552648820
1467321552751185
1467321552853588
1467321552956056
1467321553058392
1467321553160757
1467321553263188
1467321553365568
1467321553467971
1467321553570383
1467321553672835
1467321553775239
1467321553879252
1467321553979966
1467321554082381
1467321554184795
1467321554287239
1467321554389632
1467321554491983
1467321554594410
1467321554696840
1467321554799241
1467321554901607
1467321555004004
1467321555106417
1467321555208843
1467321555311224
1467321555413652
1467321555516001
1467321555618400
1467321555720801
1467321555823242
1467321555925742
1467321556028672
1467321556130438
1467321556232832
1467321556335215
1467321556437627
1467321556540040
1467321556642419
1467321556744832
1467321556847233
1467321556949638
1467321557052040
1467321557154465
1467321557256847
1467321557359250
1467321557461676
1467321557564011
1467321557666509
1467321557768883
1467321557871227
1467321557973695
1467321558076095
1467321558178424
1467321558280873
1467321558383302
1467321558485651
1467321558588118
1467321558690422
1467321558792883
1467321558895220
1467321558997672
1467321559100090
1467321559202459
1467321559304855
1467321559407228
1467321559509646
1467321559612110
1467321559714471
1467321559816872
1467321559919264
1467321560021766
1467321560226505
1467321560328865
1467321560431320
1467321560533718
1467321560636057
1467321560738456
1467321560840862
1467321560943269
1467321561045647
1467321561148086
1467321561250494
1467321561352880
1467321561455271
1467321561557686
1467321561660106
1467321561762467
1467321561864861
1467321561967297
1467321562069713
1467321562172135
1467321562274482
1467321562376899
1467321562479298
1467321562581692
1467321562684100
1467321562786517
1467321562888895
1467321562991325
1467321563093722
1467321563196409
1467321563298524
1467321563400887
1467321563503317
1467321563605712
1467321563708112
1467321563810526
1467321563912909
1467321564015363
1467321564117779
1467321564220175
1467321564322521
1467321564424928
1467321564527316
1467321564629776
1467321564732115
1467321564834584
1467321564936969
1467321565039335
1467321565141738
1467321565244132
1467321565448926
1467321565551384
1467321565653781
1467321565756153
1467321565858591
1467321565960942
1467321566063325
1467321566165740
1467321566268133
1467321566370534
1467321566472957
1467321566575358
1467321566677796
1467321566780146
1467321566882534
1467321566984952
1467321567087356
1467321567189801
1467321567292152
1467321567394592
1467321567496966
1467321567599375
1467321567701740
1467321567804194
1467321567906615
1467321568008989
1467321568111403
1467321568213774
1467321568316219
1467321568418568
1467321568520970
1467321568623412
1467321568725776
1467321568828160
1467321568930558
1467321569032981
1467321569135371
1467321569237839
1467321569340224
1467321569442605
1467321569545003
1467321569647375
1467321569749822
1467321569852195
1467321569954653
1467321570057011
1467321570159427
1467321570261809
1467321570364202
1467321570466590
1467321570569005
1467321570671392
1467321570773803
1467321570876217
1467321570978601
1467321571081852
1467321571183390
1467321571285788
1467321571388224
1467321571490621
1467321571593004
1467321571695494
1467321571797821
1467321571900221
1467321572002607
1467321572105029
1467321572207410
1467321572309861
1467321572412239
1467321572514631
1467321572617046
1467321572719403
1467321572821862
1467321572924253
1467321573026643
1467321573129034
1467321573231439
1467321573333825
1467321573436330
1467321573538707
1467321573641024
1467321573743568
1467321573845862
1467321573948277
1467321574153099
1467321574255498
1467321574357841
1467321574460217
1467321574562639
1467321574665040
1467321574767493
1467321574869893
1467321574972245
1467321575074674
1467321575177032
1467321575279497
1467321575381851
1467321575484278
1467321575586703
1467321575689051
1467321575791512
1467321575893908
1467321575996304
1467321576098662
1467321576201066
1467321576303469
1467321576405852
1467321576508265
1467321576610690
1467321576713116
1467321576815475
1467321576917897
1467321577020329
1467321577122672
1467321577225117
1467321577327468
1467321577429941
1467321577532287
1467321577634741
1467321577737088
1467321577839480
1467321577945238
1467321578044294
1467321578146740
1467321578249078
1467321578351551
1467321578453906
1467321578556342
1467321578658680
1467321578761099
1467321578863518
1467321578965893
1467321579068289
1467321579170765
1467321579273103
1467321579375552
1467321579477900
1467321579580335
1467321579682695
1467321579785112
1467321579887531
1467321579989897
1467321580092343
1467321580194806
1467321580297131
1467321580399530
1467321580502027
1467321580604299
1467321580706779
1467321580809145
1467321580911544
1467321581013952
1467321581116366
1467321581218725
1467321581321141
1467321581423547
1467321581525953
1467321581628352
1467321581730774
1467321581833126
1467321581935533
1467321582037950
1467321582140387
1467321582242738
1467321582345117
1467321582447552
1467321582549928
1467321582652362
1467321582754744
1467321582857135
1467321582959535
1467321583061946
1467321583164346
1467321583266760
1467321583369159
1467321583471536
1467321583676406
1467321583778805
1467321583881155
1467321583983630
1467321584085952
1467321584188348
1467321584290764
1467321584393189
1467321584495558
1467321584597983
1467321584700434
1467321584802784
1467321584905216
1467321585007572
1467321585109972
1467321585212391
1467321585314798
1467321585417180
1467321585519711
1467321585622191
1467321585826792
1467321585929243
1467321586031608
1467321586134004
1467321586236437
1467321586338814
1467321586441214
1467321586543639
1467321586645986
1467321586748392
1467321586850819
1467321586953271
1467321587055638
1467321587260446
1467321587362786
1467321587465221
1467321587567630
1467321587670088
1467321587772391
1467321587874829
1467321587977281
1467321588079596
1467321588181993
1467321588284460
1467321588386833
1467321588489213
1467321588591651
1467321588694023
1467321588796429
1467321588898828
1467321589001234
1467321589103681
1467321589206034
1467321589308471
1467321589410857
1467321589513285
1467321589615621
1467321589718023
1467321589820495
1467321589922859
1467321590025234
1467321590127659
1467321590230071
1467321590332457
1467321590434829
1467321590537236
1467321590639676
1467321590742098
1467321590844494
1467321590946914
1467321591049306
1467321591151669
1467321591356465
1467321591458909
1467321591561252
1467321591663662
1467321591766077
1467321591868564
1467321591970857
1467321592073268
1467321592175778
1467321592278122
1467321592380515
1467321592482896
1467321592585277
1467321592687656
1467321592790086
1467321592892517
1467321592994907
1467321593097273
1467321593199665
1467321593302103
1467321593404543
1467321593506930
1467321593609297
1467321593711740
1467321593814145
1467321593916534
1467321594018877
1467321594121302
1467321594223749
1467321594326093
1467321594428556
1467321594530952
1467321594633349
1467321594735688
1467321594838161
1467321594940508
1467321595042917
1467321595145289
1467321595247702
1467321595350161
1467321595452559
1467321595554959
1467321595657286
1467321595759714
1467321595862115
1467321595964532
1467321596066972
1467321596169323
1467321596271766
1467321596374159
1467321596476579
1467321596578958
1467321596681329
1467321596783765
1467321596886136
1467321596988580
1467321597090943
1467321597193386
1467321597295734
1467321597398153
1467321597500527
1467321597602931
1467321597705351
1467321597807741
1467321597910147
1467321598012537
1467321598114950
1467321598217323
1467321598319738
