1467381433957502
1467381434059877
1467381434162253
1467381434264707
1467381434367087
1467381434571891
1467381434879107
1467381434981532
1467381435083921
1467381435186294
1467381435391079
1467381435698277
1467381435800688
1467381436005435
1467381436107902
1467381436210296
1467381436312672
1467381436517503
1467381436722247
1467381436824672
1467381436927086
1467381437029501
1467381437234239
1467381437439055
1467381437541499
1467381437643868
1467381437746298
1467381437848679
1467381438155997
1467381438258235
1467381438360692
1467381438463066
1467381438565500
1467381438667882
1467381438872633
1467381439179834
1467381439384673
1467381439487050
1467381439589488
1467381439691877
1467381439794275
1467381439896700
1467381439999085
1467381440101464
1467381440203873
1467381440306273
1467381440408633
1467381440511065
1467381440613534
1467381440715847
1467381440818255
1467381441023061
1467381441227889
1467381441432674
1467381441637417
1467381441739881
1467381441842215
1467381441944673
1467381442047251
1467381442149461
1467381442251815
1467381442354250
1467381442456673
1467381442559025
1467381442763860
1467381442866381
1467381442968653
1467381443071019
1467381443173397
1467381443378276
1467381443480649
1467381443583010
1467381443685451
1467381443787876
1467381443890235
1467381443992657
1467381444197465
1467381444299798
1467381444709466
1467381444914255
1467381445016655
1467381445119053
1467381445221435
1467381445426239
1467381445631045
1467381445733934
1467381445835843
1467381446040631
1467381446143065
1467381446245461
1467381446347839
1467381446450181
1467381446552630
1467381447064631
1467381447166994
1467381447679015
1467381447986253
1467381448088595
1467381448190990
1467381448395763
1467381448600633
1467381448703027
1467381448805375
1467381448909426
1467381449010210
1467381449112631
1467381449317422
1467381449419777
1467381449522174
1467381449829402
1467381450035988
1467381450238946
1467381450341359
1467381450443826
1467381450547882
1467381450648552
1467381450853422
1467381451058217
1467381451160995
1467381451263004
1467381451467807
1467381451672913
1467381451877420
1467381451979801
1467381452286946
1467381452594217
1467381452799003
1467381452901425
1467381453003827
1467381453413424
1467381453618675
1467381454437343
1467381454846926
1467381455563780
1467381455666196
1467381455768590
1467381455973383
1467381456178372
1467381456382959
1467381456485414
1467381456690175
1467381456792593
1467381456997382
1467381457202196
1467381457304536
1467381457406987
1467381457611779
1467381457714151
1467381457816562
1467381458432597
1467381458533381
1467381458635778
1467381458738144
1467381458840570
1467381458942947
1467381459045321
1467381459147756
1467381459250130
1467381459352591
1467381459557361
1467381459968050
1467381460069385
1467381460274136
1467381460376595
1467381460478963
1467381460581363
1467381460683757
1467381460990970
1467381461093379
1467381461195777
1467381461605315
1467381461707760
1467381461810151
1467381461912566
1467381462117376
1467381462219701
1467381462322116
1467381462424536
1467381462731679
1467381462834132
1467381462936589
1467381463038900
1467381463141354
1467381463243757
1467381463346152
1467381463653326
1467381464062967
1467381464165318
1467381464370155
1467381464472489
1467381464677596
1467381464882090
1467381464984529
1467381465189361
1467381465291703
1467381465394163
1467381465496574
1467381465598957
1467381465803770
1467381466315739
1467381466418128
1467381466622926
1467381466930184
1467381467032527
1467381467237502
1467381467442097
1467381467544549
1467381467647520
1467381467851743
1467381467954152
1467381468056559
1467381468158910
1467381468261320
1467381468363888
1467381468466134
1467381468568551
1467381468670903
1467381468875674
1467381469182955
1467381469285321
1467381469387737
1467381469592517
1467381469797329
1467381469899688
1467381470002861
1467381470105804
1467381470206924
1467381470411720
1467381470616508
1467381471026133
1467381471128508
1467381471640478
1467381471845303
1467381472050137
1467381472357330
1467381472459700
1467381472562111
1467381472664500
1467381472766903
1467381472869285
1467381473278907
1467381473483683
1467381473586092
1467381473688466
1467381473790908
1467381473995693
1467381474098112
1467381474610128
1467381475019675
1467381475122225
1467381475224486
1467381475326870
1467381475531638
1467381475736511
1467381475838826
1467381475941303
1467381476043701
1467381476146095
1467381476248528
1467381476350886
1467381476453286
1467381476555655
1467381476658096
1467381476862850
1467381476965274
1467381477170104
1467381477272435
1467381477477290
1467381477682071
1467381477784417
1467381477886881
1467381477989285
1467381478091624
1467381478194094
1467381478301584
1467381478399540
1467381478501522
1467381478706091
1467381479832471
1467381480037234
1467381480139639
1467381480242019
1467381480346398
1467381480446885
1467381480549299
1467381480651679
1467381480754094
1467381480856468
1467381480958856
1467381481061287
1467381481266054
1467381481470824
1467381481573264
1467381481982866
1467381482085261
1467381482392449
1467381482597308
1467381482699671
1467381482802083
1467381482904414
1467381483006850
1467381483109261
1467381483211606
1467381483314052
1467381483416383
1467381483621205
1467381483723663
1467381483826075
1467381483928431
1467381484030818
1467381484133210
1467381484235658
1467381484338018
1467381484440474
1467381484645199
1467381484850000
1467381484952451
1467381485157210
1467381485362002
1467381485669262
1467381485771849
1467381486488459
1467381486590841
1467381486898054
1467381488126845
1467381488229263
1467381488435470
1467381488536470
1467381488638803
1467381488741221
1467381488843639
1467381488946054
1467381489150848
1467381489253241
1467381489355560
1467381489458034
1467381489560430
1467381489662852
1467381489765310
1467381489867638
1467381489970013
1467381490072375
1467381490282557
1467381490481963
1467381490687448
1467381490789226
1467381490891616
1467381490994038
1467381491096385
1467381491198804
1467381491301223
1467381491404000
1467381491506032
1467381491608388
1467381491710789
1467381492123644
1467381492427600
1467381492632413
1467381492837150
1467381493144408
1467381493246804
1467381493349223
1467381493451619
1467381493554012
1467381493861205
1467381494066013
1467381494168406
1467381494373204
1467381494475561
1467381494578018
1467381494680444
1467381494885230
1467381494987572
1467381495090000
1467381495499562
1467381495602534
1467381495806763
1467381496011543
1467381496114798
1467381496216411
1467381496318784
1467381496421174
1467381496523549
1467381496626012
1467381496728392
1467381496830759
1467381497035565
1467381497240349
1467381497342807
1467381497445177
1467381497547575
1467381497649980
1467381498059563
1467381498161998
1467381498371028
1467381498469873
1467381498571555
1467381498674316
1467381498776340
1467381498878982
1467381498981135
1467381499083574
1467381499185990
1467381499288333
1467381499390765
1467381499493178
1467381499698001
1467381499800409
1467381499902785
1467381500005124
1467381500107586
1467381500212030
1467381500312368
1467381500517134
1467381500619536
1467381500730827
1467381500824348
1467381500926785
1467381501029491
1467381501131539
1467381501233974
1467381501438726
1467381501541310
1467381501643520
1467381501745895
1467381501848353
1467381502053180
1467381502155496
1467381502257931
1467381502360370
1467381502565126
1467381502667556
1467381502872313
1467381503077114
1467381503281930
1467381503384326
1467381503486786
1467381503589114
1467381503691535
1467381503793955
1467381503896294
1467381503998744
1467381504101159
1467381504203518
1467381504408331
1467381504510733
1467381504613141
1467381504715575
1467381504920311
1467381505227525
1467381505329974
1467381505432347
1467381505637115
1467381505739551
1467381505842954
1467381505944404
1467381506046703
1467381506149918
1467381506251559
1467381506353910
1467381506456336
1467381506558728
1467381506661351
1467381506763573
1467381506865948
1467381506968303
1467381507070720
1467381507173161
1467381507275506
1467381507377943
1467381507480350
1467381507582748
1467381507685115
1467381507787535
1467381507891457
1467381507992319
1467381508197143
1467381508301640
1467381508403702
1467381508504298
1467381508709141
1467381508914785
1467381509016356
1467381509323536
1467381509528327
1467381509733125
1467381509937871
1467381510040353
1467381510142675
1467381510245084
1467381510347516
1467381510449904
1467381510552373
1467381510757070
1467381510859489
1467381511064343
1467381511166728
1467381511371468
1467381511473906
1467381511883539
1467381512190706
1467381512293093
1467381512497914
1467381512702725
1467381513009912
1467381513317110
1467381513419522
1467381513521866
1467381513624251
1467381513726706
1467381513829124
1467381513931505
1467381514033913
1467381514238651
1467381514341122
1467381514545915
1467381514648309
1467381515262704
1467381515467468
1467381515878340
1467381515980618
1467381516184308
1467381516491661
1467381516593918
1467381516696308
1467381516798704
1467381517003482
1467381517105919
1467381517208275
1467381517310708
1467381517413065
1467381517515500
1467381517617855
1467381517720288
1467381517822695
1467381517925064
1467381518027503
1467381518129883
1467381518232267
1467381518437085
1467381518641854
1467381518846706
1467381519051478
1467381519153852
1467381519256292
1467381519358653
1467381519563486
1467381519768313
1467381519870657
1467381519973080
1467381520075434
1467381520177890
1467381520280270
1467381520382687
1467381520689894
1467381520997041
1467381521099457
1467381521304239
1467381521407809
1467381521611466
1467381521713842
1467381522021078
1467381522225816
1467381522430687
1467381522533092
1467381522635483
1467381522737819
1467381522840270
1467381522942665
1467381523045042
1467381523147469
1467381523352290
1467381523567226
1467381523659478
1467381523761825
1467381523864269
1467381524069271
1467381524171410
1467381524274130
1467381524376249
1467381524581071
1467381524785859
1467381524888239
1467381525093082
1467381525195457
1467381525299271
1467381525400538
1467381525707468
1467381525809858
1467381525912272
1467381526117041
1467381526219417
1467381526424230
1467381526526672
1467381526629061
1467381526731426
1467381526833873
1467381526936252
1467381527038613
1467381527141072
1467381527243414
1467381527345854
1467381527550643
1467381527653063
1467381527755404
1467381527862624
1467381527960252
1467381528165042
1467381528267456
1467381528369895
1467381528677273
1467381528881996
1467381528984253
1467381529086665
1467381529189041
1467381529291395
1467381529598624
1467381529701041
1467381529803487
1467381530213958
1467381530316517
1467381530417861
1467381530520228
1467381530622644
1467381530725001
1467381530827458
1467381530929774
1467381531032248
1467381531237101
1467381531340534
1467381531442230
1467381531544253
1467381531646625
1467381531851440
1467381532158607
1467381532363414
1467381532466042
1467381532773021
1467381532875397
1467381532977835
1467381533080251
1467381533592196
1467381534104209
1467381534206626
1467381534309020
1467381534411365
1467381534513846
1467381534616248
1467381534820947
1467381535025814
1467381535230614
1467381535435939
1467381535844963
1467381535947418
1467381536049835
1467381536152232
1467381536359052
1467381536459361
1467381536562184
1467381536664208
1467381536869020
1467381536971390
1467381537176162
1467381537483353
1467381538097813
1467381538200173
1467381538302646
1467381538404941
1467381539633837
1467381539736232
1467381539838549
1467381539941002
1467381540043398
1467381540452982
1467381540555627
1467381540657737
1467381540760196
1467381540862553
1467381541169831
1467381541272133
1467381541476928
1467381541581716
1467381541681794
1467381541784171
1467381541886602
1467381542398604
1467381542500981
1467381542603377
1467381542705734
1467381542808130
1467381543012989
1467381543115394
1467381543217854
1467381543524942
1467381543627357
1467381543729728
1467381544036984
1467381544139377
1467381544241736
1467381544344151
1467381544446502
1467381544548958
1467381544753721
1467381545060964
1467381545163371
1467381545265758
1467381545368172
1467381545470536
1467381545572968
1467381545675357
1467381545777724
1467381545880168
1467381545982566
1467381546084933
1467381546187340
1467381546289720
1467381546596900
1467381546699309
1467381546801774
1467381546904164
1467381547416152
1467381548235358
1467381548543595
1467381548646289
1467381548849782
1467381548952084
1467381549259360
1467381549361731
1467381549464165
1467381550180941
1467381551000106
1467381552126528
1467381552638498
1467381553050653
1467381553152801
1467381553662541
1467381553969679
1467381554072064
1467381554276919
1467381554379285
1467381554481688
1467381554584099
1467381555096079
1467381555300917
1467381555403339
1467381555710524
1467381555812920
1467381556427261
1467381556632170
1467381557758453
1467381557963296
1467381558168087
1467381558372918
1467381558577708
1467381558782538
1467381558884898
1467381558987255
1467381559089689
1467381560011261
1467381560113689
1467381560216090
1467381560318522
1467381560420841
1467381560625657
1467381560728061
1467381560932902
1467381561035249
1467381561137659
1467381561240017
1467381561342484
1467381561547248
1467381561649702
1467381561752106
1467381562366482
1467381562673678
1467381562878436
1467381562980903
1467381563083274
1467381563185670
1467381563390504
1467381563595570
1467381563801002
1467381564004813
1467381564516878
1467381566462460
1467381568100828
1467381568305650
1467381568612847
1467381569636858
1467381569841591
1467381570046457
1467381570252568
1467381571480033
1467381571684802
1467381571787253
1467381572196820
1467381572606421
1467381573220763
1467381575781231
1467381575883212
1467381575985633
1467381576087992
1467381576190425
1467381577726402
1467381578545783
1467381578647955
1467381579467194
1467381579569618
1467381580491124
1467381581515192
1467381582539119
1467381582744218
1467381584177540
1467381586947445
1467381588171102
1467381588375959
1467381588785579
1467381588887917
1467381588990363
1467381589092737
1467381589195133
1467381589297551
1467381589399912
1467381589502367
1467381589809536
1467381590118381
1467381590628903
1467381591652746
1467381592471874
1467381594110322
1467381594315134
1467381594417535
1467381594519939
1467381594622295
1467381594724690
1467381594929519
1467381595031948
1467381595236717
1467381595339134
1467381595441502
1467381595543907
1467381595748740
1467381595953496
1467381596671616
1467381596772759
1467381596875079
1467381597079929
1467381597591935
1467381597796665
1467381597899042
1467381598001556
1467381598308660
1467381598513489
1467381598615907
1467381598718319
1467381598923115
1467381599025740
1467381599127842
1467381599230303
1467381599639909
1467381599742322
1467381599844658
1467381600049492
1467381600151898
1467381600356720
1467381600459092
1467381600561451
1467381600766282
1467381600868684
1467381600971039
1467381601073465
1467381601278281
1467381601380669
1467381601483064
1467381601585488
1467381601790286
1467381601892670
1467381602405516
1467381602609491
1467381602711890
1467381602916648
1467381603019029
1467381603121429
1467381603223856
1467381603326282
1467381603735886
1467381603838260
1467381603940700
1467381604043095
1467381604145473
1467381604247845
1467381604350229
1467381604555067
1467381604862270
1467381605067093
1467381605271867
1467381605681442
1467381605886203
1467381605988655
1467381606091075
1467381606295856
1467381606603054
1467381607319865
1467381607424531
1467381607526513
1467381607629074
1467381608036602
1467381608241430
1467381608549077
1467381608855852
1467381608958291
1467381609265451
1467381609367859
1467381609470263
1467381609572662
1467381609674996
1467381609777451
1467381610187065
1467381610289420
1467381610903821
1467381611415848
1467381612849374
1467381613463844
1467381613566225
1467381613668661
1467381613771005
1467381614078188
1467381614487809
1467381614590225
1467381614692618
1467381614897449
1467381615307036
1467381615511805
1467381615716771
1467381615921384
1467381616126196
1467381616331035
1467381616535827
1467381616740663
1467381616843036
1467381616945410
1467381617047806
1467381617150225
1467381617252580
1467381617354971
1467381617559809
1467381617662258
1467381618276541
1467381618378966
1467381618481386
1467381618583828
1467381618993413
1467381619198200
1467381619505434
1467381619915013
1467381620119822
1467381620222206
1467381620324537
1467381621348598
1467381621450998
1467381621860609
1467381622372602
1467381622577349
1467381622884612
1467381622986978
1467381623089407
1467381623192036
1467381623498938
1467381623601406
1467381623703774
1467381623806201
1467381623908598
1467381624010989
1467381624215787
1467381624319503
1467381624422499
1467381624522996
1467381624625373
1467381624727752
1467381624932600
1467381625034972
1467381625342183
1467381625444537
1467381625546957
1467381625649390
1467381625751726
1467381625956537
1467381626161338
1467381626263789
1467381626366161
1467381626468575
1467381626575033
1467381626775783
1467381626980603
1467381627082995
1467381627288038
1467381627492580
1467381627595002
1467381627697324
1467381627799766
