1466966369087564
1466966369188340
1466966369292286
1466966369393336
1466966369495369
1466966369599019
1466966369700195
1466966369803722
1466966369904940
1466966370007368
1466966370110271
1466966370214239
1466966370315345
1466966370416943
1466966370521034
1466966370621765
1466966370724152
1466966370826570
1466966370929124
1466966371031373
1466966371133759
1466966371236281
1466966371338547
1466966371442707
1466966371547157
1466966371645768
1466966371748158
1466966371850550
1466966372056972
1466966372159252
1466966372260267
1466966372362912
1466966372464933
1466966372567597
1466966372773739
1466966372874532
1466966372976952
1466966373079356
1466966373181799
1466966373286536
1466966373488942
1466966373695176
1466966373796289
1466966373898987
1466966374005545
1466966374103325
1466966374206383
1466966374308525
1466966374410515
1466966374515559
1466966374615309
1466966374717704
1466966374820114
1466966374922513
1466966375024914
1466966375129105
1466966375230872
1466966375436957
1466966375538650
1466966375641077
1466966375844061
1466966375947040
1466966376048905
1466966376152413
1466966376253708
1466966376356444
1466966376458494
1466966376562997
1466966376664125
1466966376765702
1466966376868687
1466966376971785
1466966377073634
1466966377175833
1466966377279410
1466966377380797
1466966377584889
1466966377687210
1466966377790808
1466966377893832
1466966377996105
1466966378096891
1466966378199287
1466966378301827
1466966378404687
1466966378508359
1466966378610059
1466966378711270
1466966378813911
1466966378917564
1466966379018480
1466966379122343
1466966379227709
1466966379325748
1466966379429502
1466966379533061
1466966379633687
1466966379738236
1466966379838261
1466966379940080
1466966380043986
1466966380144886
1466966380248470
1466966380351603
1466966380452077
1466966380556691
1466966380659130
1466966380760173
1466966380861690
1466966380964075
1466966381066462
1466966381168856
1466966381271269
1466966381375779
1466966381476065
1466966381579313
1466966381681316
1466966381783248
1466966381887637
1466966381989260
1466966382090453
1466966382192882
1466966382399641
1466966382501786
1466966382606556
1466966382704870
1466966382909652
1466966383012188
1466966383116581
1466966383218465
1466966383319548
1466966383421553
1466966383524018
1466966383628707
1466966383730835
1466966383934003
1466966384036063
1466966384140402
1466966384241952
1466966384343390
1466966384449345
1466966384548097
1466966384650414
1466966384855213
1466966385162410
1466966385264835
1466966385368189
1466966385471213
1466966385574058
1466966385674479
1466966385778361
1466966385881459
1466966385986319
1466966386188809
1466966386391194
1466966386493602
1466966386698412
1466966386800780
1466966386903275
1466966387005779
1466966387108915
1466966387210398
1466966387312788
1466966387415204
1466966387517567
1466966387622027
1466966387724877
1466966387829485
1466966387927188
1466966388030746
1466966388131989
1466966388234817
1466966388337458
1466966388439696
1466966388542466
1466966388643982
1466966388752215
1466966388848766
1466966388952319
1466966389155987
1466966389259909
1466966389365809
1466966389669968
1466966389770394
1466966389872785
1466966389975266
1466966390077770
1466966390182528
1466966390283421
1466966390385194
1466966390488865
1466966390589590
1466966390797588
1466966390896787
1466966390999430
1466966391206634
1466966391306659
1466966391410942
1466966391511135
1466966391614013
1466966391920758
1466966392023150
1466966392229919
1466966392332585
1466966392434361
1466966392535091
1466966392637541
1466966392739937
1466966392842335
1466966393048945
1466966393149537
1466966393252094
1466966393354403
1466966393456748
1466966393559163
1466966393663308
1466966393763919
1466966393866337
1466966393971290
1466966394071953
1466966394175789
1466966394378314
1466966394480706
1466966394584500
1466966394686036
1466966394790370
1466966394892166
1466966394993207
1466966395095134
1466966395199332
1466966395404985
1466966395506520
1466966395607423
1466966395711424
1466966395811906
1466966395915708
1466966396016750
1466966396119094
1466966396221945
1466966396326938
1466966396426970
1466966396528964
1466966396633406
1466966396734170
1466966396835888
1466966396938345
1466966397040695
1466966397245510
1466966397348114
1466966397452585
1466966397552818
1466966397656513
1466966397757496
1466966397859911
1466966397962829
1466966398064707
1466966398168977
1466966398475023
1466966398576696
1466966398680009
1466966398783852
1466966398885709
1466966398986713
1466966399088703
1466966399191133
1466966399398253
1466966399600669
1466966399703088
1466966399806956
1466966399907878
1466966400010757
1466966400114577
1466966400215075
1466966400327328
1466966400422108
1466966400522256
1466966400626624
1466966400731253
1466966400829443
1466966400933880
1466966401034285
1466966401241516
1466966401342200
1466966401444170
1466966401548703
1466966401653321
1466966401755032
1466966401855883
1466966401957289
1466966402058214
1466966402264601
1466966402365457
1466966402467867
1466966402570514
1466966402775165
1466966402879009
1466966402979874
1466966403082272
1466966403184645
1466966403289044
1466966403390815
1466966403493734
1466966403594217
1466966403696616
1466966403798936
1466966403903467
1466966404006022
1466966404106372
1466966404208624
1466966404311012
1466966404420161
1466966404521643
1466966404621780
1466966404721038
1466966404823009
1466966404926262
1466966405030923
1466966405130216
1466966405233208
1466966405336985
1466966405437998
1466966405539919
1466966405642287
1466966405747111
1466966405847782
1466966405949519
1466966406156364
1466966406256613
1466966406359924
1466966406461397
1466966406563808
1466966406668730
1466966406871413
1466966407075788
1466966407178192
1466966407280596
1466966407383148
1466966407486665
1466966407587947
1466966407690144
1466966407895000
1466966407997367
1466966408101657
1466966408202221
1466966408304549
1466966408406987
1466966408510698
1466966408611769
1466966408716134
1466966408821688
1466966408918957
1466966409022745
1466966409125879
1466966409226161
1466966409328842
1466966409430989
1466966409533832
1466966409636339
1466966409738615
1466966409840585
1466966409944029
1466966410046548
1466966410147778
1466966410250178
1466966410352585
1466966410455018
1466966410562502
1466966410659875
1466966410763090
1466966410865706
1466966410972765
1466966411073480
1466966411173999
1466966411274563
1466966411376594
1466966411479518
1466966411581649
1466966411683747
1466966411786163
1466966411888736
1466966411992832
1466966412093688
1466966412199384
1466966412298173
1466966412400948
1466966412502943
1466966412605761
1466966412709294
1466966412810143
1466966412912537
1466966413014922
1466966413119883
1466966413219734
1466966413323888
1466966413424525
1466966413526950
1466966413629502
1466966413731940
1466966413834197
1466966414038941
1466966414141347
1466966414244085
1466966414346916
1466966414448586
1466966414551255
1466966414653270
1466966414755782
1466966414858136
1466966414960536
1466966415064219
1466966415165379
1466966415270172
1466966415371469
1466966415475073
1466966415574907
1466966415677466
1466966415779724
1466966415882173
1466966415986365
1466966416189376
1466966416298840
1466966416394124
1466966416497183
1466966416598906
1466966416701673
1466966416803880
1466966416906377
1466966417008614
1466966417111019
1466966417217357
1466966417316558
1466966417418107
1466966417524422
1466966417622914
1466966417725231
1466966417828803
1466966417930151
1466966418032521
1466966418134900
1466966418237560
1466966418340265
1466966418445536
1466966418546180
1466966418647847
1466966418749243
1466966418851966
1466966418956802
1466966419056799
1466966419161217
1466966419261297
1466966419363709
1466966419469577
1466966419572874
1466966419673419
1466966419777762
1466966419875701
1466966419978002
1466966420080809
1466966420185210
1466966420285278
1466966420387792
1466966420490162
1466966420592488
1466966420694876
1466966420797265
1466966420902702
1466966421007305
1466966421104441
1466966421207926
1466966421311676
1466966421412402
1466966421616592
1466966421719258
1466966421821401
1466966421923662
1466966422026335
1466966422131349
1466966422232014
1466966422336337
1466966422439831
1466966422538188
1466966422651507
1466966422742797
1466966422845255
1466966422947626
1466966423050028
1466966423154719
1466966423254906
1466966423357616
1466966423460667
1466966423564918
1466966423664448
1466966423768678
1466966423869245
1466966423972132
1466966424074566
1466966424176461
1466966424278967
1466966424383427
1466966424483629
1466966424586018
1466966424688820
1466966424790887
1466966424893496
1466966424997671
1466966425099095
1466966425303594
1466966425407669
1466966425507942
1466966425610025
1466966425712416
1466966425814800
1466966425918908
1466966426019776
1466966426122408
1466966426224424
1466966426327288
1466966426429206
1466966426533815
1466966426634513
1466966426736738
1466966426840350
1466966427043615
1466966427146435
1466966427250698
1466966427350794
1466966427453652
1466966427555603
1466966427659275
1466966427762675
1466966427863819
1466966427965148
1466966428067602
1466966428170215
1466966428273064
1466966428377108
1466966428580713
1466966428682485
1466966428888029
1466966428989600
1466966429091589
1466966429193981
1466966429296948
1466966429398788
1466966429501614
1466966429605872
1466966429705992
1466966429808380
1466966429911240
1466966430014880
1466966430116767
1466966430220214
1466966430323675
1466966430422768
1466966430525829
1466966430628179
1466966430733337
1466966430834709
1466966430934786
1466966431037184
1466966431140498
1466966431242143
1466966431344955
1466966431451925
1466966431549279
1466966431754646
1466966431856368
1466966431959082
1466966432061461
1466966432164297
1466966432265968
1466966432369086
1466966432472045
1466966432573148
1466966432675559
1466966432778771
1466966432882220
1466966432983100
1466966433086949
1466966433187548
1466966433289928
1466966433392455
1466966433494983
1466966433598996
1466966433700461
1466966433801916
1466966433904866
1466966434006965
1466966434109147
1466966434213463
1466966434314166
1466966434417743
1466966434519714
1466966434622369
1466966434723556
1466966434828257
1466966434928334
1466966435030732
1466966435133148
1466966435235873
1466966435338337
1466966435441364
1466966435542740
1466966435748296
1466966435849913
1466966435952344
1466966436056639
1466966436157121
1466966436259778
1466966436361901
1466966436464300
1466966436573176
1466966436674508
1466966436771801
1466966436978837
1466966437078742
1466966437181462
1466966437283843
1466966437386786
1466966437488326
1466966437590676
1466966437695275
1466966437795492
1466966437899374
1466966438001566
1466966438103294
1466966438205865
1466966438309191
1466966438512286
1466966438614675
1466966438717071
1466966438819797
1466966438921889
1466966439024896
1466966439126983
1466966439232165
1466966439331462
1466966439435859
1466966439536278
1466966439638676
1466966439741771
1466966439946225
1466966440051018
1466966440150676
1466966440253072
1466966440356271
1466966440458127
1466966440561044
1466966440665029
1466966440765072
1466966440867427
1466966441072275
1466966441174671
1466966441277408
1466966441379440
1466966441483585
1466966441585321
1466966441686650
1466966441789577
1466966441891494
1466966441993878
1466966442096720
1466966442201004
1466966442301759
1466966442404034
1466966442505911
1466966442609223
1466966442710620
1466966442813434
1466966442916870
1466966443017870
1466966443121343
1466966443222757
1466966443327541
1466966443428850
1466966443531300
1466966443632250
1466966443734643
1466966443837070
1466966444043839
1466966444144227
1466966444349757
1466966444451439
1466966444554030
1466966444658252
1466966444758639
1466966444861021
1466966444963657
1466966445066965
1466966445168886
1466966445273081
1466966445475406
1466966445578527
1466966445681542
1466966445784028
1466966445885426
1466966445989268
1466966446091742
1466966446192221
1466966446294619
1466966446402575
1466966446499414
1466966446601734
1466966446706291
1466966446807729
1466966446908950
1466966447012593
1466966447114399
1466966447216245
1466966447318986
1466966447423453
1466966447525232
1466966447627710
1466966447728188
1466966447831701
1466966447933126
1466966448035900
1466966448138292
1466966448244680
1466966448343035
1466966448447061
1466966448547978
1466966448650119
1466966448752199
1466966448854586
1466966448956997
1466966449059474
1466966449162118
1466966449264807
1466966449366890
1466966449468966
1466966449673799
1466966449776344
1466966449880678
1466966449980950
1466966450083368
1466966450288196
1466966450390908
1466966450495512
1466966450595381
1466966450697755
1466966450801152
1466966450903735
1466966451004983
1466966451109872
1466966451209762
1466966451312181
1466966451414571
1466966451518936
1466966451619380
1466966451723877
1466966451824678
1466966451926600
1466966452028985
1466966452132955
1466966452234250
1466966452336145
1466966452438699
1466966452540948
1466966452643356
1466966452746967
1466966452848445
1466966452950597
1466966453054189
1466966453155346
1466966453257767
1466966453361814
1466966453462512
1466966453566170
1466966453671214
1466966453769768
1466966453872887
1466966453974554
1466966454076974
1466966454179354
1466966454282962
1466966454384995
1466966454486527
1466966454588945
1466966454691344
1466966454794558
1466966454896446
1466966454999817
1466966455100947
1466966455203482
1466966455307677
1466966455408122
1466966455511672
1466966455613020
1466966455715320
1466966455817733
1466966455920134
1466966456025580
1466966456124903
1466966456229039
1466966456330203
1466966456432119
1466966456534517
1466966456637721
1466966456841954
1466966456944093
1466966457046492
1466966457252537
1466966457456749
1466966457558493
1466966457660922
1466966457763349
1466966457866513
1466966457969341
1466966458072519
1466966458173219
1466966458276665
1466966458377707
1466966458480810
1466966458584673
1466966458684891
1466966458788676
1466966458892844
1466966458992111
1466966459197090
1466966459401715
1466966459504090
1466966459606586
1466966459708906
1466966459811300
1466966459913714
1466966460017180
1466966460118651
1466966460221722
1466966460323326
1466966460528076
1466966460631467
1466966460732913
1466966460835993
1466966460937674
1466966461040017
1466966461142470
1466966461347257
1466966461450771
1466966461552036
1466966461654464
1466966461756877
1466966461859964
1466966461961798
1466966462166466
1466966462268883
1466966462371645
1466966462576140
1466966462679153
1466966462780861
1466966462884420
1466966462987600
1466966463088073
1466966463191891
1466966463293120
1466966463395418
1466966463499144
1466966463600259
1466966463703594
1466966463807258
1466966463907248
1466966464010642
1466966464113948
1466966464215430
1466966464317226
1466966464523989
1466966464624731
1466966464828848
1466966464931240
1466966465033630
1466966465136761
1466966465443776
1466966465545680
1466966465648026
1466966465750409
1466966465853077
1466966465956608
1466966466058217
1466966466160020
1466966466262453
1466966466364840
1466966466468949
1466966466572402
1466966466774423
1466966466876801
1466966466979206
1466966467184028
1466966467388989
1466966467491221
1466966467593880
1466966467696794
1466966467798574
1466966467902777
1466966468003221
1466966468105815
1466966468208597
1466966468413453
1466966468515815
1466966468617929
1466966468720890
1466966468822426
1466966468924794
1466966469028103
1466966469129580
1466966469436809
1466966469539184
1466966469743986
1466966469949868
1466966470051182
1466966470153581
1466966470256000
1466966470460800
1466966470566023
1466966470767972
1466966470870376
1466966470973048
1466966471076148
1466966471179166
1466966471280751
1466966471382379
1466966471484729
1466966471587187
1466966471690248
1466966471791979
1466966471895974
1466966472099175
1466966472201575
1466966472304221
1466966472406378
1466966472509178
1466966472713550
1466966472815962
1466966472919951
1466966473020747
1466966473124221
1466966473225563
1466966473328896
1466966473432827
1466966473533565
1466966473636848
1466966473738313
1466966473840294
1466966473944090
1466966474044751
1466966474148236
1466966474252295
1466966474351949
1466966474455846
1466966474561786
1466966474659144
1466966474762451
1466966474866078
1466966474966341
1466966475068689
1466966475171129
1466966475274782
1466966475478334
1466966475888500
1466966475990326
1466966476092720
1466966476195098
1466966476297645
1466966476399927
1466966476503127
1466966476809445
1466966477015076
1466966477117728
1466966477219045
1466966477321456
1466966477423919
1466966477526879
1466966477628871
1466966477731928
1466966477833524
1466966477935868
1466966478038329
1466966478142197
1466966478243119
1466966478346727
1466966478447906
1466966478653540
1466966478756170
1466966478960003
1466966479166510
1466966479267095
1466966479370433
1466966479473811
1466966479577351
1466966479677441
1466966480088580
1466966480188683
1466966480291098
1466966480497416
1466966480598282
1466966480700709
1466966480803105
1466966480906621
1466966481008277
1466966481110736
1466966481212652
