1467324605691816
1467324605794229
1467324605896608
1467324605999005
1467324606101419
1467324606204645
1467324606306211
1467324606408624
1467324606511003
1467324606613469
1467324606715823
1467324606818240
1467324606920608
1467324607023008
1467324607125470
1467324607227832
1467324607330280
1467324607432643
1467324607535046
1467324607637466
1467324607739881
1467324607842278
1467324607944672
1467324608047093
1467324608149868
1467324608251836
1467324608354216
1467324608456674
1467324608559178
1467324608661452
1467324608763885
1467324608866234
1467324608968644
1467324609071030
1467324609173484
1467324609275855
1467324609378293
1467324609480642
1467324609583073
1467324609685459
1467324609787843
1467324609890292
1467324609992886
1467324610096115
1467324610197364
1467324610299840
1467324610402204
1467324610504572
1467324610606982
1467324610709421
1467324610811842
1467324610914197
1467324611016629
1467324611119013
1467324611221442
1467324611323838
1467324611426200
1467324611528618
1467324611631014
1467324611733393
1467324611835839
1467324611938200
1467324612040741
1467324612143016
1467324612245464
1467324612347807
1467324612450225
1467324612654990
1467324612757389
1467324612859811
1467324612962282
1467324613064704
1467324613166993
1467324613269387
1467324613371864
1467324613576615
1467324613679043
1467324613781422
1467324613883799
1467324613986226
1467324614088654
1467324614191015
1467324614293572
1467324614398090
1467324614498201
1467324614600646
1467324614703056
1467324614805470
1467324614908031
1467324615010225
1467324615112694
1467324615215026
1467324615317692
1467324615420045
1467324615522251
1467324615624868
1467324615727078
1467324615829449
1467324615932071
1467324616034250
1467324616136670
1467324616239067
1467324616341432
1467324616443851
1467324616546297
1467324616648548
1467324616750981
1467324616853373
1467324616955822
1467324617058450
1467324617160612
1467324617262995
1467324617365424
1467324617467948
1467324617570190
1467324617672586
1467324617775181
1467324617877377
1467324617979819
1467324618082237
1467324618184569
1467324618287002
1467324618389391
1467324618492345
1467324618594232
1467324618697234
1467324618799045
1467324618903864
1467324619003839
1467324619106192
1467324619208596
1467324619311000
1467324619413415
1467324619515796
1467324619618304
1467324619721091
1467324619823654
1467324619926452
1467324620030459
1467324620130223
1467324620232650
1467324620334996
1467324620437405
1467324620539797
1467324620642259
1467324620744599
1467324620847067
1467324620949449
1467324621051840
1467324621154255
1467324621256650
1467324621359082
1467324621461400
1467324621563867
1467324621666214
1467324621768602
1467324621871018
1467324621973437
1467324622075838
1467324622178259
1467324622280639
1467324622383016
1467324622485737
1467324622587810
1467324622690276
1467324622792646
1467324622895007
1467324623099900
1467324623202167
1467324623304556
1467324623406947
1467324623509379
1467324623611822
1467324623714154
1467324623816611
1467324623918982
1467324624021372
1467324624123816
1467324624226194
1467324624328585
1467324624430988
1467324624533384
1467324624635760
1467324624738183
1467324624840614
1467324624942973
1467324625045386
1467324625147761
1467324625250221
1467324625354112
1467324625454989
1467324625557444
1467324625659795
1467324625762240
1467324625864598
1467324625967004
1467324626069424
1467324626171823
1467324626275927
1467324626376589
1467324626479047
1467324626581389
1467324626683843
1467324626786200
1467324626888637
1467324626990983
1467324627093451
1467324627195789
1467324627298179
1467324627400620
1467324627502986
1467324627605448
1467324627707806
1467324627810206
1467324627912594
1467324628015051
1467324628117418
1467324628219798
1467324628322296
1467324628424659
1467324628526986
1467324628629388
1467324628731802
1467324628834198
1467324628936623
1467324629141396
1467324629243797
1467324629346200
1467324629551032
1467324629653468
1467324629755779
1467324629858196
1467324629960588
1467324630062951
1467324630165404
1467324630267740
1467324630370135
1467324630472566
1467324630575031
1467324630677406
1467324630779749
1467324630882151
1467324630984557
1467324631086989
1467324631189364
1467324631291808
1467324631394169
1467324631496585
1467324631598951
1467324631701372
1467324631803759
1467324631906169
1467324632008575
1467324632110986
1467324632213388
1467324632315778
1467324632418181
1467324632520584
1467324632725434
1467324632827776
1467324632930188
1467324633032652
1467324633134972
1467324633339820
1467324633442191
1467324633544600
1467324633646995
1467324633749380
1467324633851795
1467324633954173
1467324634056581
1467324634159000
1467324634261402
1467324634363843
1467324634466191
1467324634568570
1467324634670997
1467324634773444
1467324634875806
1467324634978190
1467324635080590
1467324635182992
1467324635285449
1467324635387801
1467324635490242
1467324635592592
1467324635695049
1467324635797390
1467324635899924
1467324636002218
1467324636104602
1467324636207008
1467324636411851
1467324636514142
1467324636616595
1467324636718986
1467324636821341
1467324636923802
1467324637128532
1467324637230938
1467324637333347
1467324637435800
1467324637538156
1467324637640590
1467324637743012
1467324637845404
1467324637947748
1467324638050167
1467324638152531
1467324638255033
1467324638357407
1467324638459752
1467324638562168
1467324638664564
1467324638767007
1467324638869377
1467324638971825
1467324639074161
1467324639176582
1467324639278965
1467324639483822
1467324639586173
1467324639688554
1467324639790988
1467324639893440
1467324640098152
1467324640200588
1467324640302956
1467324640507825
1467324640610163
1467324640712587
1467324640814992
1467324640917397
1467324641019825
1467324641122191
1467324641224573
1467324641326996
1467324641429374
1467324641531765
1467324641634181
1467324641736637
1467324641838963
1467324641941425
1467324642043767
1467324642146174
1467324642248636
1467324642350990
1467324642453449
1467324642555944
1467324642658219
1467324642760658
1467324642862917
1467324642965389
1467324643067727
1467324643170173
1467324643272515
1467324643375298
1467324643477380
1467324643579748
1467324643682133
1467324643784539
1467324643886945
1467324643989353
1467324644091786
1467324644194137
1467324644296565
1467324644399274
1467324644501651
1467324644603758
1467324644706154
1467324644808769
1467324644911153
1467324645013325
1467324645115805
1467324645218137
1467324645320550
1467324645422924
1467324645525357
1467324645627868
1467324645730310
1467324645832595
1467324645934971
1467324646037344
1467324646139803
1467324646242157
1467324646344571
1467324646446979
1467324646549538
1467324646651754
1467324646754167
1467324646856559
1467324646958978
1467324647061362
1467324647163744
1467324647266172
1467324647368562
1467324647470967
1467324647573399
1467324647675801
1467324647778181
1467324647880559
1467324647982955
1467324648085431
1467324648187767
1467324648290221
1467324648392619
1467324648495013
1467324648597397
1467324648699824
1467324648802158
1467324648904555
1467324649007035
1467324649109369
1467324649211801
1467324649314193
1467324649416575
1467324649518914
1467324649621310
1467324649723724
1467324649826129
1467324649928515
1467324650030945
1467324650133319
1467324650235735
1467324650338177
1467324650440555
1467324650542929
1467324650645384
1467324650747756
1467324650850187
1467324650952522
1467324651054959
1467324651157392
1467324651259802
1467324651362121
1467324651464570
1467324651566927
1467324651669365
1467324651771783
1467324651874146
1467324651976518
1467324652078929
1467324652181331
1467324652283806
1467324652386173
1467324652488596
1467324652590996
1467324652693362
1467324652795759
1467324652898136
1467324653000594
1467324653102933
1467324653205405
1467324653307791
1467324653410159
1467324653513104
1467324653614950
1467324653717348
1467324653819763
1467324653922142
1467324654024546
1467324654127012
1467324654229368
1467324654331764
1467324654434163
1467324654536630
1467324654638962
1467324654741369
1467324654843769
1467324654946165
1467324655048556
1467324655150980
1467324655253345
1467324655355801
1467324655458244
1467324655560618
1467324655662956
1467324655765387
1467324655867768
1467324655970116
1467324656072494
1467324656174930
1467324656277325
1467324656379750
1467324656482167
1467324656584518
1467324656686942
1467324656789319
1467324656891746
1467324656994113
1467324657096543
1467324657198940
1467324657301311
1467324657403707
1467324657506132
1467324657608524
1467324657710942
1467324657813320
1467324657915705
1467324658018124
1467324658120576
1467324658222944
1467324658325366
1467324658427739
1467324658530178
1467324658632575
1467324658734933
1467324658837308
1467324658939721
1467324659042178
1467324659144514
1467324659246961
1467324659349926
1467324659451787
1467324659557043
1467324659656604
1467324659758931
1467324659861390
1467324659963761
1467324660066160
1467324660168545
1467324660270930
1467324660373394
1467324660475777
1467324660578202
1467324660680553
1467324660782934
1467324660885392
1467324660987785
1467324661090204
1467324661192585
1467324661294975
1467324661499802
1467324661602214
1467324661704550
1467324661807035
1467324661909393
1467324662011745
1467324662114173
1467324662216627
1467324662318978
1467324662421350
1467324662523746
1467324662626092
1467324662728557
1467324662830952
1467324662933361
1467324663035682
1467324663138156
1467324663240556
1467324663342890
1467324663445339
1467324663547708
1467324663650097
1467324663752556
1467324663854951
1467324663957371
1467324664059747
1467324664162160
1467324664383703
1467324664471013
1467324664571763
1467324664674118
1467324664776510
1467324664879508
1467324664981307
1467324665083766
1467324665186097
1467324665288546
1467324665390955
1467324665493330
1467324665596088
1467324665698135
1467324665800750
1467324665902927
1467324666005355
1467324666107726
1467324666210180
1467324666312550
1467324666414929
1467324666517339
1467324666619758
1467324666722183
1467324666824526
1467324666926947
1467324667029330
1467324667131744
1467324667234120
1467324667336530
1467324667438972
1467324667541364
1467324667643783
1467324667746147
1467324667849409
1467324667950963
1467324668053390
1467324668155807
1467324668258204
1467324668362228
1467324668462945
1467324668565393
1467324668667752
1467324668770169
1467324668872567
1467324668974987
1467324669077304
1467324669179714
1467324669282112
1467324669384481
1467324669486882
1467324669589286
1467324669691744
1467324669794103
1467324669896501
1467324669998952
1467324670101296
1467324670203740
1467324670306683
1467324670408553
1467324670510928
1467324670613345
1467324670715681
1467324670818110
1467324670920518
1467324671022937
1467324671125315
1467324671227701
1467324671330163
1467324671432512
1467324671534910
1467324671637293
1467324671739735
1467324671842162
1467324671944494
1467324672046952
1467324672149319
1467324672251763
1467324672354157
1467324672456572
1467324672558974
1467324672661371
1467324672763768
1467324672866114
1467324672968517
1467324673070931
1467324673173378
1467324673278218
1467324673378105
1467324673480527
1467324673582934
1467324673685372
1467324673789505
1467324673890186
1467324673992536
1467324674094911
1467324674197358
1467324674299711
1467324674402133
1467324674504524
1467324674606919
1467324674709333
1467324674813875
1467324674914156
1467324675016609
1467324675118954
1467324675221333
1467324675323810
1467324675426118
1467324675528549
1467324675630866
1467324675733326
1467324675835708
1467324675938059
1467324676040521
1467324676142908
1467324676245333
1467324676347668
1467324676450143
1467324676552575
1467324676654932
1467324676757336
1467324676859720
1467324676962115
1467324677064482
1467324677166886
1467324677269339
1467324677371726
1467324677474118
1467324677576504
1467324677678902
1467324677781312
1467324677883745
1467324677986097
1467324678088554
1467324678190956
1467324678293305
1467324678395681
1467324678498087
1467324678600531
1467324678702891
1467324678805290
1467324678907712
1467324679010086
1467324679112556
1467324679214905
1467324679317354
1467324679419681
1467324679522123
1467324679624500
1467324679726893
1467324679829300
1467324679931704
1467324680034159
1467324680136560
1467324680238960
1467324680341534
1467324680443737
1467324680546141
1467324680648556
1467324680750945
1467324680853367
1467324680955721
1467324681058164
1467324681160549
1467324681262912
1467324681365338
1467324681467728
1467324681570150
1467324681672591
1467324681774977
1467324681877367
1467324681979723
1467324682082118
1467324682184466
1467324682286880
1467324682389289
1467324682491710
1467324682594122
1467324682696481
1467324682798892
1467324682901283
1467324683003687
1467324683106060
1467324683208515
1467324683310878
1467324683413290
1467324683515660
1467324683618070
1467324683720518
1467324683822882
1467324683925263
1467324684027662
1467324684130121
1467324684232475
1467324684334891
1467324684437289
1467324684541018
1467324684642068
1467324684744499
1467324684949332
1467324685051711
1467324685154122
1467324685256541
1467324685358883
1467324685461704
1467324685666083
1467324685768509
1467324685870873
1467324685973308
1467324686075719
1467324686178237
1467324686280486
1467324686382917
1467324686485322
1467324686587719
1467324686690136
1467324686792539
1467324686894895
1467324686997331
1467324687099749
1467324687202092
1467324687304521
1467324687406930
1467324687509291
1467324687611747
1467324687816619
1467324687918895
1467324688021373
1467324688123715
1467324688226120
1467324688328519
1467324688430925
1467324688533348
1467324688635751
1467324688738102
1467324688840459
1467324689045269
1467324689147664
1467324689250044
1467324689352491
1467324689454848
1467324689557309
1467324689659673
1467324689762107
1467324689864439
1467324689966864
1467324690069258
1467324690171652
1467324690274069
1467324690376485
1467324690478931
1467324690582418
1467324690683733
1467324690786075
1467324690888527
1467324690990870
1467324691093287
1467324691195681
1467324691298064
1467324691400522
1467324691502870
1467324691605297
1467324691707683
1467324691810097
1467324691912482
1467324692014872
1467324692117272
1467324692219668
1467324692322077
1467324692424478
1467324692526885
1467324692629286
1467324692731712
1467324692834085
1467324692936541
1467324693038895
1467324693141307
1467324693243972
1467324693346104
1467324693448498
1467324693550908
1467324693653330
1467324693755725
1467324693858146
1467324693960528
1467324694062877
1467324694165373
1467324694267706
1467324694370079
1467324694472523
1467324694574967
1467324694677327
1467324694779750
1467324694883520
1467324694984501
1467324695086953
1467324695189315
1467324695299229
1467324695394075
1467324695496470
1467324695598839
1467324695701232
1467324695803689
1467324695906087
1467324696008439
1467324696110896
1467324696213247
1467324696315637
1467324696418048
1467324696520500
1467324696622858
1467324696725262
1467324696827660
1467324696930103
1467324697032477
1467324697134855
1467324697237277
1467324697339715
1467324697442099
1467324697544441
1467324697646887
1467324697749266
1467324697851674
1467324697954103
1467324698056487
1467324698158913
1467324698261259
1467324698363652
1467324698466083
1467324698670874
1467324698773292
1467324698875681
1467324698978096
1467324699080500
1467324699182860
1467324699285305
1467324699387661
1467324699490097
1467324699592463
1467324699694933
1467324699797287
1467324699899706
1467324700002095
1467324700104491
1467324700206906
1467324700309304
1467324700411730
1467324700514091
1467324700616524
1467324700718916
1467324700821290
1467324700923738
1467324701026180
1467324701128540
1467324701333280
1467324701435702
1467324701538139
1467324701640545
1467324701742905
1467324701845236
1467324701947652
1467324702050029
1467324702152447
1467324702254817
1467324702357293
1467324702459632
1467324702562034
1467324702664422
1467324702766918
1467324702971638
1467324703074061
1467324703176480
1467324703278915
1467324703381280
1467324703483685
1467324703586056
1467324703688507
1467324703790874
1467324703893257
1467324703995682
1467324704098040
1467324704200500
1467324704302841
1467324704405299
1467324704507639
1467324704610750
1467324704712510
1467324704814834
1467324704917227
1467324705019707
1467324705122051
1467324705224441
1467324705326909
1467324705429273
1467324705531660
1467324705634052
1467324705736522
1467324705838902
1467324705941289
1467324706043713
1467324706146043
1467324706248503
1467324706350882
1467324706453311
1467324706555732
1467324706658128
1467324706760524
1467324706862869
1467324706965310
1467324707067653
1467324707170087
1467324707272530
1467324707374917
1467324707477281
1467324707579727
1467324707682123
1467324707784464
1467324707903734
1467324707989310
1467324708091667
1467324708194081
1467324708296522
1467324708398844
1467324708501232
1467324708603618
1467324708706021
1467324708808406
1467324708910839
1467324709013269
1467324709115636
1467324709218024
1467324709320476
1467324709422881
1467324709525236
1467324709627630
1467324709730065
1467324709832433
1467324709934825
1467324710037229
1467324710139648
