1467140967504027
1467140967606431
1467140967708829
1467140967811207
1467140967913709
1467140968016084
1467140968118446
1467140968323281
1467140968425674
1467140968528003
1467140968630630
1467140968732850
1467140968835253
1467140968937632
1467140969040040
1467140969244825
1467140969347307
1467140969449654
1467140969552047
1467140969654448
1467140969859315
1467140969961717
1467140970064062
1467140970166421
1467140970268867
1467140970371238
1467140970576025
1467140970678440
1467140970780929
1467140970883268
1467140970985696
1467140971190468
1467140971497753
1467140971804865
1467140971907255
1467140972009661
1467140972112086
1467140972214479
1467140972316862
1467140972521679
1467140972624070
1467140972726488
1467140972828886
1467140972931327
1467140973136068
1467140973340880
1467140973443276
1467140973545691
1467140973648104
1467140973750466
1467140973852902
1467140973955366
1467140974057674
1467140974262614
1467140974364976
1467140974467297
1467140974569675
1467140974672103
1467140974876885
1467140974979414
1467140975081710
1467140975184152
1467140975286546
1467140975388911
1467140975696111
1467140975798587
1467140975900966
1467140976003334
1467140976106018
1467140976208438
1467140976310517
1467140976515377
1467140976617750
1467140976720172
1467140976822586
1467140976924931
1467140977027304
1467140977232137
1467140977334533
1467140977436985
1467140977641716
1467140977744203
1467140978153732
1467140978358559
1467140978460934
1467140978563438
1467140978665738
1467140978768203
1467140978870565
1467140978972963
1467140979382563
1467140979587417
1467140979689798
1467140979894556
1467140979997017
1467140980099352
1467140980201785
1467140980816185
1467140980920133
1467140981021008
1467140981225823
1467140981328257
1467140981430658
1467140981533033
1467140981635363
1467140981737819
1467140981840197
1467140982045708
1467140982249784
1467140982454595
1467140982556970
1467140982659360
1467140982761782
1467140982864190
1467140982966649
1467140983069049
1467140983171448
1467140983376194
1467140983581009
1467140983683389
1467140983785791
1467140983990591
1467140984092998
1467140984197799
1467140984297888
1467140984400259
1467140984605070
1467140984707406
1467140984809801
1467140984912212
1467140985014611
1467140985117037
1467140985219405
1467140985321834
1467140985424227
1467140985526629
1467140985629104
1467140985731442
1467140985833884
1467140985936255
1467140986243425
1467140986345913
1467140986448223
1467140986550633
1467140986857880
1467140987165086
1467140987369885
1467140987472649
1467140987574717
1467140987677054
1467140987779511
1467140987881949
1467140988087820
1467140988189031
1467140988291521
1467140988393974
1467140988496349
1467140988598693
1467140988701179
1467140988803473
1467140988905886
1467140989008272
1467140989110777
1467140989213071
1467140989315471
1467140989417887
1467140989520266
1467140989622699
1467140989725108
1467140989827471
1467140989929927
1467140990237132
1467140990339487
1467140990441924
1467140990544286
1467140990646753
1467140990749490
1467140990851532
1467140990953868
1467140991056277
1467140991158721
1467140991261107
1467140991364738
1467140991568336
1467140991670680
1467140991773116
1467140991875554
1467140991977989
1467140992080359
1467140992182779
1467140992285097
1467140992387502
1467140992491682
1467140992592281
1467140992694696
1467140992797100
1467140992899489
1467140993001912
1467140993104306
1467140993206727
1467140993309099
1467140993411620
1467140993513988
1467140993616337
1467140993718694
1467140993821144
1467140993923516
1467140994025909
1467140994230855
1467140994333119
1467140994435508
1467140994640338
1467140994742724
1467140994845145
1467140994947537
1467140995049943
1467140995152324
1467140995254782
1467140995357139
1467140995459529
1467140995561958
1467140995664329
1467140995766750
1467140995869139
1467140996176346
1467140996381149
1467140996483551
1467140996585928
1467140996790819
1467140996893148
1467140996995582
1467140997302770
1467140997405242
1467140997507616
1467140997609956
1467140997712435
1467140997816113
1467140998019562
1467140998121969
1467140998224460
1467140998326769
1467140998429241
1467140998633993
1467140998736399
1467140998838873
1467140998941169
1467140999145974
1467140999248432
1467140999350786
1467140999453186
1467140999555589
1467140999658067
1467140999760364
1467140999862812
1467140999965197
1467141000067639
1467141000170990
1467141000272456
1467141000374808
1467141000479434
1467141000579688
1467141000682134
1467141000784415
1467141000886846
1467141000989222
1467141001091594
1467141001194005
1467141001296376
1467141001398832
1467141001501204
1467141001603658
1467141001808436
1467141001910804
1467141002013281
1467141002218075
1467141002320473
1467141002422826
1467141002525227
1467141002627639
1467141002730024
1467141002832488
1467141002934851
1467141003037296
1467141003139611
1467141003242032
1467141003344508
1467141003446896
1467141003549239
1467141003651646
1467141003754075
1467141003856492
1467141003958831
1467141004063278
1467141004266197
1467141004470834
1467141004573243
1467141004675632
1467141004778033
1467141004880427
1467141005085273
1467141005187655
1467141005290094
1467141005392465
1467141005494877
1467141005597244
1467141005699727
1467141005904472
1467141006006849
1467141006109252
1467141006211685
1467141006314104
1467141006416509
1467141006518886
1467141006621263
1467141006826055
1467141006928513
1467141007030957
1467141007133288
1467141007235659
1467141007338076
1467141007440532
1467141007542895
1467141007645314
1467141007747746
1467141007952486
1467141008054892
1467141008157297
1467141008259691
1467141008464478
1467141008566875
1467141008669350
1467141008771694
1467141008874128
1467141008976489
1467141009078919
1467141009181296
1467141009283678
1467141009386091
1467141009488513
1467141009590909
1467141009693297
1467141009795751
1467141009898095
1467141010000511
1467141010102953
1467141010205287
1467141010307745
1467141010410096
1467141010717323
1467141011024539
1467141011229332
1467141011331740
1467141011434116
1467141011536519
1467141011638925
1467141011741305
1467141011946112
1467141012150971
1467141012560665
1467141012663037
1467141012765340
1467141012867786
1467141012970144
1467141013072546
1467141013174942
1467141013277328
1467141013584581
1467141013687212
1467141013789342
1467141013892661
1467141013994248
1467141014096536
1467141014198971
1467141014506244
1467141014608642
1467141014710956
1467141014915806
1467141015018159
1467141015222964
1467141015325346
1467141015427883
1467141015530159
1467141015632577
1467141015735076
1467141015837387
1467141015939860
1467141016042176
1467141016144591
1467141016247004
1467141016349453
1467141016554187
1467141016656604
1467141016758985
1467141016861466
1467141016963864
1467141017066190
1467141017168592
1467141017271046
1467141017373452
1467141017578198
1467141017680596
1467141017782989
1467141017987819
1467141018192599
1467141018295098
1467141018397403
1467141018499812
1467141018602222
1467141018704629
1467141018807076
1467141018909411
1467141019011809
1467141019114211
1467141019216628
1467141019319013
1467141019421477
1467141019523808
1467141019626223
1467141019728675
1467141019831045
1467141019933471
1467141020035820
1467141020138223
1467141020240632
1467141020343036
1467141020445527
1467141020547850
1467141020650286
1467141020752678
1467141020855045
1467141020958822
1467141021162220
1467141021367035
1467141021469432
1467141021572141
1467141021674223
1467141021776616
1467141021879823
1467141021981499
1467141022186251
1467141022288648
1467141022391048
1467141022595869
1467141022698245
1467141022800645
1467141022903045
1467141023107849
1467141023210253
1467141023312667
1467141023415086
1467141023517487
1467141023619867
1467141023722248
1467141023824694
1467141023927060
1467141024029454
1467141024131943
1467141024234273
1467141024336772
1467141024439082
1467141024541451
1467141024643980
1467141024746289
1467141024951143
1467141025053492
1467141025258281
1467141025360702
1467141025463078
1467141025565515
1467141025667903
1467141025872704
1467141025975101
1467141026077596
1467141026282305
1467141026384712
1467141026589572
1467141026691892
1467141026794298
1467141026896693
1467141026999914
1467141027101532
1467141027306297
1467141027511217
1467141027613566
1467141027715974
1467141027818307
1467141027920733
1467141028023185
1467141028227920
1467141028432719
1467141028535104
1467141028637546
1467141028739916
1467141028842397
1467141028944841
1467141029149518
1467141029251912
1467141029354364
1467141029456787
1467141029661516
1467141029763997
1467141029866338
1467141029968744
1467141030071122
1467141030173530
1467141030276104
1467141030378443
1467141030480729
1467141030583136
1467141030685539
1467141030787943
1467141030890326
1467141030992774
1467141031197538
1467141031299950
1467141031402366
1467141031506076
1467141031607150
1467141031709671
1467141031812051
1467141031918019
1467141032016761
1467141032119161
1467141032221565
1467141032426389
1467141032528810
1467141032631174
1467141032733574
1467141032835984
1467141032938367
1467141033040767
1467141033143281
1467141033348005
1467141033450408
1467141033655160
1467141033757591
1467141033860004
1467141034064839
1467141034167178
1467141034269621
1467141034371980
1467141034474382
1467141034576878
1467141034679197
1467141034781595
1467141034884014
1467141034986410
1467141035088790
1467141035191182
1467141035293672
1467141035396024
1467141035498409
1467141035600868
1467141035703240
1467141035805605
1467141036010479
1467141036215212
1467141036317619
1467141036522444
1467141036624846
1467141036727319
1467141036829704
1467141036932027
1467141037034479
1467141037136819
1467141037444020
1467141037546455
1467141037648840
1467141037853658
1467141037956019
1467141038058410
1467141038160939
1467141038263319
1467141038365657
1467141038468050
1467141038570452
1467141038775230
1467141038877650
1467141039082450
1467141039184825
1467141039492136
1467141039696928
1467141039799312
1467141039901662
1467141040004063
1467141040106503
1467141040208874
1467141040311255
1467141040413658
1467141040516125
1467141040720882
1467141040823274
1467141040925746
1467141041028155
1467141041233021
1467141041335333
1467141041540064
1467141041644927
1467141041744873
1467141041847304
1467141042052062
1467141042154471
1467141042256881
1467141042359362
1467141042564112
1467141042666516
1467141042768902
1467141042871272
1467141042973701
1467141043076111
1467141043178670
1467141043485709
1467141043692239
1467141043895373
1467141044100161
1467141044304890
1467141044407287
1467141044509767
1467141044612118
1467141044714515
1467141044816901
1467141044919292
1467141045021740
1467141045124119
1467141045226588
1467141045328987
1467141045533709
1467141045636122
1467141045738515
1467141045840934
1467141045943327
1467141046045712
1467141046148376
1467141046352918
1467141046455450
1467141046557769
1467141046762607
1467141046864990
1467141046967397
1467141047069742
1467141047274565
1467141047376961
1467141047479408
1467141047581742
1467141047684151
1467141047786558
1467141047888971
1467141048093837
1467141048196225
1467141048400939
1467141048708150
1467141048810557
1467141048912939
1467141049015349
1467141049117749
1467141049220159
1467141049322560
1467141049424991
1467141049527360
1467141049629755
1467141049732150
1467141049936970
1467141050039391
1467141050141766
1467141050244197
1467141050346563
1467141050448982
1467141050551356
1467141050756247
1467141050858691
1467141050961077
1467141051063388
1467141051165834
1467141051268162
1467141051370586
1467141051472992
1467141051575380
1467141051677787
1467141051780212
1467141051882599
1467141051985073
1467141052087377
1467141052189796
1467141052292249
1467141052394658
1467141052497094
1467141052599398
1467141052701811
1467141052804191
1467141052906599
1467141053009090
1467141053214120
1467141053316239
1467141053418613
1467141053520999
1467141053623398
1467141053725795
1467141053930637
1467141054033067
1467141054237843
1467141054340239
1467141054442634
1467141054545045
1467141054647982
1467141054749825
1467141054852235
1467141054954626
1467141055057078
1467141055159529
1467141055364268
1467141055569035
1467141055773885
1467141055876335
1467141055978618
1467141056388234
1467141056490652
1467141056593043
1467141056696865
1467141056797865
1467141056900231
1467141057002649
1467141057105059
1467141057310087
1467141057412313
1467141057617080
1467141057719499
1467141057821919
1467141057924259
1467141058026646
1467141058129153
1467141058231519
1467141058333853
1467141058436263
1467141058538693
1467141058642219
1467141058743476
1467141058845863
1467141058948294
1467141059051777
1467141059255455
1467141059357894
1467141059460274
1467141059562702
1467141059672737
1467141059767479
1467141060074778
1467141060177085
1467141060279514
1467141060381882
1467141060484401
1467141060586684
1467141060689088
1467141060909024
1467141061007526
1467141061106619
1467141061206090
1467141061307124
1467141061508421
1467141061610692
1467141061736672
1467141061818410
1467141062020294
1467141062122713
1467141062225112
1467141062327506
1467141062429916
1467141062532407
1467141062634737
1467141062839523
1467141062945189
1467141063045180
1467141063146740
1467141063351549
1467141063453945
1467141063556316
1467141063658735
1467141063761111
1467141063863537
1467141063965916
1467141064068420
1467141064170731
1467141064273129
1467141064375878
1467141064478024
1467141064580365
1467141064682734
1467141064785156
1467141064887546
1467141064989940
1467141065092363
1467141065194769
1467141065297172
1467141065399557
1467141065501938
1467141065604464
1467141065706824
1467141065809156
1467141065911576
1467141066014026
1467141066116341
1467141066218865
1467141066321252
1467141066423558
1467141066525961
1467141066628368
1467141066730754
1467141066833229
1467141066935597
1467141067037964
1467141067140365
1467141067242748
1467141067345170
1467141067449844
1467141067652388
1467141067754857
1467141067857184
1467141067959630
1467141068061963
1467141068164397
1467141068266790
1467141068369197
1467141068471601
1467141068573982
1467141068676405
1467141068778788
1467141068881181
1467141068983593
1467141069085991
1467141069290850
1467141069393324
1467141069495615
1467141069598005
1467141069700406
1467141069802796
1467141069905191
1467141070212426
1467141070314806
1467141070417187
1467141070519628
1467141070622031
1467141070724530
1467141070828742
1467141070929235
1467141071031624
1467141071134020
1467141071236418
1467141071338811
1467141071543694
1467141071646039
1467141071748399
1467141071850822
1467141071953207
1467141072055623
1467141072158122
1467141072260437
1467141072465212
1467141072567634
1467141072670026
1467141072772447
1467141072874934
1467141072977367
1467141073079667
1467141073182034
1467141073284439
1467141073591695
1467141073694028
1467141073796449
1467141073898896
1467141074001235
1467141074103649
1467141074206060
1467141074308459
1467141074411004
1467141074513249
1467141074615736
1467141074718060
1467141074922838
1467141075025277
1467141075127747
1467141075230050
1467141075332460
1467141075434872
1467141075537264
1467141075639681
1467141075742153
1467141075844473
1467141075946860
1467141076049637
1467141076151648
1467141076356468
1467141076458943
1467141076561276
1467141076663685
1467141076766069
1467141076868571
1467141076970942
1467141077073365
1467141077175759
1467141077278097
1467141077380500
1467141077482916
1467141077585290
1467141077687678
1467141077790166
1467141077892488
1467141077994937
1467141078097340
1467141078199705
1467141078302089
1467141078404579
1467141078506958
1467141078711731
1467141078814081
1467141078916503
1467141079018913
1467141079121814
1467141079223782
1467141079326150
1467141079428534
1467141079530917
1467141079633294
1467141079735690
1467141079838114
1467141079940506
1467141080042906
1467141080145378
1467141080247709
1467141080350123
1467141080452525
1467141080554928
1467141080657445
1467141080759771
1467141080862138
1467141080964532
1467141081067002
1467141081169339
1467141081271729
1467141081374144
1467141081476538
1467141081578907
1467141081681331
1467141081783755
1467141081886148
1467141081988532
1467141082091046
1467141082193339
1467141082295797
1467141082398132
1467141082500526
1467141082602940
1467141082705344
1467141082807856
1467141082910124
1467141083012547
1467141083114959
1467141083217368
1467141083319751
1467141083422168
1467141083524550
1467141083626943
1467141083729394
1467141083831833
1467141084036570
1467141084138949
1467141084241466
1467141084343754
1467141084446177
1467141084548631
1467141084651031
1467141084753377
1467141084855771
1467141084958201
1467141085060587
1467141085162967
1467141085265395
1467141085367807
1467141085470197
1467141085572941
1467141085674962
1467141085777391
1467141085882091
1467141085982202
1467141086085933
1467141086187069
1467141086289386
1467141086391815
1467141086494178
1467141086596583
1467141086699487
1467141086802545
1467141086912823
1467141087006210
1467141087108648
1467141087211058
1467141087313381
1467141087415928
1467141087620685
1467141087722987
1467141087825445
1467141087927819
