1467286758042736
1467286758145074
1467286758247545
1467286758554737
1467286758657149
1467286758759524
1467286758861901
1467286758964337
1467286760602754
1467286760807904
1467286761217133
1467286763879502
1467286763981930
1467286764084288
1467286764186736
1467286764289155
1467286764391531
1467286764596268
1467286764698736
1467286764801153
1467286764903530
1467286765109531
1467286765210760
1467286765313096
1467286765415550
1467286765825134
1467286765927530
1467286766439496
1467286767565980
1467286768180389
1467286768999547
1467286769204342
1467286770330821
1467286770637948
1467286770740343
1467286770945093
1467286771047550
1467286771149972
1467286771354760
1467286771764344
1467286771866739
1467286772071551
1467286772481134
1467286772583551
1467286772685963
1467286772788344
1467286772993175
1467286773095500
1467286773505135
1467286773607548
1467286773914739
1467286774119579
1467286774324339
1467286774529113
1467286774631491
1467286774733949
1467286774938762
1467286775041884
1467286775143532
1467286775348364
1467286775655560
1467286775757947
1467286775962683
1467286776065131
1467286776884380
1467286776986760
1467286777089132
1467286777191520
1467286777293949
1467286777498750
1467286777601489
1467286777703533
1467286777805949
1467286777908363
1467286778215574
1467286778420363
1467286778522735
1467286778727575
1467286778829906
1467286778932341
1467286779034761
1467286779137154
1467286779239550
1467286779341971
1467286779444388
1467286779649104
1467286779751570
1467286779853950
1467286780058714
1467286780365966
1467286780468362
1467286780980302
1467286781185169
1467286781287555
1467286781492346
1467286781594711
1467286781697096
1467286781799553
1467286781901949
1467286782004343
1467286782209165
1467286782516341
1467286782823548
1467286782925949
1467286788250766
1467286788865160
1467286788967574
1467286789172349
1467286789889158
1467286790196302
1467286791629916
1467286791732367
1467286792653950
1467286792858761
1467286793473161
1467286793780424
1467286793882773
1467286795726003
1467286796237989
1467286797159576
1467286797466765
1467286799617182
1467286799924950
1467286801460366
1467286802074781
1467286802177180
1467286802279535
1467286804737166
1467286805761158
1467286806170766
1467286807604409
1467286807706786
1467286808116371
1467286810369163
1467286810573976
1467286815284388
1467286818561181
1467286818663558
1467286818765997
1467286819277972
1467286819380337
1467286822657184
1467286823169187
1467286823271599
1467286823373996
1467286823578749
1467286823681146
1467286823783597
1467286823988368
1467286824090811
1467286824193183
1467286824295560
1467286824398011
1467286825729150
1467286826138791
1467286826241187
1467286826343641
1467286826445967
1467286826548415
1467286827981998
1467286828289186
1467286830234811
1467286835047602
1467286836583638
1467286837505187
1467286841089210
1467286843034775
1467286846209210
1467286846316033
1467286846721211
1467286847233229
1467286847335610
1467286847438021
1467286847540400
1467286847642814
1467286847745186
1467286847847626
1467286847950023
1467286848052404
1467286848154838
1467286848359627
1467286848564436
1467286848666853
1467286849178753
1467286849281226
1467286849588437
1467286849690816
1467286849793212
1467286850714823
1467286850817647
1467286851636439
1467286851841230
1467286852250811
1467286852455585
1467286852660420
1467286852967629
1467286853274791
1467286853377230
1467286853581976
1467286853786834
1467286853889210
1467286853991632
1467286854094024
1467286854196377
1467286854298791
1467286854503607
1467286854606002
1467286854708424
1467286854913177
1467286855015606
1467286855220444
1467286855425213
1467286857780439
1467286857985216
1467286858087629
1467286858906791
1467286859214024
1467286859316422
1467286859418838
1467286859521235
1467286859623634
1467286859828398
1467286860033225
1467286860135630
1467286860238028
1467286860442813
1467286860545171
1467286860647630
1467286860750046
1467286860954836
1467286861671608
1467286861774030
1467286861876441
1467286861978772
1467286862081213
1467286862593226
1467286862696177
1467286863105230
1467286863617231
1467286863719628
1467286863822025
1467286863924411
1467286864231630
1467286864436442
1467286864538818
1467286864641218
1467286864743651
1467286864948420
1467286865153216
1467286865767653
1467286866074790
1467286866177236
1467286866279575
1467286866484460
1467286866996379
1467286867098815
1467286867406025
1467286867508448
1467286867610859
1467286867815630
1467286867917991
1467286868020404
1467286868122897
1467286868327644
1467286868634839
1467286868942036
1467286869249231
1467286869351653
1467286869454028
1467286869556468
1467286869863600
1467286870273240
1467286870887608
1467286871092395
1467286871194781
1467286871297251
1467286871399568
1467286872014022
1467286872218840
1467286872321275
1467286872628397
1467286872935631
1467286873038026
1467286873345193
1467286873447603
1467286873754839
1467286874062034
1467286874266835
1467286874369256
1467286874676455
1467286874778783
1467286874881252
1467286874983653
1467286875086024
1467286875188443
1467286875290835
1467286875393236
1467286875598027
1467286876110051
1467286876212400
1467286876314838
1467286876417266
1467286876519633
1467286876622029
1467286876724445
1467286876929193
1467286877031633
1467286877134051
1467286877236441
1467286877338840
1467286877543634
1467286877645971
1467286877748420
1467286877850874
1467286877953188
1467286878158433
1467286878260446
1467286878465193
1467286878772440
1467286879182042
1467286879284425
1467286879694028
1467286879796384
1467286880001235
1467286880206072
1467286880308384
1467286880513193
1467286880922861
1467286881025236
1467286881127966
1467286881332467
1467286881537253
1467286881639685
1467286881742087
1467286881844441
1467286881946783
1467286882049236
1467286882151650
1467286882254031
1467286882356612
1467286882458859
1467286882561238
1467286882663604
1467286882766049
1467286882868443
1467286883175669
1467286883278074
1467286883482837
1467286883585234
1467286883790009
1467286883994863
1467286884097259
1467286884199633
1467286884404447
1467286884506814
1467286884609235
1467286884711603
1467286884814049
1467286884916398
1467286885018831
1467286885223633
1467286885428445
1467286885530857
1467286885633238
1467286886042859
1467286886247633
1467286886452445
1467286886554841
1467286886657276
1467286886759673
1467286887169236
1467286887578808
1467286887681202
1467286887783675
1467286887886090
1467286887988444
1467286888090840
1467286888193234
1467286888295634
1467286888705289
1467286888807665
1467286889319633
1467286889422053
1467286889729208
1467286890138784
1467286890343635
1467286890855685
1467286890958015
1467286891162777
1467286891265293
1467286891367637
1467286891470051
1467286891777260
1467286891879633
1467286891982067
1467286892084470
1467286892289261
1467286892391671
1467286892494093
1467286892596409
1467286892801260
1467286892903652
1467286893210843
1467286893313231
1467286893415677
1467286893518067
1467286893722844
1467286893825261
1467286893927658
1467286894030029
1467286894234889
1467286894337257
1467286894644470
1467286894746863
1467286894849238
1467286894951656
1467286895054008
1467286895258839
1467286895361219
1467286895463656
1467286895566073
1467286895668465
1467286895873286
1467286895975655
1467286896078010
1467286896487669
1467286896590069
1467286896897259
1467286896999663
1467286897102054
1467286897204451
1467286897306885
1467286897409255
1467286897614006
1467286897716453
1467286897818895
1467286898023677
1467286898126054
1467286898228409
1467286898330844
1467286898535659
1467286898638408
1467286898740448
1467286898843074
1467286899047656
1467286899150058
1467286899662011
1467286899764459
1467286900378805
1467286900583661
1467286900686070
1467286900788470
1467286900890856
1467286900993241
1467286901095610
1467286901198073
1467286901607655
1467286901710072
1467286901812439
1467286901914860
1467286902017262
1467286902222073
1467286902324467
1467286902529199
1467286902631677
1467286902734071
1467286902836486
1467286903348452
1467286903553281
1467286903758074
1467286903962812
1467286904167614
1467286904474884
1467286904679608
1467286904782045
1467286904884502
1467286904986867
1467286905089263
1467286905294021
1467286905396417
1467286905498898
1467286905806026
1467286906010865
1467286906113214
1467286906318075
1467286906625291
1467286906830096
1467286906932474
1467286907034864
1467286907137224
1467286907444478
1467286907649236
1467286907751679
1467286907854087
1467286908058865
1467286908161264
1467286908263622
1467286908366078
1467286908468489
1467286908570866
1467286908878056
1467286909082869
1467286909492471
1467286909799694
1467286910004476
1467286910209258
1467286910311598
1467286910414021
1467286910618874
1467286910823656
1467286911028424
1467286911130883
1467286911438076
1467286911540472
1467286911642889
1467286911745225
1467286911847633
1467286911950100
1467286912052450
1467286912154866
1467286912359659
1467286912462017
1467286912564468
1467286912769284
1467286913076471
1467286913178826
1467286913281248
1467286913486083
1467286913588493
1467286913690907
1467286913895619
1467286914100496
1467286914202884
1467286914407688
1467286914714888
1467286914919689
1467286915124471
1467286915329230
1467286915431660
1467286915534078
1467286915636473
1467286915738868
1467286915841285
1467286916046014
1467286916148493
1467286916250888
1467286916353265
1467286916455685
1467286916558073
1467286916660498
1467286916762844
1467286916967660
1467286917070076
1467286917274918
1467286917479609
1467286917582100
1467286917684695
1467286917991697
1467286918094076
1467286918401287
1467286918503679
1467286918606079
1467286918708472
1467286919015686
1467286919118100
1467286919322889
1467286919425291
1467286919630077
1467286919732511
1467286919834909
1467286919937261
1467286920039689
1467286920244498
1467286920449271
1467286920654099
1467286920756495
1467286920858887
1467286921063688
1467286921166078
1467286921268495
1467286921473311
1467286921575714
1467286921678115
1467286921780442
1467286921882904
1467286921985286
1467286922087681
1467286922190090
1467286922292520
1467286922599644
1467286922804474
1467286922906890
1467286923214099
1467286923316473
1467286923623699
1467286923726076
1467286923828451
1467286923930907
1467286924033290
1467286924238097
1467286924340495
1467286924442887
1467286924647680
1467286924852473
1467286924954886
1467286925159681
1467286925262081
1467286925364501
1467286925466891
1467286925569323
1467286925671702
1467286925774100
1467286925876472
1467286925978847
1467286926388488
1467286926490881
1467286926593327
1467286926695623
1467286926798103
1467286926900479
1467286927002887
1467286927207974
1467286927412452
1467286927514869
1467286927617283
1467286928129230
1467286928231683
1467286928334099
1467286928436414
1467286928538866
1467286928641332
1467286928743700
1467286928846044
1467286929050890
1467286929255705
1467286929358070
1467286929460496
1467286929562849
1467286930074913
1467286930279657
1467286930382072
1467286930484487
1467286930586887
1467286930689286
1467286930791704
1467286930996413
1467286931098874
1467286931201304
1467286931303725
1467286931610905
1467286931713231
1467286931815717
1467286932122887
1467286932225304
1467286932327696
1467286932430069
1467286932532467
1467286932634903
1467286932839693
1467286932942038
1467286933044475
1467286933249302
1467286933351690
1467286933454099
1467286933556473
1467286933658869
1467286933761283
1467286933863672
1467286934068417
1467286934170893
1467286934273305
1467286934785284
1467286934887702
1467286935194851
1467286935502091
1467286935604497
1467286935706871
1467286935809305
1467286935911642
1467286936014108
1467286936116480
1467286936218908
1467286936321290
1467286936423675
1467286936628518
1467286936833292
1467286937242891
1467286937345228
1467286937447710
1467286937550081
1467286937754891
1467286937857327
1467286937959705
1467286938164431
1467286938266886
1467286938574104
1467286938778875
1467286938983686
1467286939188490
1467286939495642
1467286939598025
1467286939700477
1467286940314895
1467286940520867
1467286940826914
1467286940929261
1467286941031706
1467286941338893
1467286941441291
1467286941543702
1467286941646053
1467286942158101
1467286942260459
1467286942465293
1467286942567704
1467286942670103
1467286942772519
1467286942977245
1467286943079663
1467286943284496
1467286943386920
1467286943489288
1467286943694040
1467286943796457
1467286944103650
1467286944206113
1467286944308518
1467286944410917
1467286944615679
1467286944718097
1467286945025310
1467286945127685
1467286945230081
1467286945332502
1467286945434917
1467286945537311
1467286945742080
1467286945844451
1467286945946875
1467286946049295
1467286946151687
1467286946458911
1467286946561262
1467286946868495
1467286947073307
1467286947278039
1467286947482894
1467286947585222
1467286947687724
1467286947790098
1467286947994869
1467286948199706
1467286948302106
1467286948404506
1467286948711705
1467286948814048
1467286948916440
1467286949223708
1467286949326104
1467286949428447
1467286949530869
1467286949735707
1467286949838119
1467286949940523
1467286950042854
1467286950350101
1467286950452502
1467286950554870
1467286950657313
1467286950759709
1467286951066890
1467286951271705
1467286951783689
1467286951886100
1467286951988498
1467286952090893
1467286952193291
1467286952295645
1467286952602915
1467286953319708
1467286953422102
1467286953524495
1467286953831743
1467286954650895
1467286954855707
1467286955060511
1467286955162861
1467286955470079
1467286955982068
1467286956186930
1467286956289293
1467286956596482
1467286956801312
1467286957006101
1467286957313234
1467286957518100
1467286957825322
1467286957927712
1467286958030052
1467286958234919
1467286958439709
1467286958542122
1467286959054059
1467286959258909
1467286959361280
1467286959668479
1467286959873340
1467286960180502
1467286960282953
1467286960385294
1467286960487717
1467286960794927
1467286960999709
1467286962023713
1467286962126106
1467286962330897
1467286962433311
1467286962535714
1467286962740528
1467286963047707
1467286963662080
1467286963764433
1467286963969336
1467286964378892
1467286964583727
1467286964993310
1467286965505314
1467286965710127
1467286972570941
1467286972878125
1467286976154920
1467286976871732
1467286977486146
1467286985268527
1467286988135734
1467286990183738
1467286991924473
1467286999706966
1467286999809348
1467286999911715
1467287000218953
1467287003393362
1467287003598133
1467287004314946
1467287005543739
1467287006260503
1467287006465314
1467287007591789
1467287008103758
1467287011687760
1467287012609362
1467287013428520
1467287013530945
1467287013735733
1467287014042969
1467287014247738
1467287015374590
1467287016705359
1467287016807781
1467287021415765
1467287023668572
1467287024282969
1467287024385368
1467287025102149
1467287027252530
1467287029505305
1467287030119756
1467287030324550
1467287031348575
1467287031962931
1467287032474970
1467287033089396
1467287036058968
1467287036980575
1467287037697383
1467287039233366
1467287041793364
1467287044562360
1467287044865367
1467287045889390
1467287047015731
1467287048756609
1467287050087784
1467287050599751
1467287051214135
1467287051419000
1467287051624016
1467287051726206
1467287086951816
1467287089511759
1467287101083029
1467287102516629
1467287105178981
1467287105281416
1467287105486229
1467287106817422
1467287108967841
1467287109582195
1467287116033439
1467287117876646
1467287118388640
1467287119310242
1467287125044632
1467287126478199
1467287126990252
1467287127911824
1467287128321483
1467287132622241
1467287133236660
1467287133543885
1467287133646210
1467287135489472
1467287137537467
1467287137742259
1467287138458998
1467287138562592
1467287138766258
1467287140916680
1467287142145426
1467287142759939
1467287143067057
1467287144193465
1467287144295845
1467287144603053
1467287145524674
1467287145729419
1467287147367832
1467287147982260
1467287149211074
1467287149825472
1467287150747074
1467287154945429
1467287155662249
1467287167849095
1467287174811098
1467287183003187
1467287187406338
1467287188430248
1467287199387124
1467287209524756
1467287229697524
1467287231438340
1467287235739171
1467287238401550
1467287241575975
1467287243009570
1467287260724798
1467287292468821
1467287295438413
1467287295950423
1467287309159970
1467287311003243
1467287327080144
1467287328104042
1467287330152043
1467287331073642
1467287331688044
1467287333531238
1467287335374441
1467287335988858
1467287337729607
1467287338753665
1467287339982457
1467287340596854
1467287341928020
1467287352987273
1467287396916916
1467287399681730
1467287400091323
1467287402651347
1467287403060915
1467287410024140
1467287419752141
1467287421288127
1467287425486512
1467287425793747
1467287427329703
1467287427432122
1467287428353727
1467287428660923
1467287429172935
1467287429787351
1467287429889723
1467287429995181
1467287431425688
1467287432043204
1467287434497747
1467287435624265
1467287435828892
1467287436955304
1467287437057749
1467287438286517
1467287439822560
1467287440539354
1467287441051341
1467287441870537
1467287443134253
1467287444225751
1467287444328142
1467287448116942
