1467256894647573
1467256894854589
1467256894892408
1467256894957451
1467256894994820
1467256895274556
1467256895697676
1467256895711638
1467256895779085
1467256895814040
1467256896184360
1467256896430407
1467256896495885
1467256896530868
1467256896900364
1467256897003810
1467256897042871
1467256897214526
1467256897247761
1467256897315885
1467256897414052
1467256897620923
1467256897824372
1467256898026764
1467256898066908
1467256898141630
1467256898169306
1467256898231656
1467256898440910
1467256898476534
1467256898540845
1467256898845968
1467256898886138
1467256898952129
1467256898988564
1467256899255563
1467256899362521
1467256899665319
1467256899809851
1467256900081139
1467256900180636
1467256900387552
1467256900485906
1467256900587385
1467256900794505
1467256900831805
1467256900899532
1467256900998734
1467256901202179
1467256901241410
1467256901303907
1467256901343827
1467256901406925
1467256901611617
1467256901715809
1467256901816493
1467256902025780
1467256902060574
1467256902125132
1467256902162987
1467256902430324
1467256902470196
1467256902534235
1467256902777530
1467256902847847
1467256902879823
1467256902943500
1467256902982226
1467256903263123
1467256903367806
1467256903596619
1467256903664528
1467256903699029
1467256903801431
1467256904070324
1467256904181552
1467256904377392
1467256904415863
1467256904488778
1467256904518263
1467256904586552
1467256904620661
1467256904790895
1467256904927868
1467256904997398
1467256905199081
1467256905235077
1467256905302237
1467256905337487
1467256905413115
1467256905604447
1467256905644700
1467256905707322
1467256905811402
1467256906017407
1467256906054305
1467256906117737
1467256906156679
1467256906425784
1467256906771095
1467256906834787
1467256906873477
1467256906935551
1467256906975963
1467256907180740
1467256907242763
1467256907283159
1467256907345114
1467256907592206
1467256907652346
1467256907756369
1467256907795127
1467256907959519
1467256907999906
1467256908062386
1467256908164608
1467256908204730
1467256908369183
1467256908409544
1467256908471576
1467256908511929
1467256908573902
1467256908778759
1467256908819138
1467256908881327
1467256908921567
1467256908983883
1467256909188378
1467256909228780
1467256909290710
1467256909331110
1467256909393163
1467256909598010
1467256909638369
1467256909700342
1467256909740739
1467256909803005
1467256910007520
1467256910047999
1467256910109953
1467256910152969
1467256910417240
1467256910519595
1467256910559996
1467256910764770
1467256910827828
1467256910867177
1467256910929159
1467256910969618
1467256911174398
1467256911236349
1467256911276797
1467256911339008
1467256911379264
1467256911543503
1467256911584036
1467256911645946
1467256911686432
1467256911748342
1467256911788827
1467256911953137
1467256911993644
1467256912055553
1467256912096000
1467256912157950
1467256912362695
1467256912403242
1467256912465138
1467256912505682
1467256912567554
1467256912772310
1467256912874680
1467256912978113
1467256913182407
1467256913222436
1467256913284347
1467256913324850
1467256913386737
1467256913591557
1467256913632117
1467256913693950
1467256913734463
1467256913939267
1467256914001137
1467256914041726
1467256914103572
1467256914144122
1467256914348910
1467256914410863
1467256914451337
1467256914513384
1467256914553658
1467256914758478
1467256914820362
1467256914860869
1467256914922706
1467256914963287
1467256915168077
1467256915229967
1467256915332429
1467256915372860
1467256915537082
1467256915577690
1467256915639760
1467256915680116
1467256915741910
1467256915782495
1467256915946743
1467256915987286
1467256916049239
1467256916151535
1467256916356301
1467256916396911
1467256916458745
1467256916499360
1467256916561138
1467256916766237
1467256916806493
1467256916871322
1467256916972703
1467256917175538
1467256917216142
1467256917318574
1467256917380373
1467256917585181
1467256917625733
1467256917687536
1467256917994740
1467256918035391
1467256918097239
1467256918137819
1467256918342597
1467256918404294
1467256918444995
1467256918506696
1467256918547429
1467256918752164
1467256918813929
1467256918854573
1467256918916316
1467256918956952
1467256919264223
1467256919325974
1467256919366615
1467256919571430
1467256919633140
1467256919673786
1467256919735536
1467256919776245
1467256920044328
1467256920083451
1467256920145138
1467256920349993
1467256920390618
1467256920452432
1467256920493053
1467256920554704
1467256920759538
1467256920861930
1467256920902663
1467256920964347
1467256921169201
1467256921209812
1467256921272828
1467256921312255
1467256921373880
1467256921578872
1467256921619413
1467256921681163
1467256921721843
1467256921783544
1467256921988328
1467256922029044
1467256922090697
1467256922131454
1467256922336248
1467256922397896
1467256922438596
1467256922500287
1467256922541025
1467256922745872
1467256922807783
1467256922848273
1467256922909931
1467256922950679
1467256923222092
1467256923319618
1467256923360288
1467256923565044
1467256923629909
1467256923667494
1467256923729152
1467256923769927
1467256923974655
1467256924036326
1467256924077116
1467256924138722
1467256924179489
1467256924343501
1467256924384292
1467256924445888
1467256924486691
1467256924548326
1467256924753786
1467256924793941
1467256924855536
1467256924958295
1467256925163777
1467256925203557
1467256925266536
1467256925305969
1467256925367537
1467256925572289
1467256925715573
1467256925777345
1467256926022869
1467256926084454
1467256926125147
1467256926391684
1467256926432363
1467256926495742
1467256926534787
1467256926739547
1467256926801226
1467256926841956
1467256926904747
1467256926944409
1467256927149492
1467256927210740
1467256927251617
1467256927313135
1467256927354385
1467256927558795
1467256927620325
1467256927661163
1467256927722662
1467256927763537
1467256927968340
1467256928029898
1467256928073201
1467256928132501
1467256928173129
1467256928337094
1467256928377961
1467256928439500
1467256928480341
1467256928541933
1467256928747385
1467256928787573
1467256928849119
1467256928889970
1467256928951569
1467256929156513
1467256929198003
1467256929258765
1467256929299618
1467256929361262
1467256929566151
1467256929668321
1467256929771443
1467256929975535
1467256930016456
1467256930077931
1467256930118853
1467256930385869
1467256930489097
1467256930528478
1467256930794725
1467256930835665
1467256930897121
1467256930938061
1467256931142872
1467256931204327
1467256931245283
1467256931306681
1467256931347628
1467256931552500
1467256931614516
1467256931654894
1467256931717955
1467256931757248
1467256931921515
1467256931962102
1467256932023472
1467256932064517
1467256932125931
1467256932166881
1467256932330822
1467256932371728
1467256932433120
1467256932474083
1467256932535487
1467256932854077
1467256932883742
1467256932950321
1467256933150265
1467256933190909
1467256933252269
1467256933293326
1467256933354707
1467256933559571
1467256933600512
1467256933662105
1467256933702926
1467256933764408
1467256933969080
1467256934010127
1467256934071486
1467256934112618
1467256934173859
1467256934378857
1467256934419709
1467256934481233
1467256934522126
1467256934726872
1467256934788329
1467256934829276
1467256934890689
1467256934931804
1467256935136498
1467256935197850
1467256935238907
1467256935300286
1467256935341300
1467256935546110
1467256935607454
1467256935709853
1467256935750957
1467256935955754
1467256936017132
1467256936058181
1467256936119462
1467256936365360
1467256936428557
1467256936467786
1467256936529116
1467256936570197
1467256936774935
1467256936836328
1467256936877410
1467256936938747
1467256936979814
1467256937143565
1467256937184603
1467256937245892
1467256937287016
1467256937348324
1467256937553334
1467256937655518
1467256937757868
1467256937962771
1467256938003873
1467256938065082
1467256938106221
1467256938167517
1467256938373186
1467256938413453
1467256938474697
1467256938515851
1467256938577436
1467256938823017
1467256938884309
1467256939191515
1467256939232687
1467256939293912
1467256939335083
1467256939539836
1467256939602399
1467256939642288
1467256939703582
1467256939744707
1467256939949464
1467256940010707
1467256940051915
1467256940113491
1467256940154312
1467256940359124
1467256940420308
1467256940461519
1467256940522709
1467256940563914
1467256940768665
1467256940829922
1467256940932455
1467256941178293
1467256941239488
1467256941280688
1467256941341913
1467256941383103
1467256941546670
1467256941649116
1467256941751868
1467256941956286
1467256941997522
1467256942058663
1467256942099928
1467256942163310
1467256942367328
1467256942407067
1467256942468413
1467256942509519
1467256942570704
1467256942777379
1467256942816729
1467256942877914
1467256942919161
1467256942980352
1467256943185372
1467256943226328
1467256943287498
1467256943328754
1467256943390434
1467256943594752
1467256943635899
1467256943697139
1467256943738353
1467256944004325
1467256944045589
1467256944106787
1467256944352786
1467256944413915
1467256944455188
1467256944516309
1467256944557547
1467256944762419
1467256944824436
1467256944864827
1467256944925876
1467256945130660
1467256945172026
1467256945233130
1467256945274387
1467256945335502
1467256945376830
1467256945543827
1467256945581624
1467256945642706
1467256945684021
1467256945745105
1467256945955541
1467256946052955
1467256946093644
1467256946154709
1467256946359665
1467256946400854
1467256946461910
1467256946503219
1467256946564308
1467256946770811
1467256946810454
1467256946871666
1467256946914126
1467256946974341
1467256947179034
1467256947220065
1467256947281187
1467256947322411
1467256947588312
1467256947629590
1467256947690731
1467256947732007
1467256947936788
1467256947999872
1467256948100290
1467256948346419
1467256948408435
1467256948448854
1467256948509912
1467256948551252
1467256948756020
1467256948817122
1467256948858478
1467256948919509
1467256948960876
1467256949165634
1467256949227359
1467256949268027
1467256949329057
1467256949370440
1467256949575248
1467256949636263
1467256949738665
1467256949780079
1467256949943474
1467256949984856
1467256950045874
1467256950087273
1467256950148265
1467256950353073
1467256950455457
1467256950496890
1467256950557835
1467256950763207
1467256950804098
1467256950865060
1467256950967457
1467256951172393
1467256951213703
1467256951274645
1467256951316100
1467256951379096
1467256951581840
1467256951623293
1467256951684254
1467256951725768
1467256951993186
1467256952093889
1467256952340122
1467256952401111
1467256952442581
1467256952503596
1467256952545001
1467256952811894
1467256952852211
1467256952915568
1467256953159417
1467256953261827
1467256953322672
1467256953364227
1467256953568984
1467256953630181
1467256953671401
1467256953732421
1467256953773805
1467256953937058
1467256953978587
1467256954039586
1467256954080976
1467256954144044
1467256954183318
1467256954347455
1467256954388187
1467256954449105
1467256954490557
1467256954756260
1467256954797766
1467256954858709
1467256954900211
1467256954961107
1467256955167413
1467256955269247
1467256955309749
1467256955370765
1467256955575465
1467256955617021
1467256955677894
1467256955719369
1467256955780292
1467256955985049
1467256956087494
1467256956129042
1467256956333796
1467256956394701
1467256956436206
1467256956501306
1467256956804845
1467256956906635
1467256957154551
1467256957213895
1467256957256180
1467256957316374
1467256957357817
1467256957624615
1467256957726082
1467256957767497
1467256957972332
1467256958034541
1467256958074647
1467256958135462
1467256958177126
1467256958340222
1467256958381887
1467256958442735
1467256958484264
1467256958545103
1467256958749894
1467256958791482
1467256958852290
1467256958893938
1467256958954683
1467256959159480
1467256959261861
1467256959303542
1467256959364299
1467256959571167
1467256959610774
1467256959671499
1467256959713165
1467256959773851
1467256959978688
1467256960020376
1467256960081082
1467256960183501
1467256960388287
1467256960429914
1467256960491747
1467256960532336
1467256960797860
1467256960839503
1467256960903586
1467256961146711
1467256961207436
1467256961249124
1467256961309895
1467256961351539
1467256961556313
1467256961617085
1467256961658737
1467256961719791
1467256961761140
1467256961966020
1467256962027452
1467256962068390
1467256962129039
1467256962170773
1467256962375586
1467256962436312
1467256962477984
1467256962538659
1467256962580345
1467256962743684
1467256962785209
1467256962845895
1467256962887608
1467256962948958
1467256963153061
1467256963194829
1467256963255427
1467256963297184
1467256963357824
1467256963562652
1467256963604421
1467256963665103
1467256963706794
1467256963767433
1467256963972257
1467256964074630
1467256964177337
1467256964423581
1467256964484296
1467256964526008
1467256964791412
1467256964893877
1467256964937537
1467256965140437
1467256965201152
1467256965242896
1467256965303478
1467256965550083
1467256965610689
1467256965714228
1467256965754894
1467256965959709
1467256966020250
1467256966062103
1467256966122835
1467256966164498
1467256966327496
1467256966369316
1467256966429874
1467256966532288
1467256966737054
1467256966779295
1467256966839432
1467256966881301
1467256966942437
1467256967146685
1467256967188481
1467256967249083
1467256967290834
1467256967351436
1467256967556288
1467256967598064
1467256967658667
1467256967700476
1467256967761086
1467256967965875
1467256968068297
1467256968110124
1467256968170701
1467256968375419
1467256968417251
1467256968477901
1467256968519681
1467256968785518
1467256968826882
1467256968887446
1467256969134152
1467256969194677
1467256969236540
1467256969297272
1467256969338903
1467256969543878
1467256969604229
1467256969646170
1467256969706609
1467256969748566
1467256969953376
1467256970013839
1467256970055746
1467256970116387
1467256970158125
1467256970423436
1467256970465398
1467256970526123
1467256970772594
1467256970833061
1467256970875001
1467256970935565
1467256970977403
1467256971140226
1467256971182183
1467256971242794
1467256971284608
1467256971345089
1467256971549903
1467256971591758
1467256971652274
1467256971694313
1467256971754671
1467256971959482
1467256972061877
1467256972103833
1467256972165250
1467256972369065
1467256972411041
1467256972471483
1467256972513453
1467256972881002
1467256972984061
1467256973188356
1467256973230275
1467256973290652
1467256973332693
1467256973597946
1467256973700884
1467256973742249
1467256973947002
1467256974008794
1467256974049442
1467256974109890
1467256974151853
1467256974356591
1467256974417667
1467256974459003
1467256974519709
1467256974561463
1467256974766253
1467256974826642
1467256974868622
1467256974929064
1467256974971067
1467256975175881
1467256975236368
1467256975278278
1467256975338621
1467256975380677
1467256975544742
1467256975585485
1467256975645897
1467256975687900
1467256975748246
1467256975790255
1467256975953029
1467256975995106
1467256976055482
1467256976097513
1467256976157839
1467256976362623
1467256976404715
1467256976465958
1467256976507074
1467256976567462
1467256976772527
1467256976814339
1467256976874618
1467256976916733
1467256976977419
1467256977181876
1467256977223899
1467256977284547
1467256977326338
1467256977387307
1467256977591420
1467256977633489
1467256977693876
1467256977735965
1467256978001128
1467256978043209
1467256978103462
1467256978145564
1467256978350339
1467256978410706
1467256978452771
1467256978513061
1467256978759962
1467256978820429
1467256978862401
1467256978923345
1467256978964795
1467256979169591
1467256979229922
1467256979374370
1467256979642604
1467256979681633
1467256979741844
1467256979784022
1467256980049065
1467256980091144
1467256980153087
1467256980363591
1467256980398340
1467256980458670
1467256980500772
1467256980561194
1467256980765856
1467256980868353
1467256981175400
1467256981217610
1467256981277854
1467256981320020
1467256981380278
1467256981585306
1467256981627181
1467256981687711
1467256981729629
1467256981789817
1467256981995540
1467256982036840
1467256982097063
1467256982139213
1467256982343991
1467256982404293
1467256982507375
1467256982753638
1467256982813854
1467256982856074
1467256982916253
1467256982958401
1467256983163232
1467256983223406
1467256983325857
1467256983572838
1467256983633151
1467256983675267
1467256983735459
1467256983777691
1467256983982535
1467256984042604
1467256984084879
1467256984145087
1467256984187316
1467256984350066
1467256984392107
1467256984452204
1467256984494527
1467256984554655
1467256984759470
1467256984801707
1467256984862441
1467256984904183
1467256984964250
1467256985169063
1467256985211339
1467256985271467
1467256985313744
1467256985373811
1467256985578900
1467256985620942
1467256985681012
1467256985723334
1467256985988256
1467256986030570
1467256986090590
1467256986132968
1467256986397891
1467256986440116
1467256986500500
1467256986545089
1467256986747300
1467256986807421
1467256986849714
1467256986909866
1467256986952079
1467256987156890
1467256987217978
1467256987259350
1467256987319411
1467256987566575
1467256987626648
1467256987668965
1467256987729208
1467256987771346
1467256987933799
1467256987976173
1467256988036255
1467256988138619
1467256988343428
1467256988385742
1467256988445842
