1467380373710410
1467380373812796
1467380373915220
1467380374017576
1467380374120035
1467380374222430
1467380374324774
1467380374529638
1467380374631955
1467380374734406
1467380374939161
1467380375041605
1467380375348829
1467380375451239
1467380375553554
1467380375860806
1467380375963513
1467380376065635
1467380376168369
1467380376270429
1467380376372828
1467380376475688
1467380376577641
1467380376679993
1467380376782417
1467380376884828
1467380376987209
1467380377089616
1467380377294372
1467380377396826
1467380377499242
1467380377601640
1467380377703973
1467380377806430
1467380377908832
1467380378011170
1467380378113640
1467380378216036
1467380378318447
1467380378523213
1467380378625616
1467380378830460
1467380379035241
1467380379137598
1467380379239984
1467380379342452
1467380379649641
1467380379751978
1467380379854376
1467380379956843
1467380380468828
1467380380571183
1467380380673642
1467380380776038
1467380380980859
1467380381083224
1467380381185638
1467380381288006
1467380381390431
1467380381492846
1467380381595243
1467380381697639
1467380381800040
1467380382107936
1467380382209607
1467380382312035
1467380382926438
1467380383028826
1467380383131216
1467380383336054
1467380383540831
1467380383643242
1467380383950688
1467380384052849
1467380384155202
1467380384257642
1467380384360057
1467380384462450
1467380384667314
1467380384769640
1467380384872001
1467380385077350
1467380385179228
1467380385281613
1467380385383972
1467380385588805
1467380385691190
1467380386100866
1467380386203265
1467380386305638
1467380386510452
1467380386715266
1467380386817663
1467380386920047
1467380387022412
1467380387124807
1467380387227202
1467380387432060
1467380387534410
1467380387636867
1467380387739267
1467380387944075
1467380388148859
1467380388353620
1467380388456036
1467380388660803
1467380388763244
1467380388865661
1467380388968056
1467380389172843
1467380389275216
1467380389377638
1467380389582406
1467380389684823
1467380389787224
1467380389992008
1467380390094420
1467380390196873
1467380390299182
1467380390401663
1467380390504025
1467380390606393
1467380390708869
1467380390811206
1467380390913609
1467380391425665
1467380391528020
1467380391630474
1467380391732869
1467380391835215
1467380391937697
1467380392040076
1467380392142418
1467380392244830
1467380392347268
1467380392449617
1467380392552017
1467380392654404
1467380392756807
1467380392859208
1467380392961630
1467380393371210
1467380393678452
1467380393985784
1467380394088055
1467380394190409
1467380394292812
1467380394395224
1467380394599998
1467380394702413
1467380394804809
1467380394907232
1467380395009683
1467380395112022
1467380395214431
1467380395316871
1467380395624042
1467380395726472
1467380395829123
1467380395931265
1467380396139265
1467380396238418
1467380396341041
1467380396443279
1467380396545671
1467380396648062
1467380396750474
1467380396852874
1467380396955242
1467380397057681
1467380397160017
1467380397263932
1467380397364832
1467380397467289
1467380397569682
1467380397672028
1467380397774421
1467380397876873
1467380397979311
1467380398081652
1467380398184084
1467380398286476
1467380398388892
1467380398491306
1467380398593627
1467380398696445
1467380399003287
1467380399310495
1467380399412894
1467380399515221
1467380399617624
1467380399720022
1467380399822462
1467380399924842
1467380400027255
1467380400129674
1467380400232025
1467380400334498
1467380400436870
1467380400846470
1467380401153672
1467380401256047
1467380401358435
1467380401460892
1467380401563286
1467380401665687
1467380401768102
1467380401972892
1467380402076314
1467380402280066
1467380402484892
1467380402587288
1467380402996897
1467380403201638
1467380403406503
1467380403508875
1467380403611739
1467380403713681
1467380403816082
1467380404020863
1467380404123295
1467380404328047
1467380404430473
1467380404532844
1467380404635286
1467380404737653
1467380404840109
1467380405045000
1467380405147247
1467380405352183
1467380405454613
1467380405557824
1467380405761704
1467380405966513
1467380406068893
1467380406171409
1467380406376065
1467380406580888
1467380406683291
1467380406785705
1467380406888062
1467380406990494
1467380407092911
1467380407195335
1467380407297708
1467380407400105
1467380407502500
1467380407605503
1467380407707272
1467380407809702
1467380407912072
1467380408014498
1467380408116895
1467380408219292
1467380408321663
1467380408424059
1467380408526462
1467380408731292
1467380408833655
1467380408936066
1467380409038441
1467380409140863
1467380409243285
1467380409550504
1467380409652877
1467380410062723
1467380410164917
1467380410369653
1467380410472048
1467380410574469
1467380410676888
1467380410881703
1467380410984106
1467380411496146
1467380411598516
1467380411701081
1467380411905707
1467380412212860
1467380412315571
1467380412417706
1467380412520134
1467380412724858
1467380412827377
1467380412929707
1467380413032107
1467380413134521
1467380413236916
1467380413339323
1467380413441668
1467380413544076
1467380413646527
1467380413748885
1467380413953706
1467380414056110
1467380414158482
1467380414363313
1467380414465734
1467380414568104
1467380414772919
1467380414977711
1467380415080125
1467380415182498
1467380415489663
1467380415592079
1467380415694486
1467380415796862
1467380416001688
1467380416104047
1467380416206477
1467380416411267
1467380416513736
1467380416718465
1467380416820858
1467380417025676
1467380417128070
1467380417230475
1467380417332870
1467380417435301
1467380417537869
1467380417844878
1467380418049729
1467380418152090
1467380418254463
1467380418356922
1467380418459329
1467380418766465
1467380418868889
1467380418971307
1467380419073684
1467380419176089
1467380419278481
1467380419380924
1467380419483342
1467380419585741
1467380419688081
1467380419790525
1467380419995342
1467380420097707
1467380420200126
1467380420302523
1467380420404858
1467380420507336
1467380420609684
1467380420712079
1467380420814480
1467380420916940
1467380421121684
1467380421224129
1467380421326523
1467380421428895
1467380421531287
1467380421633726
1467380421736128
1467380421838499
1467380421940885
1467380422043333
1467380422248086
1467380422350499
1467380422452944
1467380422555854
1467380422657693
1467380422760155
1467380422964923
1467380423374498
1467380423476917
1467380423579309
1467380423681729
1467380423784126
1467380423886496
1467380423988938
1467380424193730
1467380424296338
1467380424398517
1467380424500914
1467380424603279
1467380424705678
1467380424808097
1467380424910539
1467380425013879
1467380425115629
1467380425217732
1467380425320096
1467380425422501
1467380425524903
1467380425627284
1467380425729670
1467380425832400
1467380425934623
1467380426139291
1467380426241679
1467380426344149
1467380426446544
1467380426548965
1467380426651313
1467380426753753
1467380426856098
1467380427060977
1467380427164770
1467380427265700
1467380427368110
1467380427470499
1467380427572944
1467380427675302
1467380427777701
1467380427880121
1467380428085889
1467380428187327
1467380428289710
1467380428392149
1467380428494509
1467380428596967
1467380428699323
1467380428801747
1467380429006499
1467380429108941
1467380429211356
1467380429313749
1467380429416084
1467380429518545
1467380429620920
1467380429723356
1467380429825748
1467380429928096
1467380430030546
1467380430132959
1467380430235275
1467380430337697
1467380430440115
1467380430542545
1467380430644928
1467380430747353
1467380430849734
1467380430952088
1467380431054490
1467380431156959
1467380431464117
1467380431566563
1467380431771309
1467380431873779
1467380431976164
1467380432078523
1467380432180959
1467380432283409
1467380432385750
1467380432488149
1467380432590568
1467380432692911
1467380432795356
1467380432897753
1467380433000101
1467380433102565
1467380433307290
1467380433512172
1467380433614545
1467380433716960
1467380433819363
1467380433921702
1467380434024168
1467380434126562
1467380434228947
1467380434331355
1467380434433753
1467380434536152
1467380434638522
1467380434740932
1467380434946057
1467380435049199
1467380435252959
1467380435355318
1467380435457757
1467380435560172
1467380435662543
1467380435969879
1467380436072098
1467380436174580
1467380436276959
1467380436379487
1467380436481738
1467380436584173
1467380436686542
1467380436788984
1467380436891358
1467380436993753
1467380437198564
1467380437300961
1467380437505857
1467380437710589
1467380437812962
1467380437915380
1467380438017772
1467380438324925
1467380438529772
1467380438632129
1467380438836982
1467380438939379
1467380439041741
1467380439144148
1467380439246565
1467380439348980
1467380439451315
1467380439553737
1467380439656136
1467380439759143
1467380439861292
1467380440065771
1467380440168170
1467380440270584
1467380440372985
1467380440475338
1467380440578063
1467380440680172
1467380440782529
1467380440884982
1467380441294559
1467380441397090
1467380441499381
1467380441704169
1467380441806588
1467380441908983
1467380442011338
1467380442113771
1467380442216190
1467380442318586
1467380442421228
1467380442523324
1467380442728457
1467380442830548
1467380442932964
1467380443035645
1467380443137739
1467380443240213
1467380443342587
1467380443444908
1467380443649786
1467380443752216
1467380443957033
1467380444059315
1467380444161734
1467380444264190
1467380444469268
1467380444673776
1467380444776190
1467380444981190
1467380445083572
1467380445288317
1467380445697799
1467380445800133
1467380445902585
1467380446004930
1467380446107370
1467380446312135
1467380446414586
1467380446516921
1467380446619400
1467380446824183
1467380446926586
1467380447029000
1467380447131350
1467380447336162
1467380447438531
1467380447540982
1467380447643401
1467380447745777
1467380447950600
1467380448052982
1467380448155346
1467380448360114
1467380448564927
1467380448669172
1467380448974602
1467380449076959
1467380449179541
1467380449281747
1467380449384209
1467380449588953
1467380449691394
1467380449896174
1467380450101001
1467380450305743
1467380450510586
1467380450817966
1467380450920365
1467380451022533
1467380451124929
1467380451432153
1467380451534605
1467380451637006
1467380451739382
1467380451841754
1467380451944211
1467380452046587
1467380452149004
1467380452251346
1467380452456194
1467380452558572
1467380452660986
1467380452763406
1467380452865775
1467380452968170
1467380453070617
1467380453173005
1467380453275342
1467380453480177
1467380453685007
1467380453787340
1467380453889799
1467380453992244
1467380454094610
1467380454299418
1467380454401810
1467380454504140
1467380454709038
1467380454913822
1467380455016214
1467380455118526
1467380455221041
1467380455323405
1467380455425747
1467380455528172
1467380455733675
1467380455835408
1467380455937788
1467380456040166
1467380456142575
1467380456244950
1467380456449776
1467380456552169
1467380456654559
1467380456757006
1467380456961772
1467380457064216
1467380457166801
1467380457371408
1467380457576196
1467380457678566
1467380457781007
1467380457883402
1467380457985818
1467380458088172
1467380458190592
1467380458292964
1467380458497826
1467380458702612
1467380458804970
1467380458907424
1467380459009818
1467380459112195
1467380459317028
1467380459419403
1467380459521774
1467380459624211
1467380459727341
1467380459829043
1467380459931559
1467380460033739
1467380460136212
1467380460238569
1467380460340948
1467380460648399
1467380460750630
1467380460853027
1467380460955346
1467380461160216
1467380461262948
1467380461467553
1467380461672185
1467380461774569
1467380461979428
1467380462081821
1467380462286636
1467380462389028
1467380462491389
1467380462593820
1467380462798664
1467380462901038
1467380463003428
1467380463105800
1467380463208181
1467380463310633
1467380463412975
1467380463515393
1467380463618002
1467380463924986
1467380464027394
1467380464129798
1467380464232238
1467380464334608
1467380464437233
1467380464539425
1467380464641881
1467380464744549
1467380464846634
1467380465051589
1467380465158885
1467380465257947
1467380465358590
1467380465461025
1467380465564023
1467380465665863
1467380465768238
1467380465871163
1467380465973044
1467380466075401
1467380466177819
1467380466280240
1467380466382633
1467380466485217
1467380466587375
1467380466792217
1467380466996996
1467380467099459
1467380467201801
1467380467304183
1467380467406630
1467380467509047
1467380467611444
1467380467713840
1467380467816238
1467380467918642
1467380468123447
1467380468225795
1467380468328163
1467380468430580
1467380468532969
1467380468635426
1467380468737798
1467380468840177
1467380468942571
1467380469045575
1467380469147734
1467380469249814
1467380469352364
1467380469455021
1467380469556990
1467380469659417
1467380469864492
1467380469966647
1467380470069338
1467380470171386
1467380470273839
1467380470376525
1467380470478591
1467380470581071
1467380470683458
1467380470785840
1467380470888216
1467380471297842
1467380471707866
1467380471809803
1467380471912201
1467380472014621
1467380472219422
1467380472321798
1467380472424361
1467380472526654
1467380472629037
1467380472833861
1467380472936224
1467380473038607
1467380473141067
1467380473243463
1467380473345846
1467380473448590
1467380473550636
1467380473755417
1467380473857812
1467380473960257
1467380474062658
1467380474165028
1467380474267417
1467380474369853
1467380474574750
1467380474677056
1467380474884797
1467380474984641
1467380475188994
1467380475291404
1467380475393843
1467380475496262
1467380475598657
1467380475701052
1467380475803413
1467380475905844
1467380476008587
1467380476110601
1467380476417833
1467380476520262
1467380476724996
1467380476827464
1467380476929826
1467380477134655
1467380477237002
1467380477544508
1467380477646656
1467380477749053
1467380477953870
1467380478158605
1467380478363467
1467380478465818
1467380478568261
1467380478773050
1467380478875432
1467380478977823
1467380479080262
1467380479183236
1467380479387554
1467380479489864
1467380479592216
1467380479694616
1467380479797195
1467380480001866
1467380480104275
1467380480206658
1467380480309053
1467380480411673
1467380480513843
1467380480616260
1467380480718824
1467380480821042
1467380480925030
1467380481025842
1467380481230964
1467380481537805
1467380481640891
1467380481742682
1467380482152337
1467380482357017
1467380482459467
1467380482561866
1467380482664272
1467380482766619
1467380482869045
1467380483073866
1467380483176234
1467380483278650
1467380483381039
1467380483483425
1467380483585829
1467380483790643
1467380483893087
1467380483995471
1467380484097808
1467380484200251
1467380484404997
1467380484507468
1467380484609863
1467380484712283
1467380484814648
1467380484917049
1467380485019473
1467380485121830
1467380485224261
1467380485326615
1467380485429031
1467380485531469
1467380485736316
1467380486043467
1467380486145863
1467380486248284
1467380486350677
1467380486453059
1467380486555427
1467380486657985
1467380486760263
1467380487067470
1467380487169811
1467380487272229
1467380487374594
1467380487477093
1467380487784272
1467380487886615
1467380487989072
1467380488091492
1467380488296273
1467380488398692
1467380488501082
1467380488603474
1467380488705895
1467380488808267
1467380489013091
1467380489115494
1467380489217866
1467380489320258
1467380489425220
1467380489729886
1467380489832226
1467380489934678
1467380490037100
1467380490344572
1467380490446648
1467380490651456
1467380490753860
1467380491061113
1467380491163764
1467380491265888
1467380491368260
1467380491470682
1467380491573049
1467380491675447
1467380491777902
1467380491880284
1467380491982702
1467380492085092
1467380492187491
1467380492597094
1467380492699489
1467380492801887
1467380492904256
1467380493006680
1467380493109097
1467380493211431
1467380493314092
1467380493416286
1467380493518699
1467380493621219
1467380493723449
1467380493825907
1467380493928247
1467380494030699
1467380494133072
1467380494235639
1467380494337843
1467380494440240
1467380494542696
1467380494645100
1467380494747474
1467380494850153
1467380494952989
1467380495054653
1467380495157112
1467380495464383
1467380495566712
1467380495669100
1467380495771816
1467380495873935
1467380495976303
1467380496078700
1467380496181096
1467380496283462
1467380496385920
1467380496489987
1467380496590766
1467380496693109
1467380496795517
1467380496897908
1467380497000263
1467380497102719
1467380497205035
1467380497307452
1467380497409837
1467380497512305
1467380497614699
1467380497717113
1467380497819525
1467380497921866
1467380498126682
1467380498229110
1467380498331513
1467380498433906
1467380498536312
1467380498638636
1467380498741065
1467380498843486
1467380498945921
1467380499048282
1467380499150702
1467380499253102
1467380499457863
1467380499560304
1467380499765070
1467380499867539
1467380499969908
1467380500072368
1467380500174718
1467380500277124
1467380500379516
1467380500481852
1467380500584306
1467380500686709
1467380500789114
1467380500891613
1467380501096311
1467380501198703
1467380501301097
1467380501403512
1467380501608278
1467380501710663
1467380501813117
1467380501915930
1467380502017852
1467380502120543
1467380502222645
1467380502325080
1467380502427437
1467380502529855
1467380502632663
1467380502734695
1467380502837080
1467380502939501
1467380503041854
