1467285826525392
1467285826730143
1467285826832603
1467285826934997
1467285827037337
1467285827139730
1467285827242204
1467285827344544
1467285827446963
1467285827549402
1467285827651823
1467285827754177
1467285827856548
1467285827958963
1467285828061380
1467285828163773
1467285828266154
1467285828368602
1467285828470993
1467285828573422
1467285828675810
1467285828778146
1467285828880621
1467285828983030
1467285829085355
1467285829187809
1467285829392624
1467285829494971
1467285829597413
1467285829699766
1467285829802223
1467285829904624
1467285830007019
1467285830109415
1467285830211768
1467285830314185
1467285830416577
1467285830518956
1467285830621429
1467285830723768
1467285830826226
1467285830928568
1467285831031018
1467285831133413
1467285831235770
1467285831338241
1467285831440623
1467285831543018
1467285831645389
1467285831747785
1467285831850224
1467285832054997
1467285832157440
1467285832259772
1467285832362164
1467285832464615
1467285832567051
1467285832669469
1467285832771860
1467285832874202
1467285832976641
1467285833078984
1467285833181437
1467285833283832
1467285833386248
1467285833488644
1467285833591042
1467285833693452
1467285833795808
1467285833898212
1467285834000639
1467285834103041
1467285834205441
1467285834307853
1467285834410247
1467285834512597
1467285834614989
1467285834717835
1467285834819863
1467285834922248
1467285835024642
1467285835229395
1467285835331831
1467285835434265
1467285835536649
1467285835639068
1467285835741428
1467285835843863
1467285835946211
1467285836048669
1467285836151060
1467285836253471
1467285836355854
1467285836458253
1467285836560631
1467285836663002
1467285836765429
1467285836867869
1467285836970271
1467285837072615
1467285837175007
1467285837379838
1467285837482265
1467285837584621
1467285837687015
1467285837789478
1467285837891893
1467285837994241
1467285838096608
1467285838199061
1467285838301432
1467285838403875
1467285838506272
1467285838608609
1467285838711078
1467285838813455
1467285838915875
1467285839018566
1467285839120682
1467285839223083
1467285839325447
1467285839427891
1467285839530271
1467285839632661
1467285839735088
1467285839939813
1467285840042292
1467285840144628
1467285840247082
1467285840349420
1467285840451896
1467285840554291
1467285840656651
1467285840759050
1467285840861467
1467285840963858
1467285841066241
1467285841168656
1467285841271046
1467285841373496
1467285841475832
1467285841578291
1467285841680688
1467285841783040
1467285841885439
1467285841987895
1467285842090243
1467285842192690
1467285842397451
1467285842602318
1467285842704652
1467285842807066
1467285842909440
1467285843011835
1467285843114291
1467285843216707
1467285843319051
1467285843421500
1467285843523847
1467285843626263
1467285843728652
1467285843831055
1467285843933486
1467285844035916
1467285844138312
1467285844240723
1467285844343044
1467285844445452
1467285844547875
1467285844650316
1467285844752667
1467285844855058
1467285844957869
1467285845059927
1467285845162776
1467285845264686
1467285845469495
1467285845571917
1467285845674314
1467285845776676
1467285845879083
1467285845981523
1467285846083920
1467285846186269
1467285846288757
1467285846391083
1467285846493521
1467285846698316
1467285846800732
1467285846903112
1467285847005472
1467285847107944
1467285847210334
1467285847312673
1467285847415070
1467285847517522
1467285847619948
1467285847824734
1467285847927142
1467285848029487
1467285848131939
1467285848234334
1467285848336675
1467285848439142
1467285848541549
1467285848643939
1467285848848750
1467285848951083
1467285849053495
1467285849155904
1467285849258340
1467285849360751
1467285849463103
1467285849565540
1467285849667949
1467285849770336
1467285849872725
1467285849975124
1467285850179959
1467285850384732
1467285850487132
1467285850589519
1467285850691968
1467285850794355
1467285850896689
1467285850999145
1467285851101504
1467285851203958
1467285851306358
1467285851408690
1467285851511099
1467285851613506
1467285851715961
1467285851818366
1467285851920750
1467285852023134
1467285852125563
1467285852227908
1467285852330354
1467285852535176
1467285852637507
1467285852739973
1467285852842391
1467285852944771
1467285853047141
1467285853149533
1467285853251959
1467285853354377
1467285853456769
1467285853559125
1467285853661535
1467285853763961
1467285853866335
1467285853968759
1467285854071169
1467285854173567
1467285854275982
1467285854378393
1467285854480736
1467285854583130
1467285854685591
1467285854787981
1467285854992776
1467285855095185
1467285855197550
1467285855299992
1467285855402818
1467285855504773
1467285855607190
1467285855709600
1467285855811935
1467285855914349
1467285856016795
1467285856119164
1467285856221558
1467285856323987
1467285856426359
1467285856528746
1467285856631194
1467285856733585
1467285856835993
1467285856938352
1467285857040799
1467285857143190
1467285857245537
1467285857348002
1467285857450397
1467285857552811
1467285857655185
1467285857860032
1467285857962355
1467285858064755
1467285858167189
1467285858269606
1467285858372019
1467285858474371
1467285858576760
1467285858679170
1467285858781595
1467285858884018
1467285858986414
1467285859088817
1467285859191214
1467285859293546
1467285859395959
1467285859498353
1467285859600824
1467285859703378
1467285859805618
1467285859908027
1467285860010417
1467285860112757
1467285860215211
1467285860317607
1467285860420005
1467285860522375
1467285860624814
1467285860727211
1467285860829562
1467285860932000
1467285861034425
1467285861136817
1467285861239212
1467285861341644
1467285861546373
1467285861648825
1467285861751168
1467285861955990
1467285862058419
1467285862160817
1467285862263176
1467285862365643
1467285862570432
1467285862672806
1467285862775182
1467285862877646
1467285862979965
1467285863082366
1467285863184839
1467285863287233
1467285863389626
1467285863491976
1467285863594449
1467285863696795
1467285863799228
1467285863901605
1467285864004031
1467285864106441
1467285864208846
1467285864311233
1467285864413625
1467285864516011
1467285864720847
1467285864823211
1467285864925643
1467285865028045
1467285865130388
1467285865232836
1467285865335257
1467285865437691
1467285865540046
1467285865744866
1467285865847208
1467285865949651
1467285866052052
1467285866154443
1467285866256833
1467285866359252
1467285866461653
1467285866564051
1467285866666432
1467285866768848
1467285866871260
1467285866973670
1467285867076066
1467285867178421
1467285867280830
1467285867383207
1467285867485627
1467285867588025
1467285867690422
1467285867895198
1467285867997669
1467285868100068
1467285868304817
1467285868407246
1467285868509679
1467285868612011
1467285868714460
1467285868816829
1467285868919273
1467285869021669
1467285869124068
1467285869226404
1467285869328818
1467285869431236
1467285869533611
1467285869636084
1467285869738482
1467285869840877
1467285869943214
1467285870045614
1467285870148007
1467285870250482
1467285870352881
1467285870455275
1467285870557670
1467285870660090
1467285870762438
1467285870864845
1467285870967292
1467285871069687
1467285871172029
1467285871274482
1467285871376879
1467285871479239
1467285871581691
1467285871684089
1467285871786435
1467285871888841
1467285871991242
1467285872093632
1467285872196051
1467285872298492
1467285872400840
1467285872503298
1467285872605632
1467285872708087
1467285872810436
1467285872912844
1467285873015294
1467285873117633
1467285873220090
1467285873322517
1467285873424904
1467285873527251
1467285873629647
1467285873732117
1467285873834454
1467285873936898
1467285874039296
1467285874141681
1467285874244119
1467285874346456
1467285874448903
1467285874551278
1467285874653656
1467285874756110
1467285874858507
1467285874960903
1467285875063273
1467285875165666
1467285875268116
1467285875370465
1467285875472922
1467285875575290
1467285875780112
1467285875984928
1467285876087270
1467285876189669
1467285876292061
1467285876394526
1467285876496870
1467285876599274
1467285876701689
1467285876804086
1467285876906499
1467285877008921
1467285877111274
1467285877213657
1467285877316100
1467285877418486
1467285877520898
1467285877623282
1467285877725735
1467285877828071
1467285877930471
1467285878032922
1467285878135299
1467285878237737
1467285878544889
1467285878647285
1467285878749744
1467285878852131
1467285878954469
1467285879056892
1467285879159281
1467285879261686
1467285879364101
1467285879466527
1467285879568941
1467285879671340
1467285879876147
1467285879978512
1467285880080894
1467285880285737
1467285880490569
1467285880592944
1467285880695293
1467285880797758
1467285880900154
1467285881002522
1467285881207356
1467285881309789
1467285881719378
1467285882026548
1467285882128902
1467285882333757
1467285882436155
1467285882538548
1467285882640920
1467285882743360
1467285882845714
1467285882948142
1467285883050569
1467285883152919
1467285883255363
1467285883357744
1467285883460170
1467285883562537
1467285883664908
1467285883767385
1467285883869754
1467285883972124
1467285884074570
1467285884176938
1467285884279311
1467285884381718
1467285884484177
1467285884586569
1467285884688965
1467285884791362
1467285884893777
1467285884996129
1467285885098570
1467285885200921
1467285885303357
1467285885405786
1467285885508113
1467285885610568
1467285885712946
1467285885815382
1467285886020168
1467285886224988
1467285886327383
1467285886429745
1467285886532175
1467285886634595
1467285886736995
1467285886839387
1467285886941797
1467285887044177
1467285887146588
1467285887248959
1467285887351404
1467285887453743
1467285887658599
1467285887760986
1467285887863342
1467285887965757
1467285888170557
1467285888272990
1467285888580149
1467285888682541
1467285888785041
1467285888887444
1467285888989819
1467285889092200
1467285889194544
1467285889296965
1467285889399403
1467285889501799
1467285889604195
1467285889706595
1467285889809024
1467285889911399
1467285890013739
1467285890116215
1467285890218612
1467285890321008
1467285890423343
1467285890525739
1467285890628163
1467285890730552
1467285890832957
1467285890935362
1467285891037819
1467285891242568
1467285891344952
1467285891447345
1467285891549790
1467285891652216
1467285891754612
1467285891857007
1467285891959423
1467285892061807
1467285892164166
1467285892266612
1467285892369022
1467285892471425
1467285892573775
1467285892676218
1467285892778577
1467285892880974
1467285892983420
1467285893085820
1467285893188220
1467285893290649
1467285893393025
1467285893495368
1467285893597768
1467285893700238
1467285893802632
1467285893905039
1467285894007426
1467285894109816
1467285894212189
1467285894314595
1467285894417032
1467285894519406
1467285894621811
1467285894724194
1467285894826651
1467285894928973
1467285895031418
1467285895133849
1467285895236179
1467285895338631
1467285895441016
1467285895543454
1467285895645799
1467285895748191
1467285895850637
1467285895953053
1467285896055392
1467285896157854
1467285896465050
1467285896669803
1467285896772260
1467285896874609
1467285896976991
1467285897079407
1467285897181864
1467285897284257
1467285897386609
1467285897489051
1467285897591447
1467285897693862
1467285897796197
1467285897898655
1467285898001056
1467285898103468
1467285898205864
1467285898308258
1467285898410661
1467285898513006
1467285898615423
1467285898717867
1467285898820194
1467285898922610
1467285899025073
1467285899127468
1467285899229821
1467285899332280
1467285899434677
1467285899537055
1467285899639471
1467285899741864
1467285899844277
1467285899946673
1467285900049012
1467285900151466
1467285900253863
1467285900356288
1467285900458674
1467285900561038
1467285900663438
1467285900765855
1467285900868292
1467285900970677
1467285901073079
1467285901175485
1467285901277884
1467285901380230
1467285901482630
1467285901585074
1467285901687491
1467285901789833
1467285901892295
1467285901994647
1467285902097029
1467285902199492
1467285902301863
1467285902404237
1467285902506694
1467285902609032
1467285902711490
1467285902813834
1467285902916298
1467285903018697
1467285903121064
1467285903223490
1467285903325873
1467285903428255
1467285903530692
1467285903633092
1467285903735507
1467285903837838
1467285904042694
1467285904145054
1467285904247450
1467285904349926
1467285904452269
1467285904554651
1467285904657095
1467285904759509
1467285904861849
1467285904964245
1467285905066709
1467285905169033
1467285905271511
1467285905373872
1467285905476304
1467285905578672
1467285905681072
1467285905783478
1467285906295467
1467285906397866
1467285906500308
1467285906602719
1467285906705114
1467285906807511
1467285906909848
1467285907114714
1467285907217121
1467285907319513
1467285907421927
1467285907524280
1467285907626676
1467285907729098
1467285907831478
1467285907933926
1467285908036323
1467285908138718
1467285908241116
1467285908343487
1467285908445884
1467285908548264
1467285908650723
1467285908753145
1467285908855493
1467285908957934
1467285909060286
1467285909162695
1467285909265136
1467285909367488
1467285909469901
1467285909674741
1467285909777098
1467285909879551
1467285909981943
1467285910084345
1467285910186739
1467285910289140
1467285910391478
1467285910493909
1467285910596294
1467285910698733
1467285910801076
1467285910903532
1467285911005948
1467285911108285
1467285911210741
1467285911313079
1467285911415552
1467285911517952
1467285911620345
1467285911722745
1467285911825093
1467285911927554
1467285912029891
1467285912234749
1467285912337158
1467285912439542
1467285912541959
1467285912644348
1467285912746723
1467285912849167
1467285912951555
1467285913053917
1467285913156346
1467285913258761
1467285913361137
1467285913463550
1467285913668364
1467285913873157
1467285913975524
1467285914077952
1467285914180310
1467285914282761
1467285914385170
1467285914487574
1467285914589972
1467285914692373
1467285914794745
1467285914999575
1467285915101970
1467285915204367
1467285915306777
1467285915409131
1467285915511550
1467285915613910
1467285915716372
1467285915818761
1467285916433218
1467285916535576
1467285916637946
1467285916740370
1467285916842788
1467285916945129
1467285917047575
1467285917149993
1467285917252390
1467285917354740
1467285917457135
1467285917559591
1467285917661948
1467285917764387
1467285917866784
1467285917969135
1467285918071604
1467285918173992
1467285918276343
1467285918378751
1467285918481140
1467285918583599
1467285918685975
1467285918788395
1467285918890741
1467285918993198
1467285919095544
1467285919197992
1467285919300406
1467285919505207
1467285919607598
1467285919710011
1467285919812329
1467285919914805
1467285920017202
1467285920119597
1467285920222010
1467285920324407
1467285920426753
1467285920529156
1467285920631596
1467285920734013
1467285920836411
1467285920938755
1467285921041202
1467285921143613
1467285921245955
1467285921348411
1467285921450770
1467285921758011
1467285921962763
1467285922065174
1467285922167819
1467285922269967
1467285922372411
1467285922474743
1467285922577191
1467285922679579
1467285922781990
1467285922884411
1467285922986770
1467285923089221
1467285923191633
1467285923294015
1467285923396401
1467285923498765
1467285923601247
1467285923703619
1467285923908371
1467285924113196
1467285924215604
1467285924318035
1467285924420393
1467285924522779
1467285924625255
1467285924727592
1467285924829994
1467285925034826
1467285925137222
1467285925239640
1467285925342049
1467285925444450
1467285925546769
1467285925649197
1467285925751640
1467285925854034
1467285925956369
1467285926058843
1467285926161186
1467285926263579
1467285926366005
1467285926468453
1467285926570822
1467285926775639
1467285926877990
1467285926980453
1467285927082802
1467285927185178
1467285927287657
1467285927390057
1467285927492391
1467285927594848
1467285927697199
1467285927799642
1467285927902016
1467285928004447
1467285928106846
1467285928209203
1467285928311600
1467285928414021
1467285928516411
1467285928618848
1467285928721218
1467285928823612
1467285928925998
1467285929028418
1467285929130848
1467285929233237
1467285929335659
1467285929438062
1467285929540406
1467285929642869
1467285929745209
1467285929847661
1467285929950077
1467285930052475
1467285930154872
1467285930257264
1467285930359678
1467285930462030
1467285930666868
1467285930871641
1467285930974076
1467285931076416
1467285931178813
1467285931281223
1467285931383681
1467285931486078
1467285931588477
1467285931690834
1467285931793228
1467285931895633
1467285931998078
1467285932100476
1467285932202828
1467285932305234
1467285932407684
1467285932510025
1467285932612825
1467285932714886
1467285932817287
1467285932919623
1467285933022095
1467285933124495
1467285933226889
1467285933329243
1467285933431642
1467285933534036
1467285933636497
1467285933738890
1467285933841285
1467285933943706
1467285934046038
1467285934148459
1467285934353296
1467285934455718
1467285934558035
1467285934660504
1467285934762863
1467285934865287
1467285934967655
1467285935070036
1467285935172471
1467285935274869
1467285935479668
1467285935582036
1467285935684451
1467285935786879
1467285935889255
1467285935991699
1467285936094035
1467285936196438
1467285936298891
1467285936401306
1467285936503716
1467285936606056
