1467083189685747
1467083189788100
1467083189890539
1467083189992892
1467083190095360
1467083190197753
1467083190300111
1467083190402537
1467083190504935
1467083190607327
1467083190709708
1467083190813885
1467083190914537
1467083191016934
1467083191119350
1467083191221721
1467083191324142
1467083191428103
1467083191528932
1467083191631481
1467083191733698
1467083191836098
1467083191938478
1467083192042637
1467083192143346
1467083192245763
1467083192348173
1467083192450490
1467083192554637
1467083192657758
1467083192757745
1467083192860167
1467083192962539
1467083193065024
1467083193167329
1467083193269727
1467083193373644
1467083193474538
1467083193576983
1467083193679331
1467083193781728
1467083193884140
1467083193986549
1467083194088949
1467083194192855
1467083194293728
1467083194396085
1467083194498491
1467083194600885
1467083194703326
1467083194806995
1467083194908091
1467083195010538
1467083195112935
1467083195215328
1467083195317681
1467083195421763
1467083195522476
1467083195624900
1467083195727326
1467083195829726
1467083195932143
1467083196036185
1467083196136935
1467083196239297
1467083196341750
1467083196444096
1467083196546493
1467083196650134
1467083196751343
1467083196853860
1467083196956122
1467083197058537
1467083197160936
1467083197264975
1467083197365691
1467083197468064
1467083197570506
1467083197672878
1467083197775329
1467083197877727
1467083197980063
1467083198082540
1467083198184906
1467083198287371
1467083198389727
1467083198492076
1467083198594540
1467083198697923
1467083198799285
1467083198901707
1467083199004150
1467083199106544
1467083199208872
1467083199311307
1467083199413728
1467083199516098
1467083199618516
1467083199720912
1467083199823340
1467083199925692
1467083200029586
1467083200130556
1467083200232935
1467083200335300
1467083200437692
1467083200540125
1467083200644583
1467083200744958
1467083200847335
1467083200949730
1467083201052124
1467083201154518
1467083201258583
1467083201359335
1467083201461728
1467083201564073
1467083201666550
1467083201768962
1467083201872588
1467083201973728
1467083202076338
1467083202178488
1467083202280936
1467083202383332
1467083202487414
1467083202588097
1467083202690498
1467083202792938
1467083202895270
1467083202997727
1467083203100146
1467083203202442
1467083203304936
1467083203407334
1467083203509727
1467083203612088
1467083203714527
1467083203816888
1467083203920299
1467083204021681
1467083204124146
1467083204226518
1467083204328916
1467083204431348
1467083204533670
1467083204637312
1467083204738519
1467083204840921
1467083204943238
1467083205045683
1467083205148070
1467083205251715
1467083205352915
1467083205455327
1467083205557689
1467083205660124
1467083205762540
1467083205866535
1467083205967312
1467083206069666
1467083206172079
1467083206274519
1467083206376916
1467083206479253
1467083206581700
1467083206684127
1467083206786463
1467083206888918
1467083206991312
1467083207094953
1467083207196124
1467083207298808
1467083207401044
1467083207503260
1467083207605935
1467083207709812
1467083207811249
1467083207912921
1467083208015266
1467083208117654
1467083208220752
1467083208322487
1467083208424864
1467083208527268
1467083208629664
1467083208732066
1467083208834481
1467083208936882
1467083209039274
1467083209142687
1467083209244120
1467083209346534
1467083209448854
1467083209551267
1467083209653811
1467083209756111
1467083209858517
1467083209960916
1467083210063311
1467083210165710
1467083210268142
1467083210370492
1467083210474189
1467083210575242
1467083210677681
1467083210780061
1467083210882496
1467083210986625
1467083211088938
1467083211189709
1467083211292121
1467083211394521
1467083211496917
1467083211599762
1467083211804108
1467083211906520
1467083212008919
1467083212111260
1467083212213712
1467083212317336
1467083212418517
1467083212521236
1467083212623289
1467083212725706
1467083212828084
1467083212932164
1467083213032916
1467083213135356
1467083213237663
1467083213340102
1467083213443373
1467083213544936
1467083213647265
1467083213749705
1467083213852105
1467083213954458
1467083214056916
1467083214159309
1467083214261706
1467083214365177
1467083214469794
1467083214568872
1467083214671309
1467083214773710
1467083214876131
1467083214979144
1467083215081233
1467083215183315
1467083215285650
1467083215388052
1467083215490503
1467083215592874
1467083215695272
1467083215797655
1467083215900102
1467083216002500
1467083216104919
1467083216207329
1467083216311407
1467083216412105
1467083216514445
1467083216616850
1467083216719313
1467083216821637
1467083216925771
1467083217026499
1467083217128856
1467083217231268
1467083217333715
1467083217436045
1467083217539768
1467083217640856
1467083217744041
1467083217845654
1467083217948130
1467083218050525
1467083218154855
1467083218255257
1467083218357705
1467083218461794
1467083218562516
1467083218665929
1467083218767289
1467083218869705
1467083218972105
1467083219074499
1467083219176913
1467083219279310
1467083219381656
1467083219484106
1467083219590419
1467083219688877
1467083219791264
1467083219893714
1467083219996040
1467083220098517
1467083220200924
1467083220304564
1467083220405708
1467083220508102
1467083220610502
1467083220712894
1467083220815331
1467083220917675
1467083221020075
1467083221122523
1467083221224894
1467083221327310
1467083221429711
1467083221533837
1467083221634538
1467083221736882
1467083221839577
1467083221941840
1467083222044906
1467083222146465
1467083222248897
1467083222351245
1467083222453653
1467083222556101
1467083222658474
1467083222760822
1467083222863265
1467083222966164
1467083223069754
1467083223170491
1467083223272941
1467083223376962
1467083223477705
1467083223580406
1467083223684165
1467083223786562
1467083223887628
1467083223989632
1467083224092074
1467083224195104
1467083224296840
1467083224399290
1467083224501649
1467083224604103
1467083224707241
1467083224809984
1467083224911304
1467083225013715
1467083225116131
1467083225218511
1467083225321563
1467083225423237
1467083225526914
1467083225628040
1467083225730536
1467083225832881
1467083225935435
1467083226037697
1467083226140102
1467083226242452
1467083226344892
1467083226447262
1467083226549689
1467083226652040
1467083226757034
1467083226856834
1467083226959247
1467083227061691
1467083227164086
1467083227266501
1467083227370482
1467083227471269
1467083227573714
1467083227677798
1467083227778458
1467083227882358
1467083228085648
1467083228189317
1467083228292127
1467083228392898
1467083228496806
1467083228599333
1467083228700028
1467083228802482
1467083228904871
1467083229007292
1467083229110348
1467083229212036
1467083229314438
1467083229419469
1467083229519292
1467083229623020
1467083229724058
1467083229826500
1467083229928838
1467083230031268
1467083230133686
1467083230236015
1467083230338694
1467083230440937
1467083230543312
1467083230645713
1467083230748056
1467083230850462
1467083231055271
1467083231157692
1467083231260037
1467083231363717
1467083231464984
1467083231569384
1467083231672118
1467083231772084
1467083231979019
1467083232079244
1467083232181675
1467083232284088
1467083232386493
1467083232488832
1467083232592964
1467083232693691
1467083232796064
1467083232898479
1467083233000870
1467083233103232
1467083233207616
1467083233308462
1467083233411796
1467083233514503
1467083233615235
1467083233719229
1467083233821794
1467083233922435
1467083234026564
1467083234127251
1467083234229646
1467083234332029
1467083234434439
1467083234536878
1467083234639242
1467083234741658
1467083234844055
1467083234946421
1467083235048855
1467083235151359
1467083235254260
1467083235356030
1467083235458436
1467083235560845
1467083235663273
1467083235765689
1467083235868053
1467083235972484
1467083236072897
1467083236175249
1467083236277718
1467083236380115
1467083236482434
1467083236584853
1467083236687275
1467083236789608
1467083236892046
1467083236994485
1467083237096879
1467083237199277
1467083237301611
1467083237404020
1467083237506480
1467083237609186
1467083237711274
1467083237815397
1467083237916085
1467083238018440
1467083238120879
1467083238223246
1467083238325612
1467083238429339
1467083238530457
1467083238634698
1467083238735604
1467083238837997
1467083238940021
1467083239044446
1467083239144878
1467083239247280
1467083239349633
1467083239454302
1467083239555979
1467083239656833
1467083239759230
1467083239861668
1467083239966249
1467083240066460
1467083240168823
1467083240271224
1467083240373671
1467083240476007
1467083240578428
1467083240680847
1467083240783233
1467083240885891
1467083240988026
1467083241090449
1467083241194076
1467083241295245
1467083241397616
1467083241602438
1467083241704816
1467083241808557
1467083241909670
1467083242012071
1467083242114654
1467083242216881
1467083242320699
1467083242423315
1467083242524019
1467083242626465
1467083242728826
1467083242831277
1467083242933805
1467083243037677
1467083243138798
1467083243241402
1467083243343231
1467083243445627
1467083243548066
1467083243651937
1467083243752849
1467083243856433
1467083243959891
1467083244060042
1467083244164280
1467083244267017
1467083244367204
1467083244469670
1467083244571997
1467083244776833
1467083244879277
1467083244981732
1467083245084016
1467083245186462
1467083245289974
1467083245391416
1467083245493629
1467083245596007
1467083245698427
1467083245800878
1467083245903311
1467083246005632
1467083246108086
1467083246210670
1467083246312838
1467083246416726
1467083246517687
1467083246620271
1467083246722406
1467083246824861
1467083246927215
1467083247030880
1467083247132091
1467083247234464
1467083247336864
1467083247439216
1467083247541645
1467083247644398
1467083247746463
1467083247848882
1467083247951273
1467083248053694
1467083248156065
1467083248260195
1467083248360825
1467083248463194
1467083248565613
1467083248668339
1467083248770479
1467083248975442
1467083249079045
1467083249179998
1467083249282413
1467083249384809
1467083249489065
1467083249694102
1467083249796438
1467083249896826
1467083249999261
1467083250101623
1467083250204073
1467083250306494
1467083250408813
1467083250511274
1467083250613608
1467083250716016
1467083250818478
1467083251024951
1467083251125610
1467083251330404
1467083251432817
1467083251535254
1467083251639211
1467083251740014
1467083251842466
1467083251944861
1467083252047252
1467083252150094
1467083252254369
1467083252354400
1467083252559215
1467083252661660
1467083252764014
1467083252868098
1467083252968812
1467083253071211
1467083253175230
1467083253276076
1467083253379979
1467083253480864
1467083253583275
1467083253685591
1467083253788048
1467083253891043
1467083253992863
1467083254096500
1467083254198320
1467083254301257
1467083254404415
1467083254504813
1467083254608960
1467083254711698
1467083254812050
1467083254914448
1467083255018579
1467083255119229
1467083255223792
1467083255325734
1467083255426382
1467083255528815
1467083255631193
1467083255733835
1467083255836050
1467083255938384
1467083256040864
1467083256145284
1467083256245588
1467083256347985
1467083256450387
1467083256552888
1467083256655243
1467083256757606
1467083256861230
1467083256962398
1467083257064796
1467083257167201
1467083257269653
1467083257372050
1467083257475760
1467083257576810
1467083257679237
1467083257781592
1467083257884899
1467083257987862
1467083258088859
1467083258191222
1467083258293591
1467083258396009
1467083258498444
1467083258602494
1467083258705110
1467083258805609
1467083258908016
1467083259010385
1467083259112782
1467083259215191
1467083259318949
1467083259420066
1467083259522389
1467083259626771
1467083259730910
1467083259829607
1467083260648882
1467083261570423
1467083262492006
1467083262594451
1467083262696846
1467083262799207
1467083262901575
1467083263004004
1467083263106385
1467083263208793
1467083263311215
1467083263413620
1467083263515969
1467083263618385
1467083263720772
1467083263823498
1467083263927266
1467083264027986
1467083264130396
1467083264232777
1467083264335195
1467083264437608
1467083264541809
1467083264642384
1467083264744786
1467083264847197
1467083264949586
1467083265052031
1467083265154403
1467083265359363
1467083265461606
1467083265563984
1467083265668059
1467083265768778
1467083265871161
1467083265973842
1467083266075963
1467083266178391
1467083266280782
1467083266383203
1467083266485590
1467083266590437
1467083266692956
1467083266792768
1467083266895171
1467083266997586
1467083267100044
1467083267204267
1467083267306472
1467083267407298
1467083267509593
1467083267611980
1467083267714373
1467083267816821
1467083267919245
1467083268021597
1467083268123982
1467083268226383
1467083268328780
1467083268432629
1467083268536120
1467083268636052
1467083268738426
1467083268840787
1467083268943242
1467083269045944
1467083269147984
1467083269250393
1467083269352767
1467083269455181
1467083269557583
1467083269659971
1467083269762365
1467083269864784
1467083269967217
1467083270070974
1467083270171986
1467083270276214
1467083270376822
1467083270480470
1467083270581594
1467083270686191
1467083270786461
1467083270888779
1467083270992908
1467083271093630
1467083271196254
1467083271298386
1467083271400766
1467083271503222
1467083271605655
1467083271708135
1467083271810397
1467083271912824
1467083272015218
1467083272117628
1467083272220059
1467083272322451
1467083272424785
1467083272527216
1467083272629591
1467083272732054
1467083272834452
1467083272936785
1467083273040449
1467083273141607
1467083273243974
1467083273346383
1467083273448796
1467083273551185
1467083273653616
1467083273756054
1467083273858447
1467083273960846
1467083274063230
1467083274165615
1467083274268009
1467083274370784
1467083274472777
1467083274575165
1467083274677554
1467083274779982
1467083274883996
1467083274985261
1467083275087166
1467083275191101
1467083275291949
1467083275394396
1467083275498617
1467083275599158
1467083275701569
1467083275803963
1467083275908128
1467083276008758
1467083276111155
1467083276213611
1467083276315967
1467083276418378
1467083276520823
1467083276623191
1467083276725723
1467083277135475
1467083277237575
1467083277442425
1467083277544769
1467083277750789
1467083277852094
1467083277954388
1467083278056777
1467083278159218
1467083278263470
1467083278365738
1467083278466362
1467083278568796
1467083278671222
1467083278773568
1467083278875985
1467083278978381
1467083279080779
1467083279183227
1467083279285697
1467083279387983
1467083279490363
1467083279594460
1467083279695166
1467083279899486
1467083280001899
1467083280104264
1467083280208491
1467083280309615
1467083280413360
1467083280515841
1467083280616747
1467083280719185
1467083280821552
1467083280923949
1467083281026438
1467083281129421
1467083281232340
1467083281333548
1467083281435956
1467083281640764
1467083281743216
1467083281845587
1467083281947989
1467083282050352
1467083282152762
1467083282256967
1467083282357568
1467083282459993
1467083282562362
1467083282664737
1467083282767178
1467083282973197
1467083283074382
1467083283176810
1467083283279151
1467083283381569
1467083283483956
1467083283586356
1467083283688741
1467083283791171
1467083283893778
1467083283995954
1467083284099817
1467083284201118
1467083284303195
1467083284405612
1467083284507957
1467083284610364
1467083284712765
1467083284816889
1467083284917613
1467083285019951
1467083285122345
1467083285225413
1467083285327140
1467083285430829
1467083285531991
1467083285635553
1467083285736805
1467083285839155
1467083285943670
1467083286045326
1467083286146359
1467083286248839
1467083286352884
1467083286453567
1467083286555969
1467083286667847
1467083286760775
1467083286863196
1467083286965597
1467083287067992
1467083287170371
1467083287272742
1467083287375152
1467083287479368
1467083287580030
1467083287682407
1467083287786241
1467083287887176
1467083287989551
1467083288093475
1467083288194338
1467083288296742
1467083288399155
1467083288501556
1467083288603962
1467083288707352
1467083288810052
1467083288911146
1467083289013569
1467083289116023
1467083289218407
1467083289322219
1467083289424852
1467083289525548
1467083289627943
1467083289730356
1467083289832768
1467083289935137
1467083290039205
1467083290139939
1467083290242360
1467083290344759
1467083290447138
1467083290550593
1467083290653263
1467083290754327
1467083290858016
1467083290960535
1467083291061595
1467083291163960
1467083291268283
1467083291368745
1467083291472996
1467083291575109
1467083291675989
1467083291880739
1467083291983138
1467083292085540
1467083292187932
1467083292290406
1467083292392752
1467083292495231
1467083292597561
1467083292701860
1467083292804599
1467083292904724
1467083293008010
1467083293109635
1467083293211968
1467083293314348
1467083293418006
1467083293519129
1467083293621550
1467083293723964
1467083293826334
1467083293928809
1467083294032471
1467083294133603
1467083294235987
1467083294338423
1467083294440785
1467083294543183
1467083294645595
1467083294747948
1467083294850345
1467083294952784
1467083295055204
1467083295157622
1467083295261697
1467083295362389
1467083295464755
1467083295567184
1467083295669593
1467083295773035
1467083295875804
1467083295976730
1467083296080635
1467083296182911
1467083296283939
1467083296386406
1467083296490597
