1467080324877782
1467080324980199
1467080325082590
1467080325184992
1467080325389782
1467080325594614
1467080325799405
1467080325901838
1467080326004214
1467080326208991
1467080326413804
1467080326516173
1467080326823430
1467080326925765
1467080327028221
1467080327130619
1467080327233033
1467080327335431
1467080327540228
1467080327642639
1467080327847430
1467080327949760
1467080328154632
1467080328461776
1467080328564219
1467080328666637
1467080328769030
1467080328973854
1467080329076174
1467080329178637
1467080329588255
1467080329997857
1467080330100255
1467080330305072
1467080330612221
1467080330714662
1467080330817068
1467080330919454
1467080331021849
1467080331124267
1467080331226668
1467080331329056
1467080331431435
1467080331533876
1467080331636266
1467080331738672
1467080331841066
1467080331943450
1467080332045830
1467080332148242
1467080332250635
1467080332455449
1467080332557853
1467080332967451
1467080333069861
1467080333274674
1467080333377025
1467080333479414
1467080333684292
1467080333786692
1467080333889080
1467080333991407
1467080334093873
1467080334196286
1467080334298684
1467080334401074
1467080334503414
1467080334605869
1467080334810656
1467080334913057
1467080335117877
1467080335322672
1467080335527480
1467080335732290
1467080335834686
1467080335937118
1467080336039497
1467080336141828
1467080336244266
1467080336346702
1467080336449101
1467080336551459
1467080336756296
1467080336858706
1467080336961102
1467080337063494
1467080337165892
1467080337268307
1467080337370648
1467080337473096
1467080337575472
1467080337677914
1467080337780309
1467080337882699
1467080338087496
1467080338394710
1467080338497101
1467080338599453
1467080338701915
1467080338804307
1467080338906705
1467080339009099
1467080339111516
1467080339213914
1467080339316318
1467080339418697
1467080339521098
1467080339623495
1467080339725911
1467080339930725
1467080340033080
1467080340135496
1467080340237932
1467080340340340
1467080340442724
1467080340545090
1467080340647504
1467080340852319
1467080340954717
1467080341057077
1467080341159494
1467080341261930
1467080341466709
1467080341569154
1467080341671515
1467080341773912
1467080341876324
1467080341978676
1467080342081114
1467080342183512
1467080342285912
1467080342388307
1467080342593146
1467080342695506
1467080342797882
1467080342900289
1467080343002747
1467080343309918
1467080343514751
1467080343617146
1467080343719557
1467080343821954
1467080343924346
1467080344026755
1467080344231535
1467080344436345
1467080344538746
1467080344641162
1467080344845924
1467080344948377
1467080345050747
1467080345153162
1467080345255566
1467080345357909
1467080345562770
1467080345767558
1467080345869920
1467080345972375
1467080346177151
1467080346381963
1467080346484376
1467080346689155
1467080346791550
1467080346893976
1467080346996373
1467080347201162
1467080347405950
1467080347508348
1467080347610721
1467080347713143
1467080347815555
1467080347917953
1467080348020331
1467080348122723
1467080348225162
1467080348327557
1467080348429893
1467080348634766
1467080348737125
1467080348839558
1467080348941956
1467080349146762
1467080349249170
1467080349453985
1467080349556373
1467080349658765
1467080349761179
1467080349965996
1467080350170790
1467080350273202
1467080350375602
1467080350580363
1467080350682789
1467080350785197
1467080350887606
1467080351092402
1467080351194772
1467080351297185
1467080351399581
1467080351501987
1467080351604381
1467080351706805
1467080351809206
1467080351911600
1467080352013995
1467080352116416
1467080352218821
1467080352321205
1467080352423593
1467080352526025
1467080352833212
1467080352935603
1467080353038017
1467080353140359
1467080353242812
1467080353447625
1467080353550011
1467080353652417
1467080353754808
1467080353857226
1467080353959625
1467080354062029
1467080354266832
1467080354369226
1467080354471632
1467080354574018
1467080354676412
1467080354778834
1467080354881231
1467080355086017
1467080355495624
1467080355598032
1467080355700453
1467080356007657
1467080356519636
1467080356724429
1467080356929253
1467080357031647
1467080357134051
1467080357236385
1467080357338815
1467080357441239
1467080357543624
1467080357748460
1467080357850852
1467080358055697
1467080358158040
1467080358260432
1467080358362831
1467080358465228
1467080359284458
1467080359386838
1467080359489277
1467080360103675
1467080360410873
1467080360718088
1467080361230079
1467080361639684
1467080361844483
1467080362049270
1467080362868482
1467080362970893
1467080363073310
1467080363175685
1467080363380456
1467080363483104
1467080363585298
1467080363687682
1467080363790042
1467080363892472
1467080363994891
1467080364097230
1467080364199663
1467080364302016
1467080364404479
1467080364609265
1467080364711719
1467080365428477
1467080365940501
1467080366145305
1467080366247697
1467080366350111
1467080366452501
1467080366657311
1467080366759639
1467080366862132
1467080366964530
1467080367066950
1467080367169308
1467080367271636
1467080367374100
1467080367476500
1467080367681311
1467080367886112
1467080367988518
1467080368090909
1467080368193304
1467080368295668
1467080368398053
1467080368500482
1467080368602944
1467080369319666
1467080369422114
1467080369524500
1467080369626932
1467080369729332
1467080369831675
1467080369934135
1467080370036555
1467080370138939
1467080370241338
1467080370343755
1467080370446129
1467080370548537
1467080370650918
1467080370753333
1467080370855749
1467080370958147
1467080371060553
1467080371162933
1467080371265358
1467080371367677
1467080371470121
1467080371572521
1467080371674944
1467080371777369
1467080371879757
1467080371982157
1467080372494163
1467080373108567
1467080373210962
1467080373313361
1467080373620512
1467080373825304
1467080373927862
1467080374030175
1467080374337328
1467080374439760
1467080374542170
1467080374644565
1467080374746979
1467080374849386
1467080374951768
1467080375054143
1467080375258990
1467080375361325
1467080375463726
1467080375566162
1467080375668589
1467080375770987
1467080375873373
1467080375975777
1467080376590196
1467080376692582
1467080376794980
1467080376897396
1467080376999797
1467080377102148
1467080377204586
1467080377306985
1467080377409357
1467080377511720
1467080377614196
1467080377716590
1467080377818989
1467080377921385
1467080378638203
1467080378740527
1467080378945355
1467080379047790
1467080379457374
1467080379662198
1467080379764608
1467080379867008
1467080379969418
1467080380378992
1467080380686219
1467080380788614
1467080380891016
1467080380993423
1467080381198208
1467080381300608
1467080381403016
1467080381505419
1467080381607775
1467080381710213
1467080381812620
1467080381915024
1467080382017412
1467080382119818
1467080382222209
1467080382324622
1467080382426965
1467080382529391
1467080382631788
1467080382734212
1467080382836619
1467080382938999
1467080383041400
1467080383143816
1467080383246208
1467080383348602
1467080383450940
1467080383553416
1467080383655837
1467080383758193
1467080383860633
1467080383963044
1467080384475050
1467080384577433
1467080384679823
1467080384782219
1467080384884574
1467080384987024
1467080385089432
1467080385191844
1467080385294256
1467080385396579
1467080385499044
1467080385601446
1467080385703845
1467080385806238
1467080385908578
1467080386011048
1467080386113463
1467080386215857
1467080386318254
1467080386420584
1467080386523040
1467080386625451
1467080386727844
1467080386830242
1467080386932678
1467080387035042
1467080387137410
1467080387239863
1467080387342264
1467080387444650
1467080387547044
1467080387649441
1467080387751779
1467080387854237
1467080387956666
1467080388059066
1467080388161467
1467080388263882
1467080388366284
1467080388468602
1467080388571062
1467080388673438
1467080388775868
1467080388980620
1467080389083063
1467080389185474
1467080389287861
1467080389390250
1467080389492660
1467080389595087
1467080389697491
1467080389799888
1467080389902281
1467080390004646
1467080390107060
1467080390620814
1467080390721458
1467080390823855
1467080390926269
1467080391028678
1467080391233478
1467080391335896
1467080391438251
1467080391540688
1467080391643088
1467080391745452
1467080391847895
1467080391950227
1467080392052694
1467080392155112
1467080392257507
1467080392359851
1467080392462233
1467080392564683
1467080392667099
1467080392769482
1467080392871877
1467080392974235
1467080393076697
1467080393179111
1467080393281497
1467080393383885
1467080393486240
1467080393588716
1467080393691112
1467080393793509
1467080393895901
1467080393998311
1467080394510316
1467080394612708
1467080394715116
1467080394817539
1467080394919922
1467080395022309
1467080395124715
1467080395227107
1467080395329516
1467080395431904
1467080395534295
1467080395636690
1467080395739124
1467080395841528
1467080395943886
1467080396046313
1467080396148741
1467080396251108
1467080396353450
1467080396455912
1467080396558327
1467080396660733
1467080396763140
1467080396865540
1467080396967932
1467080397070329
1467080397172722
1467080397275129
1467080397377438
1467080397479921
1467080397582328
1467080397787129
1467080397889501
1467080397991875
1467080398196719
1467080398299125
1467080398401523
1467080398503890
1467080398606291
1467080398708729
1467080398811149
1467080398913536
1467080399015953
1467080399118341
1467080399220739
1467080399323147
1467080399425532
1467080399527870
1467080399630334
1467080399732749
1467080399835156
1467080399937568
1467080400039955
1467080400142359
1467080400551963
1467080400654361
1467080400756758
1467080400859156
1467080400961570
1467080401063973
1467080401166338
1467080401268754
1467080401473578
1467080401575973
1467080401678363
1467080401780765
1467080401883176
1467080401985571
1467080402087959
1467080402190353
1467080402292769
1467080402395119
1467080402497560
1467080402599951
1467080402702369
1467080402804765
1467080402907180
1467080403009504
1467080403111942
1467080403214371
1467080403316755
1467080403419173
1467080403521566
1467080403623984
1467080403828779
1467080403931178
1467080404033537
1467080404443188
1467080404647995
1467080404750372
1467080404852773
1467080404955188
1467080405057530
1467080405159996
1467080405262407
1467080405364749
1467080405467191
1467080405569542
1467080405671917
1467080405774401
1467080405876802
1467080405979204
1467080406081513
1467080406183995
1467080406286397
1467080406388800
1467080406491188
1467080406593618
1467080406696009
1467080406798407
1467080406900801
1467080407003196
1467080407105611
1467080407208012
1467080407310398
1467080407412793
1467080407515213
1467080407617594
1467080407720005
1467080407924823
1467080408027214
1467080408232014
1467080408334348
1467080408436793
1467080408539195
1467080408641530
1467080408743984
1467080408846400
1467080408948738
1467080409051224
1467080409153614
1467080409256027
1467080409358385
1467080409460821
1467080409563218
1467080409665617
1467080409768032
1467080409870424
1467080409972824
1467080410075217
1467080410177634
1467080410280025
1467080410382420
1467080410484823
1467080410587173
1467080410689619
1467080410792016
1467080410894412
1467080410996809
1467080411099186
1467080411201617
1467080411304006
1467080411406437
1467080411508821
1467080411611191
1467080411713629
1467080411918430
1467080412020827
1467080412123189
1467080412225612
1467080412328042
1467080412430422
1467080412532841
1467080412635227
1467080412737616
1467080412840062
1467080412942433
1467080413044826
1467080413147242
1467080413249665
1467080413352048
1467080413454424
1467080413556834
1467080413659218
1467080413761652
1467080413864052
1467080413966442
1467080414068861
1467080414171261
1467080414273660
1467080414478472
1467080414580875
1467080414683266
1467080414785663
1467080414888060
1467080414990469
1467080415092861
1467080415195207
1467080415297653
1467080415502444
1467080415604839
1467080415707227
1467080415809631
1467080415912023
1467080416014429
1467080416116826
1467080416219285
1467080416321676
1467080416424049
1467080416526458
1467080416628854
1467080416833681
1467080416936066
1467080417038485
1467080417140826
1467080417345651
1467080417448050
1467080417550445
1467080417652814
1467080417755256
1467080417857650
1467080417960064
1467080418062491
1467080418164854
1467080418267258
1467080418369685
1467080418472094
1467080418574489
1467080418676859
1467080418779285
1467080418881678
1467080418984091
1467080419086498
1467080419188891
1467080419291285
1467080419393687
1467080419496070
1467080419700881
1467080419803294
1467080419905690
1467080420008092
1467080420110511
1467080420417673
1467080420520089
1467080420622484
1467080420724906
1467080420827311
1467080420929708
1467080421032101
1467080421134508
1467080421236882
1467080421339312
1467080421441719
1467080421546189
1467080421646479
1467080421748908
1467080421851300
1467080421953721
1467080422056113
1467080422158518
1467080422260917
1467080422363306
1467080422465727
1467080422568124
1467080422670493
1467080422772929
1467080422875332
1467080422977720
1467080423080095
1467080423284948
1467080423387331
1467080423489718
1467080423592122
1467080423694469
1467080423796927
1467080423899333
1467080424001733
1467080424104136
1467080424206477
1467080424308926
1467080424411298
1467080424513724
1467080424616137
1467080424718542
1467080424820933
1467080424923350
1467080425025725
1467080425128123
1467080425230521
1467080425435321
1467080425537717
1467080425640126
1467080425742534
1467080425844903
1467080425947352
1467080426049738
1467080426254530
1467080426356892
1467080426459320
1467080426561716
1467080426664134
1467080426868929
1467080426971291
1467080427073727
1467080427176142
1467080427278531
1467080427380861
1467080427483323
1467080427585739
1467080427688136
1467080427790564
1467080427892970
1467080427995366
1467080428097758
1467080428200155
1467080428302549
1467080428404949
1467080428507337
1467080428609744
1467080428712158
1467080428814542
1467080428916961
1467080429019373
1467080429121767
1467080429224165
1467080429326567
1467080429428906
1467080429633759
1467080429736146
1467080429838545
1467080429940968
1467080430043367
1467080430145729
1467080430248111
1467080430350548
1467080430452947
1467080430555360
1467080430657797
1467080430760126
1467080430862547
1467080430964952
1467080431067384
1467080431169785
1467080431272130
1467080431374560
1467080431476961
1467080431579386
1467080431681789
1467080431784126
1467080431886568
1467080431988995
1467080432193785
1467080432398538
1467080432500988
1467080432603386
1467080432705784
1467080432808191
1467080432910592
1467080433012986
1467080433115391
1467080433217785
1467080433320172
1467080433422567
1467080433524966
1467080433627381
1467080433729795
1467080433832205
1467080433934594
1467080434036941
1467080434139404
1467080434241805
1467080434344188
1467080434446571
1467080434549012
1467080434753788
1467080434856178
1467080434958607
1467080435060998
1467080435163412
1467080435265792
1467080435368213
1467080435470609
1467080435573011
1467080435675411
1467080435777803
1467080435880225
1467080435982618
1467080436085013
1467080436187405
1467080436597011
1467080436699412
1467080436801783
1467080436904220
1467080437006624
1467080437109020
1467080437211423
1467080437313790
1467080437416134
1467080437518591
1467080437621006
1467080437724373
1467080437825758
1467080437928195
1467080438030637
1467080438133030
1467080438235424
1467080438337784
1467080438440218
1467080438542593
1467080438645012
1467080438747431
1467080438849807
1467080438952247
1467080439054641
1467080439157037
1467080439259446
1467080439361839
1467080439464215
1467080439566627
1467080439669032
1467080439771454
1467080439873843
1467080439976255
1467080440078638
1467080440181049
1467080440283447
1467080440385849
1467080440488225
1467080440590656
1467080440795429
1467080440897835
1467080441000192
1467080441102659
1467080441205050
1467080441307465
1467080441409821
1467080441512245
1467080441614642
1467080441717037
1467080441819440
1467080441921848
1467080442433859
1467080442536257
1467080442638650
1467080442741050
1467080442843384
1467080442945871
1467080443048268
1467080443150658
1467080443253085
1467080443355407
1467080443457819
1467080443560201
1467080443662664
1467080443765061
1467080443867404
1467080443969854
1467080444174688
1467080444277071
1467080444379477
1467080444481863
1467080444584286
1467080444686687
1467080444789075
1467080444891441
1467080444993878
1467080445096279
1467080445198676
1467080445301068
1467080445403465
1467080445505889
1467080445608287
1467080445710674
1467080445813078
1467080445915502
1467080446017893
1467080446222682
1467080446325053
1467080446427444
1467080446529838
1467080446632234
1467080446734704
1467080446837098
1467080446939492
1467080447041905
1467080447144289
1467080447246700
1467080447349092
1467080447451445
1467080447553833
1467080447656281
1467080447758677
1467080447861073
1467080447963412
1467080448065912
1467080448168306
1467080448373097
1467080448577897
1467080448680290
1467080448782704
1467080448885116
1467080448987513
1467080449089916
1467080449192317
1467080449294729
1467080449397045
1467080449499490
1467080449601910
1467080449704327
1467080449806724
1467080449909128
1467080450011489
1467080450113888
1467080450216323
