1467285497495144
1467285497597606
1467285497700012
1467285498006960
1467285498109592
1467285498211771
1467285498417585
1467285498519161
1467285498621761
1467285498928738
1467285499031710
1467285499133378
1467285499338158
1467285499440798
1467285499542960
1467285499645335
1467285499747749
1467285499952552
1467285500054920
1467285500157356
1467285500363004
1467285500464545
1467285500669334
1467285500771750
1467285500976525
1467285501078860
1467285501217234
1467285501590930
1467285501693609
1467285501898129
1467285502102920
1467285502205442
1467285502307733
1467285502410137
1467285502819758
1467285503127207
1467285503434146
1467285503536529
1467285503741335
1467285504151253
1467285504253317
1467285504356019
1467285504458437
1467285504663176
1467285504765334
1467285504868229
1467285504970734
1467285505072798
1467285505277337
1467285505482559
1467285505584501
1467285505686920
1467285505789296
1467285505891731
1467285505994109
1467285506096813
1467285506221630
1467285506506479
1467285506710902
1467285506813236
1467285506916070
1467285507018083
1467285507222899
1467285507427755
1467285507530048
1467285507734837
1467285507837606
1467285507939695
1467285508042105
1467285508246849
1467285508349275
1467285508554400
1467285508656841
1467285508861296
1467285508963649
1467285509373638
1467285509475691
1467285509578379
1467285509680489
1467285510090443
1467285510192513
1467285510398080
1467285510499668
1467285510806886
1467285511318884
1467285511421613
1467285511523685
1467285511636827
1467285511830833
1467285511933609
1467285512047398
1467285512138068
1467285512240490
1467285512462116
1467285512547684
1467285512650423
1467285512752483
1467285512957549
1467285513776466
1467285514084401
1467285514186377
1467285514493651
1467285515005657
1467285515107650
1467285515312421
1467285515517654
1467285515620022
1467285515825173
1467285515926838
1467285516042235
1467285516131646
1467285516234091
1467285516336445
1467285516453920
1467285516541651
1467285516643667
1467285516764585
1467285517053586
1467285517156068
1467285517471567
1467285517565633
1467285517667633
1467285517770027
1467285517872924
1467285518495341
1467285518794030
1467285518896783
1467285518999267
1467285519613595
1467285519818031
1467285520022837
1467285520125654
1467285520228007
1467285520432945
1467285520534857
1467285520740007
1467285520842589
1467285520944404
1467285521047049
1467285521456408
1467285521558821
1467285521662947
1467285521969966
1467285522071230
1467285522173657
1467285522583303
1467285522890024
1467285523402551
1467285523709656
1467285523811565
1467285524016879
1467285524118781
1467285524323614
1467285524528339
1467285524630765
1467285524938472
1467285525040860
1467285525142800
1467285525245138
1467285525349739
1467285525450016
1467285525552383
1467285525654821
1467285525757174
1467285525859592
1467285525962405
1467285526269209
1467285526372073
1467285526474488
1467285526678767
1467285526781627
1467285526883588
1467285527089451
1467285527190779
1467285527295318
1467285527600868
1467285527806356
1467285527908069
1467285528010487
1467285528112839
1467285528317889
1467285528419572
1467285528522467
1467285528624364
1467285528727297
1467285528931572
1467285529034491
1467285529136301
1467285529238758
1467285529341677
1467285529547203
1467285529750782
1467285529853176
1467285530467504
1467285530672344
1467285530775281
1467285530878865
1467285530979517
1467285531185963
1467285531286759
1467285531389161
1467285531798758
1467285531901676
1467285532106541
1467285532210302
1467285532414550
1467285532515551
1467285532618489
1467285532720845
1467285533027532
1467285533130633
1467285533540114
1467285533641948
1467285533744924
1467285533949155
1467285534051532
1467285534358695
1467285534461140
1467285534665906
1467285534871315
1467285535177922
1467285535280289
1467285535382675
1467285535588136
1467285535689947
1467285535895328
1467285535997134
1467285536099509
1467285536201927
1467285536509115
1467285536611510
1467285536713926
1467285536817568
1467285536920581
1467285537021862
1467285537124111
1467285537226630
1467285537328852
1467285537432538
1467285537533135
1467285537635532
1467285537738722
1467285538045767
1467285538250511
1467285538659506
1467285538865489
1467285539274505
1467285539376382
1467285539479248
1467285539581058
1467285539888237
1467285539990715
1467285540093111
1467285540502715
1467285540606425
1467285540707519
1467285540912223
1467285541117100
1467285541219488
1467285541321849
1467285541425315
1467285541629066
1467285542038681
1467285542141089
1467285542243469
1467285542346478
1467285542857888
1467285542961115
1467285543065069
1467285543268262
1467285543473010
1467285543574679
1467285543984931
1467285544189740
1467285544292116
1467285544497844
1467285544599340
1467285544701092
1467285544803464
1467285544905888
1467285545523256
1467285545725719
1467285545827491
1467285545929832
1467285546034556
1467285546237738
1467285546339466
1467285546442497
1467285546646657
1467285546953808
1467285547158637
1467285547261036
1467285547363423
1467285547670638
1467285547773034
1467285547875470
1467285547977841
1467285548387445
1467285548490534
1467285548594468
1467285548695286
1467285549113559
1467285549207633
1467285549516869
1467285549821730
1467285549924064
1467285550128875
1467285550342574
1467285550846967
1467285551050550
1467285551152259
1467285551561768
1467285551664949
1467285551766621
1467285551870968
1467285552483379
1467285552587576
1467285552996090
1467285553200239
1467285553304471
1467285554224231
1467285554428989
1467285555044158
1467285555146553
1467285555556141
1467285555863687
1467285556068093
1467285556170555
1467285556272951
1467285556477889
1467285556579343
1467285557217712
1467285557398595
1467285557808951
1467285558012961
1467285558218556
1467285558423336
1467285558524990
1467285558638285
1467285559242555
1467285559548986
1467285559856125
1467285559958548
1467285560060974
1467285560164137
1467285560268509
1467285560368110
1467285560575552
1467285560676125
1467285560777766
1467285560880908
1467285560983647
1467285561293015
1467285561392183
1467285561495336
1467285561597556
1467285561904986
1467285562007368
1467285562108974
1467285562416934
1467285562723374
1467285562841787
1467285563132950
1467285563860313
1467285564475095
1467285564576753
1467285564670202
1467285564874861
1467285565180887
1467285565283328
1467285565385743
1467285565488958
1467285565694019
1467285565796141
1467285565898533
1467285566102510
1467285566308218
1467285566409827
1467285566512497
1467285566717801
1467285567041057
1467285567229809
1467285567332183
1467285567537115
1467285567652537
1467285567751471
1467285567843354
1467285568162662
1467285568457724
1467285568662458
1467285568867312
1467285569277753
1467285569595285
1467285569903875
1467285569994559
1467285570096072
1467285570198515
1467285570608974
1467285570812863
1467285570915307
1467285571223392
1467285571324857
1467285571427306
1467285571530787
1467285572259058
1467285572759734
1467285573283549
1467285573391847
1467285573475304
1467285573987302
1467285574204213
1467285574602764
1467285574910744
1467285575012643
1467285575645498
1467285575843140
1467285576243161
1467285576460454
1467285576547264
1467285577162541
1467285577368032
1467285577777062
1467285577878481
1467285578185681
1467285578390461
1467285578697614
1467285578800072
1467285579312022
1467285579619264
1467285579825021
1467285579927710
1467285580031393
1467285580234646
1467285580337027
1467285580441523
1467285580540855
1467285581056416
1467285581155225
1467285581258621
1467285581462629
1467285581975433
1467285582282648
1467285582793637
1467285582897913
1467285583204243
1467285583408034
1467285583613819
1467285583818850
1467285584023472
1467285584125835
1467285584227224
1467285584339803
1467285584432039
1467285584534643
1467285584739159
1467285584842624
1467285585252297
1467285585357456
1467285585559421
1467285585663951
1467285585767069
1467285585968435
1467285586172809
1467285586378566
1467285586497788
1467285586993480
1467285587504019
1467285587607541
1467285587721598
1467285588132876
1467285588221831
1467285588324838
1467285589041074
1467285590065559
1467285590270625
1467285590385186
1467285590474904
1467285591090562
1467285591395145
1467285591908264
1467285592419164
1467285592521597
1467285592623974
1467285592726363
1467285593034726
1467285593239457
1467285593444611
1467285594173477
1467285594364776
1467285594468561
1467285594775490
1467285594876749
1467285595082666
1467285595286353
1467285595407886
1467285595594663
1467285596006707
1467285596105565
1467285596207950
1467285596311442
1467285596412692
1467285596516394
1467285596617550
1467285596823487
1467285596924745
1467285597029481
1467285597129483
1467285597231939
1467285597335457
1467285597437893
1467285597847686
1467285597949891
1467285598257084
1467285598368832
1467285598462441
1467285598573790
1467285598769063
1467285599075142
1467285599177537
1467285599690142
1467285600201523
1467285600305062
1467285600409203
1467285600513246
1467285601434107
1467285601636979
1467285601839919
1467285602351920
1467285602466727
1467285602557876
1467285602662798
1467285602761513
1467285602969399
1467285603068706
1467285603273501
1467285603480520
1467285603790207
1467285603993666
1467285605321479
1467285605436455
1467285605846895
1467285606039875
1467285606959876
1467285607267095
1467285607383184
1467285608087582
1467285608304147
1467285608601015
1467285608906531
1467285609009147
1467285609112671
1467285609319043
1467285609726269
1467285609829213
1467285609930710
1467285610238434
1467285610343442
1467285610442665
1467285610545104
1467285610648415
1467285611057122
1467285611364629
1467285611570769
1467285611774977
1467285611876044
1467285612185667
1467285613412257
1467285613820591
1467285613923023
1467285614743647
1467285614948315
1467285615054500
1467285615255958
1467285615359539
1467285615663793
1467285615767087
1467285615974999
1467285616484332
1467285616802818
1467285618534020
1467285619146873
1467285619351505
1467285619569689
1467285620273127
1467285620479860
1467285620591609
1467285621298129
1467285621402131
1467285621707608
1467285621912269
1467285622017037
1467285622116711
1467285622321503
1467285622628773
1467285623038420
1467285623140752
1467285623244172
1467285623654733
1467285623858094
1467285624164358
1467285624577203
1467285625291613
1467285625495047
1467285626007983
1467285626418109
1467285627034191
1467285628362716
1467285628463732
1467285628567588
1467285628979000
1467285629079627
1467285629385339
1467285629695224
1467285629794920
1467285630001334
1467285630103542
1467285630204526
1467285630515583
1467285630719378
1467285630821385
1467285630921566
1467285631027624
1467285631232613
1467285631333706
1467285631438163
1467285631539046
1467285632767555
1467285633895146
1467285634406896
1467285635942918
1467285636147707
1467285636249338
1467285636351490
1467285636558118
1467285637271523
1467285637377735
1467285637478180
1467285638605119
1467285638809755
1467285639116444
1467285639321485
1467285639424453
1467285639630626
1467285639730391
1467285640138819
1467285640241690
1467285640653134
1467285641368287
1467285641573191
1467285641673569
1467285641982648
1467285642084343
1467285642904695
1467285643108401
1467285643418403
1467285643517369
1467285643827668
1467285644029258
1467285644135065
1467285644339821
1467285644954127
1467285645465426
1467285645568781
1467285645772295
1467285646490029
1467285647206384
1467285647411820
1467285647514403
1467285647715420
1467285647821670
1467285648024113
1467285648436130
1467285648743278
1467285648843546
1467285649255516
1467285649457325
1467285649868482
1467285650071968
1467285650174360
1467285650687820
1467285650994237
1467285652220650
1467285652836261
1467285652943131
1467285653040014
1467285653144735
1467285653653965
1467285653758030
1467285653858779
1467285654063522
1467285654270062
1467285654370774
1467285654985155
1467285655087550
1467285655806062
1467285655906770
1467285656010840
1467285656111560
1467285656318190
1467285656521151
1467285656625262
1467285656828311
1467285657239904
1467285657340298
1467285657444447
1467285657956453
1467285658161263
1467285658468471
1467285658671530
1467285659388340
1467285659593140
1467285659902178
1467285660004466
1467285660222780
1467285660618864
1467285660822676
1467285661026691
1467285661333882
1467285661850451
1467285662050700
1467285662255530
1467285662359821
1467285662462576
1467285662869872
1467285662972324
1467285663177594
1467285663281282
1467285663588486
1467285663689117
1467285663793320
1467285663996410
1467285664098693
1467285664303494
1467285664405905
1467285664610699
1467285664817309
1467285664919664
1467285665841300
1467285666249027
1467285666353308
1467285666558075
1467285667274891
1467285667375573
1467285667889284
1467285668604260
1467285668706663
1467285669118095
1467285669219052
1467285669322890
1467285669527901
1467285669838805
1467285670142095
1467285670756456
1467285670857089
1467285671268491
1467285671573844
1467285672087924
1467285672190127
1467285672393512
1467285672497242
1467285672700242
1467285672905258
1467285673007715
1467285673109823
1467285673212175
1467285673417043
1467285673622236
1467285673828500
1467285673929207
1467285674545269
1467285674748244
1467285674850612
1467285674953033
1467285675055374
1467285675262071
1467285675876513
1467285676185389
1467285676284239
1467285676693759
1467285677105327
1467285677308200
1467285677517701
1467285677924474
1467285678127594
1467285678334139
1467285678434597
1467285678743924
1467285679460535
1467285679562869
1467285679868181
1467285679972534
1467285680789781
1467285681608932
1467285681816368
1467285682632971
1467285682837787
1467285682942116
1467285683351744
1467285683452157
1467285683861962
1467285684170906
1467285684273342
1467285684476213
1467285684783361
1467285685194932
1467285685297285
1467285685399742
1467285685502167
1467285685602577
1467285686116553
1467285686321547
1467285686728898
1467285687138484
1467285687752953
1467285687857618
1467285687959739
1467285688062571
1467285688674501
1467285688778892
1467285689391343
1467285689495914
1467285689596053
1467285690519782
1467285690724575
1467285691337640
1467285691439324
1467285691646125
1467285691953373
1467285692053660
1467285692362947
1467285692465353
1467285692668075
1467285692872911
1467285693079743
1467285693182639
1467285693284559
1467285693489392
1467285694103766
1467285694513294
1467285694718184
1467285695128425
1467285695435002
1467285695537390
1467285695742182
1467285695842495
1467285696559287
1467285696866625
1467285696968891
1467285697071293
1467285697173649
1467285697278309
1467285697480869
1467285697583537
1467285697685680
1467285697790433
1467285698302159
1467285698404586
1467285698506975
1467285699018974
1467285699121374
1467285699223807
1467285699633391
1467285699735809
1467285699838220
1467285700042975
1467285700350185
1467285700759811
1467285701578937
1467285701681394
1467285701884065
1467285702395980
1467285702705590
1467285702807805
1467285703112916
1467285703319768
1467285703422205
1467285704239247
1467285704343789
1467285704446167
1467285705060575
1467285705162962
1467285705265413
1467285705470244
1467285705572618
1467285705675015
1467285705775258
1467285705879771
1467285706216755
1467285706289412
1467285706391790
1467285706494205
1467285706594414
1467285706699016
1467285706799222
1467285706901623
1467285707006204
1467285707108622
1467285707313381
1467285707415809
1467285707620546
1467285707720738
1467285707927723
1467285708132622
1467285708335205
1467285708644617
1467285708747013
1467285709361351
1467285709463809
1467285709568333
1467285709975812
1467285710385433
1467285710487757
1467285710792781
1467285710999874
1467285711308203
1467285711410415
1467285711920589
1467285712026270
1467285712434502
1467285713983384
1467285715520487
1467285717247269
1467285717451473
1467285719910058
1467285720115207
1467285720523082
1467285721139689
1467285721446801
1467285721650333
1467285723290703
1467285723388246
1467285724120045
1467285724411892
1467285724926266
1467285725026293
1467285725128630
1467285725231103
1467285725333523
1467285725952397
1467285726052124
1467285726154522
1467285726255587
1467285726462524
1467285726681188
1467285726887014
1467285727090955
1467285727282085
1467285727383997
1467285727488935
1467285727589017
1467285727797542
1467285728215542
1467285728319722
1467285728512189
1467285728617043
1467285728919279
1467285729025149
1467285729126039
1467285729226626
1467285729855815
1467285730763783
1467285731067858
1467285731375095
1467285731684668
1467285731792668
1467285731892001
1467285732402767
1467285732621248
1467285733132854
1467285733233126
1467285733427648
1467285733644820
1467285734156564
1467285734863166
1467285735069570
1467285735372729
1467285735678347
1467285735884815
1467285735991504
1467285736088544
1467285736494985
1467285736699794
1467285736802263
1467285736904639
1467285737527340
1467285737946897
1467285738447753
1467285738559167
1467285738652671
1467285738763589
1467285738853649
1467285739470294
1467285739773336
1467285739878219
1467285740285884
1467285740693400
1467285741103008
1467285741207921
1467285741307795
1467285741512545
