1467321829342162
1467321829649389
1467321829751750
1467321829854166
1467321829956534
1467321830058948
1467321830161366
1467321830263760
1467321830366168
1467321830468567
1467321830570976
1467321830673380
1467321830775775
1467321830878167
1467321830980569
1467321831082957
1467321831185357
1467321831390164
1467321831492556
1467321831594979
1467321831697359
1467321831799764
1467321831902183
1467321832004555
1467321832106958
1467321832209367
1467321832311788
1467321832414165
1467321832516591
1467321832618986
1467321832721359
1467321832823751
1467321832926175
1467321833132335
1467321833233378
1467321833335831
1467321833438176
1467321833540564
1467321833642970
1467321833745429
1467321833847772
1467321833950192
1467321834052675
1467321834154981
1467321834258723
1467321834359731
1467321834462090
1467321834564500
1467321834666910
1467321834769319
1467321834871736
1467321834974194
1467321835076532
1467321835178956
1467321835281316
1467321835383709
1467321835486120
1467321835588529
1467321835690997
1467321835793323
1467321835899351
1467321835998117
1467321836100497
1467321836202916
1467321836305372
1467321836407809
1467321836510131
1467321836612503
1467321836714932
1467321836820514
1467321836921130
1467321837022123
1467321837124615
1467321837226917
1467321837329341
1467321837431710
1467321837534112
1467321837636545
1467321837738974
1467321837841309
1467321837943795
1467321838046120
1467321838148534
1467321838250935
1467321838353323
1467321838455789
1467321838558151
1467321838660547
1467321838762924
1467321838967789
1467321839070195
1467321839172523
1467321839274949
1467321839377330
1467321839479722
1467321839582128
1467321839684536
1467321839786927
1467321839889331
1467321839991790
1467321840094147
1467321840196540
1467321840298937
1467321840401347
1467321840503732
1467321840606123
1467321840708579
1467321840810955
1467321840913307
1467321841015664
1467321841118096
1467321841220499
1467321841322918
1467321841425291
1467321841527726
1467321841630065
1467321841732481
1467321841835370
1467321841937280
1467321842039709
1467321842142102
1467321842244489
1467321842346871
1467321842449335
1467321842551685
1467321842654103
1467321842756480
1467321842858933
1467321842961296
1467321843063682
1467321843166107
1467321843268498
1467321843370899
1467321843473287
1467321843575728
1467321843678139
1467321843780499
1467321843882876
1467321843985282
1467321844087695
1467321844190083
1467321844292519
1467321844395021
1467321844497300
1467321844599686
1467321844702114
1467321844804498
1467321844906907
1467321845009295
1467321845111748
1467321845214098
1467321845316509
1467321845418923
1467321845521319
1467321845623701
1467321845726115
1467321845838464
1467321845930891
1467321846033322
1467321846135698
1467321846238109
1467321846340522
1467321846442908
1467321846545310
1467321846647701
1467321846750096
1467321846852493
1467321846954917
1467321847057393
1467321847159682
1467321847262161
1467321847364495
1467321847466848
1467321847569256
1467321847671874
1467321847774425
1467321847876461
1467321847978853
1467321848081238
1467321848184095
1467321848286049
1467321848388500
1467321848490864
1467321848695641
1467321848798041
1467321848900438
1467321849002834
1467321849105239
1467321849207654
1467321849310057
1467321849412499
1467321849514835
1467321849617251
1467321849719639
1467321849822330
1467321849924432
1467321850129238
1467321850231644
1467321850334043
1467321850436617
1467321850538830
1467321850641246
1467321850743701
1467321850846058
1467321850948452
1467321851050864
1467321851153294
1467321851255958
1467321851358052
1467321851562864
1467321851665267
1467321851767660
1467321851972449
1467321852074867
1467321852177307
1467321852279647
1467321852382059
1467321852484436
1467321852588751
1467321852689252
1467321852792445
1467321852894082
1467321852996982
1467321853098873
1467321853201275
1467321853303803
1467321853406066
1467321853508465
1467321853610876
1467321853714937
1467321853815665
1467321853918099
1467321854020411
1467321854122806
1467321854225195
1467321854327595
1467321854430025
1467321854634822
1467321854737553
1467321854839600
1467321854942026
1467321855044408
1467321855146831
1467321855351917
1467321855454008
1467321855558206
1467321855658809
1467321855761208
1467321855863616
1467321855966011
1467321856068405
1467321856170808
1467321856273207
1467321856375617
1467321856478060
1467321856580408
1467321856682827
1467321856785256
1467321856887610
1467321856990014
1467321857092422
1467321857194871
1467321857297207
1467321857399607
1467321857502029
1467321857809240
1467321857911672
1467321858014018
1467321858116476
1467321858218812
1467321858321212
1467321858423599
1467321858526025
1467321858730828
1467321858833252
1467321858935634
1467321859038029
1467321859140474
1467321859242828
1467321859345239
1467321859447649
1467321859550057
1467321859652437
1467321859754876
1467321859857271
1467321859959614
1467321860062051
1467321860164479
1467321860268414
1467321860369250
1467321860471604
1467321860573989
1467321860676671
1467321860779141
1467321860881156
1467321860983581
1467321861085964
1467321861188374
1467321861290799
1467321861393156
1467321861599123
1467321861700968
1467321861802775
1467321861905171
1467321862007579
1467321862109965
1467321862212384
1467321862314802
1467321862417157
1467321862520421
1467321862621960
1467321862724423
1467321862826764
1467321862929169
1467321863031604
1467321863133982
1467321863236438
1467321863338762
1467321863441173
1467321863543573
1467321863645989
1467321863748383
1467321863850799
1467321863953189
1467321864055628
1467321864157974
1467321864260386
1467321864362775
1467321864465180
1467321864567613
1467321864670294
1467321864772379
1467321865079591
1467321865181986
1467321865284416
1467321865386789
1467321865489207
1467321865591632
1467321865693996
1467321865796370
1467321865898793
1467321866001164
1467321866103605
1467321866205990
1467321866308374
1467321866410774
1467321866513227
1467321866615593
1467321866717995
1467321866820386
1467321866922784
1467321867025189
1467321867127552
1467321867230223
1467321867332346
1467321867434745
1467321867537218
1467321867639527
1467321867741945
1467321867844328
1467321867946747
1467321868049146
1467321868151522
1467321868253955
1467321868359787
1467321868458765
1467321868561126
1467321868663521
1467321868765923
1467321868868384
1467321868970792
1467321869073165
1467321869175536
1467321869277925
1467321869380338
1467321869482727
1467321869585127
1467321869789957
1467321869892349
1467321869995011
1467321870097126
1467321870199520
1467321870301956
1467321870404393
1467321870506758
1467321870609123
1467321870711579
1467321870813938
1467321870916355
1467321871018747
1467321871121129
1467321871223541
1467321871325938
1467321871428357
1467321871530727
1467321871633129
1467321871735547
1467321871837948
1467321871940350
1467321872042736
1467321872145159
1467321872247573
1467321872349957
1467321872452356
1467321872554741
1467321872657142
1467321872759884
1467321872862375
1467321872964387
1467321873066814
1467321873169151
1467321873271561
1467321873373940
1467321873476422
1467321873578780
1467321873681093
1467321873783506
1467321873885885
1467321873988335
1467321874090719
1467321874193153
1467321874295505
1467321874397898
1467321874500278
1467321874602715
1467321874705775
1467321874807494
1467321874909960
1467321875012320
1467321875114751
1467321875217110
1467321875319487
1467321875421923
1467321875524306
1467321875626750
1467321875729088
1467321875831566
1467321875933920
1467321876036358
1467321876138753
1467321876241220
1467321876343485
1467321876446628
1467321876548356
1467321876650699
1467321876753147
1467321876855524
1467321876957959
1467321877060360
1467321877162694
1467321877265150
1467321877367553
1467321877469939
1467321877572353
1467321877777103
1467321877879524
1467321877981959
1467321878084306
1467321878186729
1467321878289169
1467321878391592
1467321878493963
1467321878597829
1467321878698773
1467321878801116
1467321878903519
1467321879005904
1467321879108356
1467321879210777
1467321879313135
1467321879415605
1467321879517901
1467321879620377
1467321879722714
1467321879825110
1467321879927493
1467321880029924
1467321880132376
1467321880234650
1467321880337042
1467321880439729
1467321880544667
1467321880645671
1467321880746685
1467321880849072
1467321880951450
1467321881053918
1467321881156326
1467321881258656
1467321881361071
1467321881463519
1467321881569098
1467321881668323
1467321881770658
1467321881873120
1467321881975484
1467321882077917
1467321882180289
1467321882282663
1467321882385131
1467321882487490
1467321882589931
1467321882695968
1467321882795907
1467321882897158
1467321882999529
1467321883101881
1467321883204306
1467321883306710
1467321883409072
1467321883511486
1467321883613854
1467321883716316
1467321883818702
1467321883921098
1467321884023524
1467321884125888
1467321884228278
1467321884330673
1467321884433168
1467321884535524
1467321884637920
1467321884740335
1467321884842704
1467321884945163
1467321885047483
1467321885149877
1467321885252305
1467321885354730
1467321885457084
1467321885559522
1467321885661952
1467321885764270
1467321885866681
1467321885969129
1467321886071520
1467321886173942
1467321886276332
1467321886378732
1467321886481087
1467321886583494
1467321886685880
1467321886788280
1467321886890631
1467321886993003
1467321887095462
1467321887199671
1467321887300219
1467321887402643
1467321887505048
1467321887607446
1467321887709844
1467321887812278
1467321887914668
1467321888017032
1467321888119437
1467321888221849
1467321888324244
1467321888426676
1467321888529056
1467321888631487
1467321888733841
1467321888836273
1467321888938671
1467321889041019
1467321889143487
1467321889245822
1467321889450738
1467321889553085
1467321889655484
1467321889757821
1467321889860247
1467321889962660
1467321890065058
1467321890167443
1467321890269835
1467321890372220
1467321890474658
1467321890577022
1467321890679430
1467321890782670
1467321890884241
1467321890987475
1467321891089032
1467321891191440
1467321891293851
1467321891396261
1467321891498664
1467321891601034
1467321891703450
1467321891805829
1467321891908304
1467321892010636
1467321892113061
1467321892215424
1467321892317848
1467321892420242
1467321892523103
1467321892625113
1467321892727507
1467321892829868
1467321892932297
1467321893036077
1467321893137056
1467321893239419
1467321893341840
1467321893444205
1467321893546603
1467321893649007
1467321893751449
1467321893853841
1467321893956237
1467321894058587
1467321894160998
1467321894263377
1467321894365838
1467321894468239
1467321894570595
1467321894673047
1467321894877780
1467321894981483
1467321895082654
1467321895184988
1467321895287404
1467321895389839
1467321895492257
1467321895594612
1467321895697000
1467321895799385
1467321895901804
1467321896004227
1467321896106625
1467321896209043
1467321896311388
1467321896413800
1467321896516226
1467321896618598
1467321896720987
1467321896823408
1467321896925799
1467321897028255
1467321897130596
1467321897233067
1467321897335445
1467321897437863
1467321897540257
1467321897642599
1467321897744982
1467321897847423
1467321897949814
1467321898052224
1467321898154652
1467321898257009
1467321898359405
1467321898461859
1467321898564228
1467321898666614
1467321898769001
1467321898871410
1467321898973895
1467321899076649
1467321899178594
1467321899281015
1467321899383411
1467321899486065
1467321899588200
1467321899690758
1467321899793004
1467321899895339
1467321899997738
1467321900100142
1467321900202553
1467321900304958
1467321900407350
1467321900509733
1467321900612134
1467321900714559
1467321900816956
1467321900919346
1467321901021817
1467321901124161
1467321901226578
1467321901328978
1467321901431364
1467321901535297
1467321901636157
1467321901738553
1467321901842389
1467321901943347
1467321902045758
1467321902148184
1467321902250556
1467321902352959
1467321902455420
1467321902557776
1467321902660154
1467321902762552
1467321902864949
1467321902967365
1467321903069760
1467321903172217
1467321903274616
1467321903376956
1467321903483290
1467321903581776
1467321903684170
1467321903786577
1467321903888986
1467321903991370
1467321904093842
1467321904197345
1467321904298600
1467321904503371
1467321904605765
1467321904708241
1467321904810563
1467321904913033
1467321905015389
1467321905117802
1467321905221642
1467321905323851
1467321905425028
1467321905527395
1467321905629791
1467321905732196
1467321905834636
1467321905936973
1467321906039442
1467321906141841
1467321906244175
1467321906346589
1467321906448928
1467321906551320
1467321906653711
1467321906756131
1467321906858530
1467321906960917
1467321907063313
1467321907165735
1467321907268152
1467321907370953
1467321907472916
1467321907575322
1467321907677776
1467321907780113
1467321907882508
1467321907984909
1467321908087322
1467321908189717
1467321908292114
1467321908394519
1467321908496956
1467321908599341
1467321908701726
1467321908804126
1467321908906525
1467321909008943
1467321909213713
1467321909316113
1467321909418591
1467321909520922
1467321909725717
1467321909828142
1467321909930530
1467321910032968
1467321910135383
1467321910237782
1467321910340140
1467321910442560
1467321910545198
1467321910647313
1467321910749745
1467321910852131
1467321910954589
1467321911056988
1467321911160706
1467321911261731
1467321911364142
1467321911467432
1467321911568991
1467321911671385
1467321911774711
1467321911876835
1467321911979052
1467321912080926
1467321912183356
1467321912286305
1467321912388215
1467321912490597
1467321912592985
1467321912695402
1467321912797739
1467321912900139
1467321913002467
1467321913105105
1467321913207297
1467321913309698
1467321913412137
1467321913514492
1467321913616893
1467321913719271
1467321913821740
1467321913924816
1467321914026553
1467321914128858
1467321914231293
1467321914333690
1467321914436096
1467321914538483
1467321914640903
1467321914743309
1467321914845765
1467321914948095
1467321915050557
1467321915152913
1467321915255287
1467321915357707
1467321915460115
1467321915562468
1467321915664915
1467321915767303
1467321915870057
1467321915972108
1467321916074483
1467321916176916
1467321916279267
1467321916381685
1467321916484106
1467321916586592
1467321916688893
1467321916791311
1467321916893681
1467321916996068
1467321917098500
1467321917200906
1467321917304250
1467321917405698
1467321917508160
1467321917610579
1467321917712943
1467321917815357
1467321917917710
1467321918020099
1467321918122490
1467321918224951
1467321918327381
1467321918429721
1467321918532127
1467321918634551
1467321918736882
1467321918839305
1467321918941772
1467321919044102
1467321919146522
1467321919249096
1467321919351364
1467321919453719
1467321919556037
1467321919659152
1467321919760821
1467321919863275
1467321919965650
1467321920068093
1467321920170438
1467321920272919
1467321920375288
1467321920477715
1467321920580050
1467321920784865
1467321920887261
1467321920989664
1467321921092061
1467321921194452
1467321921296853
1467321921399253
1467321921501688
1467321921605221
1467321921710995
1467321921808850
1467321921911240
1467321922013655
1467321922116090
1467321922218514
1467321922320847
1467321922423292
1467321922526392
1467321922628115
1467321922730466
1467321922832908
1467321922935252
1467321923037649
1467321923140042
1467321923242455
1467321923344838
1467321923447249
1467321923549672
1467321923652058
1467321923754514
1467321923856906
1467321923959262
1467321924168862
1467321924266467
1467321924368870
1467321924471279
1467321924573669
1467321924676115
1467321924778515
1467321924880850
1467321924983294
1467321925086572
1467321925188083
1467321925290489
1467321925392930
1467321925495340
1467321925597720
1467321925700054
1467321925802472
1467321925904873
1467321926007416
1467321926212016
1467321926314431
1467321926416823
1467321926519204
1467321926621674
1467321926724019
1467321926826402
1467321926928801
1467321927031206
1467321927133614
1467321927236023
1467321927338405
1467321927440799
1467321927543204
1467321927645631
1467321927748075
1467321927850414
1467321927952814
1467321928055221
1467321928157642
1467321928260045
1467321928362421
1467321928464823
1467321928567219
1467321928669628
1467321928772030
1467321928874472
1467321928976833
1467321929079209
1467321929181677
1467321929284042
1467321929386407
1467321929488824
1467321929591286
1467321929693676
1467321929796017
1467321929898415
1467321930000829
1467321930103219
1467321930205624
1467321930308014
1467321930410414
1467321930512816
1467321930615249
1467321930820031
1467321930922421
1467321931024822
1467321931229621
1467321931434436
1467321931536824
1467321931639250
1467321931741646
1467321931844049
1467321931946460
1467321932151934
1467321932253626
1467321932356034
1467321932458434
1467321932560825
1467321932663170
1467321932765599
1467321932867994
1467321932970387
1467321933072786
1467321933175217
1467321933277616
1467321933379969
1467321933482384
1467321933584789
1467321933687170
1467321933789576
1467321933892475
1467321934199180
1467321934301580
1467321934403977
1467321934506372
1467321934608762
1467321934711189
1467321934813578
1467321934916006
1467321935018392
