1467086761331871
1467086761637282
1467086761843905
1467086762048607
1467086762151758
1467086762356386
1467086762663063
1467086762765418
1467086762867872
1467086763277497
1467086763378126
1467086763482383
1467086763685363
1467086763789445
1467086763892336
1467086763992561
1467086764197332
1467086764402135
1467086764711400
1467086764811808
1467086764915939
1467086765018675
1467086765121291
1467086765221418
1467086765733422
1467086766042213
1467086766144626
1467086766349392
1467086766451761
1467086767373226
1467086767475838
1467086767681169
1467086767783066
1467086767885388
1467086768501084
1467086768600617
1467086768704594
1467086768909375
1467086769523743
1467086769728623
1467086769933402
1467086770035794
1467086770138135
1467086770240866
1467086770443890
1467086770547796
1467086770752618
1467086770955878
1467086771060431
1467086771161826
1467086771572156
1467086771674142
1467086771879012
1467086771979959
1467086772082353
1467086772186136
1467086772493336
1467086772595641
1467086773005341
1467086773107747
1467086773312529
1467086773413606
1467086773516019
1467086773722294
1467086773927769
1467086774030079
1467086774234274
1467086774336671
1467086774642435
1467086774746111
1467086775154393
1467086775258150
1467086775361399
1467086775564025
1467086775668047
1467086775770077
1467086775872513
1467086775974941
1467086776077372
1467086776280834
1467086776589682
1467086776691776
1467086776795048
1467086776895273
1467086776998942
1467086777509692
1467086777613281
1467086777818058
1467086777920489
1467086778021669
1467086778124047
1467086778227713
1467086778432015
1467086778637296
1467086778738483
1467086779148118
1467086779456575
1467086779559042
1467086779661504
1467086779864962
1467086779968524
1467086780378147
1467086780480525
1467086780685518
1467086780786526
1467086780992504
1467086781197265
1467086781299757
1467086781400964
1467086781505457
1467086781606900
1467086781709402
1467086782117775
1467086782221295
1467086782426076
1467086782528559
1467086782629737
1467086782835693
1467086782939122
1467086783040499
1467086783142928
1467086783346568
1467086783757350
1467086783961043
1467086784166751
1467086784371834
1467086784575398
1467086784678690
1467086784781361
1467086785293279
1467086785805243
1467086785908682
1467086786010681
1467086786112464
1467086786214858
1467086786624404
1467086786727026
1467086786931608
1467086787546005
1467086787648152
1467086788058048
1467086788262819
1467086788365375
1467086788468987
1467086788672459
1467086788877277
1467086788979637
1467086789184383
1467086789389204
1467086789490734
1467086789697175
1467086789798780
1467086789901517
1467086790003604
1467086790107093
1467086790413160
1467086790822777
1467086791130698
1467086791231565
1467086791336328
1467086791437155
1467086791744363
1467086791846031
1467086791948442
1467086792051760
1467086792154048
1467086792358024
1467086792768377
1467086793178194
1467086793382761
1467086793689233
1467086793792376
1467086793894789
1467086794304922
1467086794611926
1467086794714221
1467086794816891
1467086794919568
1467086795124063
1467086795225871
1467086795533527
1467086795840338
1467086796045195
1467086796353160
1467086796454907
1467086796557096
1467086796660315
1467086797069278
1467086797171533
1467086797274075
1467086797478280
1467086797581651
1467086797683736
1467086797785914
1467086798093568
1467086798195508
1467086798297942
1467086798502704
1467086798707563
1467086798810886
1467086798912303
1467086799014156
1467086799117114
1467086799219510
1467086799424303
1467086799527240
1467086799630207
1467086799731498
1467086799833988
1467086800140607
1467086800243580
1467086800346027
1467086800653807
1467086800857945
1467086801062694
1467086801165114
1467086801267471
1467086801369905
1467086801574732
1467086801677154
1467086801779486
1467086801881874
1467086802189237
1467086802291826
1467086802598758
1467086802701113
1467086802906725
1467086803008273
1467086803519888
1467086803622641
1467086803725151
1467086803827472
1467086804236676
1467086804339488
1467086804441878
1467086804544772
1467086804748715
1467086805158398
1467086805262052
1467086805363138
1467086805567960
1467086805775196
1467086805875195
1467086805978073
1467086806079931
1467086806182400
1467086806285128
1467086806387725
1467086806694787
1467086806798309
1467086807206710
1467086807308702
1467086807411656
1467086807513906
1467086807618413
1467086807718406
1467086807820727
1467086807923483
1467086808128664
1467086808231156
1467086808333098
1467086808435157
1467086808537852
1467086808742698
1467086808846947
1467086809049654
1467086809152046
1467086809254446
1467086809356810
1467086809459254
1467086809561885
1467086809664228
1467086809766639
1467086809869280
1467086809971625
1467086810176302
1467086810278768
1467086810688009
1467086810790677
1467086810892857
1467086811200110
1467086811302479
1467086811404888
1467086811507405
1467086811609814
1467086811712211
1467086811814467
1467086811917028
1467086812121684
1467086812224268
1467086812326603
1467086812429054
1467086812531364
1467086812633758
1467086812940991
1467086813043269
1467086813145831
1467086813248366
1467086813350595
1467086813452888
1467086813555258
1467086813657831
1467086813760371
1467086814067346
1467086814169791
1467086814272153
1467086814374552
1467086814476916
1467086814579447
1467086814681716
1467086814784254
1467086814886644
1467086815091921
1467086815193781
1467086815297731
1467086815398703
1467086815500990
1467086815603413
1467086815705800
1467086815808289
1467086815912805
1467086816013016
1467086816115556
1467086816217792
1467086816320906
1467086816525047
1467086816627374
1467086816729789
1467086816832227
1467086816934583
1467086817036978
1467086817139406
1467086817344254
1467086817548982
1467086817651709
1467086817753817
1467086817856303
1467086817958789
1467086818163505
1467086818265886
1467086818368226
1467086818470740
1467086818573094
1467086818777903
1467086818880259
1467086818982718
1467086819187482
1467086819392254
1467086819494741
1467086819597073
1467086819699412
1467086819801858
1467086819904276
1467086820006718
1467086820109067
1467086820211529
1467086820313818
1467086820416230
1467086820518698
1467086820621019
1467086820723452
1467086820928796
1467086821030717
1467086821133057
1467086821235474
1467086821337868
1467086821542738
1467086821645133
1467086821747510
1467086821849944
1467086821952288
1467086822054703
1467086822157154
1467086822259550
1467086822361964
1467086822566758
1467086822669128
1467086822771524
1467086822873924
1467086822976310
1467086823078705
1467086823285428
1467086823385946
1467086823488360
1467086823590726
1467086823693220
1467086823795596
1467086823899960
1467086824000363
1467086824102933
1467086824205164
1467086824307631
1467086824410081
1467086824512383
1467086824614766
1467086824717267
1467086824819560
1467086824921990
1467086825024397
1467086825126812
1467086825231063
1467086825331660
1467086825434017
1467086825741215
1467086825843604
1467086825946096
1467086826253222
1467086826355602
1467086826458028
1467086826663832
1467086826765634
1467086826867626
1467086826970057
1467086827072377
1467086827174810
1467086827277262
1467086827379657
1467086827482074
1467086827584423
1467086827789350
1467086827891688
1467086827994081
1467086828096508
1467086828198909
1467086828301235
1467086828403706
1467086828506041
1467086828608451
1467086828710872
1467086828813394
1467086828915659
1467086829018118
1467086829120458
1467086829222885
1467086829325319
1467086829427682
1467086829530079
1467086829632709
1467086829734890
1467086829837345
1467086829939701
1467086830042096
1467086830144522
1467086830349306
1467086830451745
1467086830656500
1467086830758906
1467086830861407
1467086830963789
1467086831066171
1467086831168564
1467086831373775
1467086831475805
1467086831578149
1467086831680620
1467086831782953
1467086831885429
1467086831987826
1467086832192564
1467086832295040
1467086832397420
1467086832499847
1467086832602205
1467086832704524
1467086832807007
1467086832910222
1467086833011773
1467086833216544
1467086833319013
1467086833421341
1467086833523806
1467086833626222
1467086833728580
1467086833830953
1467086833933404
1467086834035830
1467086834138189
1467086834240559
1467086834445427
1467086834547847
1467086834650209
1467086834752591
1467086834854977
1467086834957473
1467086835059885
1467086835162285
1467086835264643
1467086835367183
1467086835571889
1467086835776622
1467086835879046
1467086835981510
1467086836083842
1467086836186304
1467086836288650
1467086836391080
1467086836595855
1467086836698323
1467086836800717
1467086836903116
1467086837005491
1467086837107896
1467086837210318
1467086837312708
1467086837415137
1467086837517772
1467086837619890
1467086837722310
1467086837824762
1467086837927116
1467086838029520
1467086838131927
1467086838234368
1467086838336734
1467086838439121
1467086838541549
1467086838643937
1467086838746335
1467086838848768
1467086838951145
1467086839053613
1467086839155942
1467086839258281
1467086839360739
1467086839463159
1467086839565507
1467086839667947
1467086839770332
1467086839872709
1467086839975115
1467086840077575
1467086840179978
1467086840282317
1467086840384708
1467086840487177
1467086840589599
1467086840691995
1467086840794409
1467086840896752
1467086840999147
1467086841101602
1467086841203952
1467086841306426
1467086841410418
1467086841511152
1467086841613544
1467086841715955
1467086841818377
1467086841920761
1467086842023212
1467086842125606
1467086842228002
1467086842330399
1467086842432806
1467086842637602
1467086842740020
1467086842842431
1467086842944815
1467086843047232
1467086843149619
1467086843252050
1467086843354413
1467086843456814
1467086843559210
1467086843661682
1467086843764100
1467086843866449
1467086843968868
1467086844072207
1467086844173709
1467086844276043
1467086844378454
1467086844480869
1467086844583261
1467086844788115
1467086844890484
1467086844992878
1467086845095329
1467086845197688
1467086845300086
1467086845402497
1467086845504953
1467086845607286
1467086845709704
1467086845812043
1467086845914464
1467086846016865
1467086846119281
1467086846221682
1467086846324127
1467086846426476
1467086846528927
1467086846631328
1467086846733724
1467086846836141
1467086846938536
1467086847040948
1467086847144329
1467086847245683
1467086847348081
1467086847450557
1467086847552930
1467086847655337
1467086847757762
1467086847860098
1467086847962498
1467086848064900
1467086848167400
1467086848269752
1467086848372135
1467086848474519
1467086848576992
1467086848781774
1467086848884752
1467086848986527
1467086849088936
1467086849191350
1467086849293785
1467086849396161
1467086849498584
1467086849600980
1467086849703388
1467086849805833
1467086849908218
1467086850010638
1467086850113021
1467086850215406
1467086850317818
1467086850420209
1467086850522608
1467086850625053
1467086850727419
1467086850829822
1467086850932214
1467086851035068
1467086851137366
1467086851239452
1467086851341887
1467086851444241
1467086851546657
1467086851649042
1467086851751483
1467086851853866
1467086851956239
1467086852058628
1467086852161060
1467086852263470
1467086852365794
1467086852468194
1467086852570635
1467086852673007
1467086852775407
1467086852877814
1467086852980227
1467086853082648
1467086853185098
1467086853287491
1467086853389815
1467086853492228
1467086853594639
1467086853697121
1467086853799466
1467086853901866
1467086854004268
1467086854106672
1467086854209089
1467086854311471
1467086854413857
1467086854618678
1467086854721138
1467086854823507
1467086854926611
1467086855028286
1467086855130690
1467086855335558
1467086855437913
1467086855540291
1467086855642690
1467086855745099
1467086855847545
1467086855950211
1467086856052331
1467086856257175
1467086856359547
1467086856461943
1467086856564338
1467086856666809
1467086856769158
1467086856871617
1467086856973953
1467086857076358
1467086857178756
1467086857281176
1467086857384439
1467086857486037
1467086857590102
1467086857693117
1467086857793267
1467086857895610
1467086857997964
1467086858100379
1467086858203441
1467086858305233
1467086858407591
1467086858509990
1467086858612400
1467086858714870
1467086858817291
1467086858919633
1467086859021937
1467086859124359
1467086859329233
1467086859431584
1467086859533962
1467086859636377
1467086859738814
1467086859841246
1467086859943596
1467086860148437
1467086860251111
1467086860353231
1467086860455667
1467086860558008
1467086860660402
1467086860762814
1467086860967619
1467086861070004
1467086861274894
1467086861377225
1467086861479632
1467086861582026
1467086861684520
1467086861786865
1467086861889313
1467086861991727
1467086862094069
1467086862196474
1467086862401290
1467086862503694
1467086862606090
1467086862708489
1467086862810927
1467086862913274
1467086863118147
1467086863322913
1467086863425355
1467086863527786
1467086863630134
1467086863732529
1467086863835003
1467086863937363
1467086864039789
1467086864142133
1467086864346988
1467086864449415
1467086864551736
1467086864654130
1467086864858954
1467086864961378
1467086865063783
1467086865168215
1467086865268640
1467086865371037
1467086865475644
1467086865678110
1467086865780510
1467086865882996
1467086865985356
1467086866087769
1467086866190154
1467086866292559
1467086866395013
1467086866497357
1467086866599753
1467086866702170
1467086866906944
1467086867009360
1467086867111770
1467086867214244
1467086867419037
1467086867521454
1467086867828631
1467086867931013
1467086868033458
1467086868135892
1467086868238236
1467086868340600
1467086868443005
1467086868545403
1467086868647807
1467086868750229
1467086868852657
1467086868955056
1467086869057445
1467086869159861
1467086869262237
1467086869364667
1467086869467126
1467086869569440
1467086869671838
1467086869774266
1467086869876663
1467086869979134
1467086870081488
1467086870183893
1467086870286364
1467086870388749
1467086870491088
1467086870593463
1467086870695886
1467086870798337
1467086870900713
1467086871003121
1467086871105512
1467086871207923
1467086871310344
1467086871412744
1467086871515134
1467086871617506
1467086871719916
1467086871822318
1467086871924724
1467086872027102
1467086872129502
1467086872231882
1467086872334302
1467086872436748
1467086872539079
1467086872641486
1467086872743882
1467086872846308
1467086872948700
1467086873051131
1467086873153532
1467086873255925
1467086873358336
1467086873460693
1467086873767952
1467086873870394
1467086873972790
1467086874075165
1467086874177549
1467086874279957
1467086874382383
1467086874484809
1467086874587227
1467086874689567
1467086874791984
1467086874894389
1467086874996758
1467086875099154
1467086875201569
1467086875303992
1467086875406368
1467086875508858
1467086875611215
1467086875713622
1467086875816008
1467086875918378
1467086876020874
1467086876123285
1467086876225596
1467086876328010
1467086876430406
1467086876532836
1467086876635230
1467086876737644
1467086876840055
1467086876942515
1467086877044898
1467086877147260
1467086877249656
1467086877352073
1467086877454480
1467086877556866
1467086877659282
1467086877761668
1467086877864161
1467086878068889
1467086878171276
1467086878273714
1467086878478532
1467086878580830
1467086878785632
1467086878888032
1467086878990456
1467086879092836
1467086879195242
1467086879297650
1467086879400102
1467086879502463
1467086879604845
1467086879707253
1467086879809654
1467086880014468
1467086880116917
1467086880219284
1467086880321765
1467086880424118
1467086880526562
1467086880628895
1467086880731305
1467086880833726
1467086880936109
1467086881038547
1467086881140924
1467086881243325
1467086881345747
1467086881448124
1467086881550549
1467086881652965
1467086881755340
1467086881857794
1467086881960167
1467086882062528
1467086882164945
1467086882267341
1467086882370616
1467086882472186
1467086882574569
1467086882676987
1467086882779391
1467086882883420
1467086882984248
1467086883086645
1467086883188993
1467086883291366
1467086883393796
1467086883496190
1467086883598666
1467086883700983
1467086883803387
1467086883905803
1467086884008237
1467086884110664
1467086884213016
1467086884315400
1467086884417820
1467086884520259
1467086884622687
1467086884725042
1467086884827421
1467086884929824
1467086885032311
1467086885134644
1467086885236967
1467086885339379
1467086885441782
1467086885544246
1467086885646598
1467086885749011
1467086885851421
1467086885953821
1467086886056242
1467086886158685
1467086886261007
1467086886363411
1467086886465823
1467086886568223
1467086886670612
1467086886773035
1467086886875438
1467086886977915
1467086887080241
1467086887182643
1467086887285076
1467086887387468
1467086887489927
1467086887592276
1467086887694655
1467086887797071
1467086887899546
1467086888001880
1467086888104272
1467086888206750
1467086888309089
1467086888411488
1467086888513893
1467086888616292
1467086888718708
1467086888821170
1467086888923525
1467086889025987
1467086889128393
1467086889230807
1467086889333201
1467086889435536
1467086889640396
1467086889742828
1467086889845210
1467086889947550
1467086890050011
1467086890152346
1467086890254739
1467086890357165
1467086890459644
1467086890664392
1467086890766887
1467086890869180
1467086890971599
