1467140632141124
1467140632243508
1467140632345217
1467140632448839
1467140632653282
1467140632755583
1467140632857915
1467140632960301
1467140633062909
1467140633267763
1467140633472643
1467140633677131
1467140633881072
1467140634086731
1467140634188128
1467140634394389
1467140634496367
1467140634701314
1467140634803550
1467140634905909
1467140635008674
1467140635110789
1467140635213233
1467140635315565
1467140635417938
1467140635520539
1467140635622922
1467140635725145
1467140635827544
1467140635929967
1467140636032369
1467140636133730
1467140636237160
1467140636442134
1467140636646797
1467140636749164
1467140636850575
1467140636954416
1467140637056308
1467140637158724
1467140637261130
1467140637363576
1467140637568580
1467140637670920
1467140637773106
1467140637875926
1467140637978408
1467140638080308
1467140638182849
1467140638285124
1467140638489959
1467140638694725
1467140638797301
1467140639104370
1467140639206732
1467140639309565
1467140639411578
1467140639514482
1467140639615460
1467140639718726
1467140639821878
1467140639923511
1467140640128410
1467140640333242
1467140640435528
1467140640537920
1467140641049927
1467140641357575
1467140641459578
1467140641664363
1467140641869181
1467140641971577
1467140642074239
1467140642279241
1467140642483568
1467140642585904
1467140642688358
1467140642893133
1467140643302993
1467140643609948
1467140643712421
1467140643814767
1467140644019595
1467140644224400
1467140644326777
1467140644429142
1467140644531894
1467140644634033
1467140644736864
1467140644838737
1467140644941131
1467140645043550
1467140645146051
1467140645247416
1467140645350782
1467140645555536
1467140645760737
1467140645862942
1467140645965135
1467140646067578
1467140646169952
1467140646375179
1467140646579682
1467140646681165
1467140646784390
1467140646886754
1467140646989169
1467140647090647
1467140647193957
1467140647296467
1467140647398734
1467140647501592
1467140647603714
1467140647910784
1467140648013241
1467140648115550
1467140648320841
1467140648422742
1467140648525146
1467140648627562
1467140648832430
1467140648934753
1467140649037139
1467140649139570
1467140649241953
1467140649344390
1467140649446877
1467140649549141
1467140649651611
1467140649753933
1467140649958779
1467140650061142
1467140650163538
1467140650265935
1467140650573533
1467140650778067
1467140650880385
1467140651085265
1467140651187557
1467140651289941
1467140651392767
1467140651494962
1467140651699589
1467140651904384
1467140652006772
1467140652109189
1467140652211666
1467140652314073
1467140652416914
1467140652518760
1467140652621161
1467140652723917
1467140652928490
1467140653030798
1467140653133498
1467140653338109
1467140653440717
1467140653543572
1467140653747803
1467140653849967
1467140653952411
1467140654054728
1467140654158250
1467140654259571
1467140654362277
1467140654771575
1467140654874024
1467140654976337
1467140655181140
1467140655385959
1467140655693146
1467140655897972
1467140656000351
1467140656102779
1467140656205378
1467140656307560
1467140656410198
1467140656512405
1467140656615209
1467140656921950
1467140657024362
1467140657126826
1467140657229544
1467140657330801
1467140657434473
1467140657537255
1467140657638756
1467140657741265
1467140658458331
1467140658560810
1467140658662784
1467140658765182
1467140658867550
1467140658969984
1467140659072374
1467140659175244
1467140659278327
1467140659379593
1467140659482147
1467140659585239
1467140659686760
1467140659789165
1467140659891559
1467140660096459
1467140660199539
1467140660403596
1467140660506358
1467140660608367
1467140660710762
1467140660812474
1467140660915847
1467140661018122
1467140661325164
1467140661939934
1467140662042143
1467140662144655
1467140662451758
1467140662554342
1467140662656429
1467140662758075
1467140662861161
1467140662963583
1467140663065995
1467140663168860
1467140663373234
1467140663476140
1467140663783481
1467140663885186
1467140663987556
1467140664090019
1467140664192367
1467140664807702
1467140665113977
1467140665217510
1467140665319220
1467140665421664
1467140665626161
1467140665728425
1467140665933350
1467140666138005
1467140666240389
1467140666342867
1467140666445184
1467140666651921
1467140666855285
1467140666957178
1467140667162036
1467140667571601
1467140667674150
1467140667878806
1467140667981227
1467140668083741
1467140668186054
1467140668288447
1467140668390801
1467140668493197
1467140668595592
1467140668697535
1467140668903017
1467140669005192
1467140669106969
1467140669210117
1467140669312392
1467140669517184
1467140669722035
1467140669928061
1467140670029203
1467140670233995
1467140670336463
1467140670438311
1467140670540548
1467140670643743
1467140670848414
1467140670951056
1467140671053433
1467140671360388
1467140671565184
1467140671666953
1467140671872421
1467140672077332
1467140672178951
1467140672282040
1467140672487331
1467140672588752
1467140672998826
1467140673101346
1467140673203854
1467140673306493
1467140673716038
1467140673920456
1467140674022780
1467140674227623
1467140674330017
1467140674432622
1467140674534875
1467140674637251
1467140674740102
1467140674842121
1467140674944466
1467140675047818
1467140675149225
1467140675251831
1467140675456375
1467140675560488
1467140675661542
1467140675763784
1467140675866534
1467140675968470
1467140676070968
1467140676174083
1467140676275846
1467140676378217
1467140676583019
1467140676992621
1467140677094848
1467140677709184
1467140677811714
1467140677914040
1467140678016397
1467140678118790
1467140678221373
1467140678323642
1467140678426572
1467140678528409
1467140678938239
1467140679552690
1467140679757713
1467140680064457
1467140680167458
1467140680269200
1467140680371780
1467140680474020
1467140680576762
1467140680679514
1467140680781754
1467140680883707
1467140680986247
1467140681088411
1467140681293370
1467140682112597
1467140682214436
1467140682419839
1467140682522416
1467140682624840
1467140683443685
1467140683955653
1467140684160404
1467140684262629
1467140684365434
1467140684569508
1467140684672424
1467140684774301
1467140684979164
1467140685082009
1467140685184567
1467140685286978
1467140685389411
1467140685696462
1467140685798295
1467140685900773
1467140686003665
1467140686106371
1467140686208891
1467140686310985
1467140686413279
1467140686617550
1467140686720786
1467140686822958
1467140686925773
1467140687027789
1467140687130998
1467140687334808
1467140687437947
1467140687540145
1467140687642601
1467140687744580
1467140687846830
1467140687949892
1467140688051709
1467140688256936
1467140688461398
1467140688563631
1467140688768435
1467140688870794
1467140688973231
1467140689075813
1467140689178581
1467140689280401
1467140689382872
1467140689485768
1467140689588408
1467140689690216
1467140689792438
1467140689895381
1467140689997254
1467140690303985
1467140690407161
1467140690509437
1467140690611629
1467140690714001
1467140690816402
1467140690918849
1467140691020940
1467140691123725
1467140691226076
1467140691328776
1467140691431794
1467140691532837
1467140691635753
1467140691942863
1467140692045276
1467140692147668
1467140692454812
1467140692659649
1467140692762463
1467140692967954
1467140693069301
1467140693171710
1467140693274156
1467140693376877
1467140693478811
1467140693581289
1467140693888447
1467140693990843
1467140694196841
1467140694400427
1467140694605256
1467140694707644
1467140694810107
1467140694912904
1467140695014819
1467140695117246
1467140695219212
1467140695321637
1467140695424434
1467140695731700
1467140695834039
1467140695936443
1467140696040400
1467140696142134
1467140696243827
1467140696346062
1467140696448645
1467140696653931
1467140696756192
1467140696858043
1467140697063293
1467140697166139
1467140697474158
1467140697575456
1467140697678753
1467140697779813
1467140697882489
1467140697985108
1467140698086840
1467140698188872
1467140698292201
1467140698394704
1467140698497375
1467140698701625
1467140698803868
1467140698906033
1467140699008448
1467140699111057
1467140699315627
1467140699418025
1467140699622485
1467140699725793
1467140700032445
1467140700134832
1467140700237243
1467140700341063
1467140700442146
1467140700544525
1467140700646995
1467140700749608
1467140700851655
1467140700954021
1467140701056445
1467140701158857
1467140701261402
1467140701363921
1467140701467562
1467140701875796
1467140701978284
1467140702080440
1467140702182500
1467140702285294
1467140702388101
1467140702490059
1467140702592143
1467140702695417
1467140702797489
1467140702899869
1467140703104447
1467140703206822
1467140703309260
1467140703411737
1467140703513714
1467140703923636
1467140704026047
1467140704129359
1467140704230817
1467140704333258
1467140704640791
1467140705153067
1467140705254827
1467140705357250
1467140705563431
1467140705664471
1467140706483631
1467140706586047
1467140706688466
1467140706790637
1467140706893335
1467140706995684
1467140707201318
1467140707302878
1467140707405230
1467140707610579
1467140707814851
1467140708019627
1467140708122044
1467140708224480
1467140708531711
1467140708634107
1467140708942403
1467140709044094
1467140709146103
1467140709248460
1467140709350921
1467140709453268
1467140709555625
1467140709658218
1467140709760461
1467140709862876
1467140710170028
1467140710272457
1467140710375080
1467140710579756
1467140710886870
1467140710989400
1467140711195202
1467140711296502
1467140711603647
1467140711910853
1467140712013315
1467140712115802
1467140712218102
1467140712320495
1467140712422917
1467140712525376
1467140712627727
1467140712730095
1467140712832506
1467140712935036
1467140713037305
1467140713242148
1467140713345340
1467140713448473
1467140713651674
1467140713856392
1467140714061255
1467140714163778
1467140714266503
1467140714368472
1467140714470915
1467140714573907
1467140714676509
1467140714778072
1467140714982856
1467140715085261
1467140715187714
1467140715392582
1467140715495974
1467140715700400
1467140715904252
1467140716006670
1467140716109241
1467140716211677
1467140716314063
1467140716416374
1467140716621306
1467140716724091
1467140716826158
1467140716928482
1467140717133098
1467140717338418
1467140717440865
1467140717542875
1467140717645377
1467140717850891
1467140717953383
1467140718054880
1467140718259734
1467140718362067
1467140718464588
1467140718567003
1467140718669256
1467140718771760
1467140718874088
1467140718976572
1467140719078931
1467140719181435
1467140719283653
1467140719386055
1467140719490761
1467140719590932
1467140719693643
1467140719898017
1467140720000439
1467140720102921
1467140720308341
1467140720412291
1467140720512514
1467140720615004
1467140720717783
1467140720819718
1467140720922049
1467140721024473
1467140721127040
1467140721230282
1467140721331656
1467140721434194
1467140721638944
1467140721742276
1467140721946264
1467140722048528
1467140722151129
1467140722253282
1467140722355772
1467140722458061
1467140722560470
1467140722663407
1467140722765134
1467140722867666
1467140722970233
1467140723072781
1467140723175037
1467140723277271
1467140723482264
1467140723585358
1467140723687213
1467140723789262
1467140723891768
1467140724096463
1467140724198921
1467140724301318
1467140724405319
1467140724506194
1467140724608840
1467140724813731
1467140724915571
1467140725120362
1467140725325402
1467140725531229
1467140725632469
1467140725734909
1467140725837414
1467140726042707
1467140726349304
1467140726451680
1467140726554094
1467140726656545
1467140726758908
1467140726861331
1467140726963650
1467140727066061
1467140727168379
1467140727270805
1467140727373395
1467140727475673
1467140727578573
1467140727782805
1467140727885305
1467140727987669
1467140728194263
1467140728294817
1467140728397259
1467140728499687
1467140728602145
1467140728705591
1467140728806906
1467140728909283
1467140729011630
1467140729114406
1467140729216477
1467140729318833
1467140729421489
1467140729524604
1467140729626127
1467140729728504
1467140729830887
1467140729933235
1467140730035918
1467140730138093
1467140730240491
1467140730343691
1467140730446361
1467140730548153
1467140730752510
1467140730854962
1467140730957248
1467140731059634
1467140731163210
1467140731264669
1467140731366866
1467140731571694
1467140731674051
1467140731776575
1467140731880662
1467140731981327
1467140732083887
1467140732288492
1467140732390903
1467140732493358
1467140732595700
1467140732698051
1467140732800488
1467140732902900
1467140733005280
1467140733107716
1467140733210633
1467140733415287
1467140733517362
1467140733620468
1467140733722183
1467140733825278
1467140734029355
1467140734131716
1467140734234132
1467140734336509
1467140734541288
1467140734643835
1467140734751030
1467140734848553
1467140734951494
1467140735053284
1467140735155698
1467140735258676
1467140735361092
1467140735462901
1467140735565322
1467140735667695
1467140735770193
1467140735974974
1467140736077337
1467140736179787
1467140736282095
1467140736384513
1467140736486905
1467140736589403
1467140736691723
1467140736794141
1467140736896520
1467140737000870
1467140737101330
1467140737203733
1467140737408612
1467140737510961
1467140737613818
1467140737715775
1467140737818125
1467140737920513
1467140738024254
1467140738125406
1467140738229118
1467140738330302
1467140738432530
1467140738534955
1467140738637327
1467140738739780
1467140738842130
1467140738944590
1467140739046964
1467140739149402
1467140739251736
1467140739354130
1467140739559009
1467140739661344
1467140739763743
1467140739866194
1467140739968875
1467140740070973
1467140740173359
1467140740275770
1467140740378211
1467140740480677
1467140740583323
1467140740685359
1467140740787762
1467140740890785
1467140740992675
1467140741095071
1467140741197395
1467140741299865
1467140741402211
1467140741504585
1467140741709661
1467140741811826
1467140741914198
1467140742016604
1467140742118993
1467140742221362
1467140742324118
1467140742426170
1467140742528570
1467140742630999
1467140742733399
1467140742836253
1467140742938459
1467140743040677
1467140743143758
1467140743245385
1467140743350480
1467140743450207
1467140743757870
1467140743859857
1467140743962259
1467140744064888
1467140744166992
1467140744269472
1467140744371806
1467140744474241
1467140744576610
1467140744679036
1467140744781409
1467140744883808
1467140744986234
1467140745088594
1467140745191285
1467140745293459
1467140745395822
1467140745498212
1467140745600682
1467140745907843
1467140746112615
1467140746215012
1467140746317441
1467140746419862
1467140746522483
1467140746624776
1467140746727047
1467140746829460
1467140746932066
1467140747034218
1467140747137175
1467140747239143
1467140747341431
1467140747443818
1467140747546266
1467140747751027
1467140747853457
1467140747955908
1467140748058712
1467140748160863
1467140748263040
1467140748365441
1467140748467849
1467140748574630
1467140748674854
1467140748775165
1467140748877514
1467140748979886
1467140749082341
1467140749184664
1467140749287059
1467140749389460
1467140749491962
1467140749594264
1467140749696700
1467140749901753
1467140750003969
1467140750106293
1467140750208813
1467140750311080
1467140750413823
1467140750517169
1467140750618260
1467140750720656
1467140750823115
1467140750925535
1467140751028051
1467140751130293
1467140751232683
1467140751335105
1467140751437488
1467140751539890
1467140751642359
1467140751744739
1467140751847138
1467140751949565
1467140752051946
1467140752154546
1467140752256693
1467140752359130
1467140752461522
1467140752563903
1467140752666314
1467140752769187
1467140752871091
1467140752973579
1467140753075904
1467140753178433
1467140753280713
1467140753383124
1467140753487306
1467140753587922
1467140753690303
1467140753792725
1467140753895175
1467140753997524
1467140754099917
1467140754202316
1467140754304719
1467140754407240
1467140754509523
1467140754612003
1467140754714334
1467140754816744
1467140754919133
1467140755021633
1467140755124143
1467140755226342
1467140755333294
1467140755431148
1467140755533535
1467140755635953
1467140755738359
1467140755840760
1467140756045556
1467140756147942
1467140756250702
1467140756352740
1467140756456699
1467140756557664
1467140756661052
1467140756762354
1467140756864742
1467140756967132
1467140757171966
1467140757274409
1467140757376772
1467140757581564
1467140757684044
1467140757786363
1467140757888883
1467140757991962
1467140758093571
1467140758195972
1467140758298429
1467140758402468
1467140758503560
1467140758605556
1467140758707990
1467140758810394
1467140759017224
1467140759117742
1467140759219985
1467140759322750
1467140759424792
1467140759527180
1467140759630265
1467140759733390
1467140759834416
1467140759936827
1467140760039276
1467140760141577
1467140760244057
1467140760346452
1467140760448794
1467140760653603
1467140760858451
1467140760960846
1467140761063229
1467140761165598
1467140761267990
1467140761370388
1467140761472866
1467140761780057
1467140761882426
1467140761984963
1467140762087216
1467140762189607
1467140762292114
1467140762394460
1467140762496832
1467140762599199
1467140762703164
1467140762804015
1467140762906492
1467140763008897
1467140763111391
1467140763213763
1467140763316100
1467140763418421
1467140763520848
1467140763623221
1467140763726539
1467140763828096
