1467380700412987
1467380700719881
1467380700822237
1467380700924672
1467380701129422
1467380701231879
1467380701334274
1467380701436693
1467380701539047
1467380701743869
1467380701846218
1467380701948635
1467380702051064
1467380702153436
1467380702255798
1467380702358220
1467380702460689
1467380702563063
1467380702767811
1467380702870298
1467380703075007
1467380703279858
1467380703382255
1467380703484612
1467380703587010
1467380703791859
1467380703894220
1467380703996672
1467380704099079
1467380704201423
1467380704303824
1467380704406210
1467380704508655
1467380704611064
1467380705020661
1467380705225461
1467380705430252
1467380705532651
1467380705737427
1467380705942252
1467380706044649
1467380706147008
1467380706249430
1467380706351860
1467380706454226
1467380706556608
1467380706659042
1467380706863804
1467380706966190
1467380707171015
1467380707580606
1467380707683045
1467380707785451
1467380707887857
1467380707990264
1467380708195045
1467380708297438
1467380708399860
1467380708502258
1467380708604624
1467380708707053
1467380708809396
1467380708911838
1467380709014209
1467380709628649
1467380709731021
1467380709833455
1467380710038234
1467380710140651
1467380710243009
1467380710345398
1467380710447842
1467380710550251
1467380710652608
1467380710755046
1467380710857443
1467380711062233
1467380711164632
1467380711267020
1467380711369455
1467380711471844
1467380711676614
1467380711779046
1467380712291018
1467380712495835
1467380712598233
1467380712700587
1467380713007850
1467380713110233
1467380713212630
1467380713314968
1467380713417441
1467380713519839
1467380713622189
1467380713724584
1467380713827027
1467380713929397
1467380714031842
1467380714134235
1467380714236646
1467380714338992
1467380714441430
1467380714543841
1467380714646233
1467380714748631
1467380714851029
1467380714953402
1467380715055798
1467380715158234
1467380715260636
1467380715567818
1467380715670235
1467380715772631
1467380715977390
1467380716182232
1467380716387024
1467380716489372
1467380716591814
1467380716694237
1467380716796657
1467380717001387
1467380717103818
1467380717206158
1467380717308569
1467380717410960
1467380717513499
1467380717615825
1467380717718216
1467380717820629
1467380718025425
1467380718127783
1467380718332612
1467380718537391
1467380718639757
1467380718742223
1467380718844629
1467380718946993
1467380719049393
1467380719151781
1467380719254180
1467380719356568
1467380719459029
1467380719561422
1467380719663788
1467380719766213
1467380719971147
1467380720380582
1467380720482975
1467380720585421
1467380720687779
1467380720994960
1467380721097422
1467380721199819
1467380721302213
1467380721404612
1467380721507002
1467380721609351
1467380721814213
1467380721916611
1467380722018969
1467380722121375
1467380722223761
1467380722428570
1467380722530978
1467380722633402
1467380722735776
1467380722838216
1467380723042968
1467380723145370
1467380723350198
1467380723452551
1467380723554966
1467380723657404
1467380723759755
1467380723862195
1467380723964611
1467380724169400
1467380724271811
1467380724374195
1467380724476609
1467380724578963
1467380724681342
1467380724783815
1467380724886195
1467380724988570
1467380725295740
1467380725705358
1467380725807818
1467380725910196
1467380726012563
1467380726115015
1467380726422166
1467380726524553
1467380726831809
1467380726934216
1467380727138931
1467380727650945
1467380727855758
1467380727958150
1467380728060538
1467380728162987
1467380728265388
1467380728470194
1467380728674989
1467380728777396
1467380729084599
1467380729289331
1467380729391737
1467380729596594
1467380729698988
1467380729801398
1467380729903719
1467380730006150
1467380730415751
1467380730518114
1467380730620592
1467380730722921
1467380730825388
1467380730927776
1467380731030175
1467380731234950
1467380731951743
1467380732054147
1467380732156556
1467380732258928
1467380732566118
1467380732770922
1467380732873346
1467380732975780
1467380733078176
1467380733180588
1467380733385366
1467380733794949
1467380733897383
1467380733999782
1467380734102183
1467380734204573
1467380734306982
1467380734614176
1467380734716579
1467380734818991
1467380735023781
1467380735228584
1467380735842911
1467380735945362
1467380736047760
1467380736150207
1467380736354933
1467380736764587
1467380736969557
1467380737071760
1467380737174155
1467380737276524
1467380737378968
1467380737481374
1467380737686095
1467380738198154
1467380738300571
1467380738402967
1467380738505340
1467380738710154
1467380738812525
1467380738914967
1467380739017363
1467380739119761
1467380739222137
1467380739324560
1467380739426967
1467380739529610
1467380739631760
1467380739734185
1467380739836576
1467380739938896
1467380740041322
1467380740143760
1467380740246154
1467380740348553
1467380740450947
1467380740553358
1467380740655774
1467380740758100
1467380740962916
1467380741065344
1467380741167757
1467380741270154
1467380741474951
1467380741577344
1467380741679762
1467380741782155
1467380741986926
1467380742089285
1467380742191743
1467380742294133
1467380742498904
1467380743215697
1467380743318157
1467380743420553
1467380743522913
1467380743625354
1467380743727758
1467380743830169
1467380743932522
1467380744034950
1467380744137292
1467380744239695
1467380744444558
1467380744546947
1467380744751742
1467380744956494
1467380745058972
1467380745161363
1467380745263743
1467380745366137
1467380745468532
1467380745570915
1467380745673287
1467380745775739
1467380745980553
1467380746082935
1467380746185345
1467380746390096
1467380746492481
1467380746697342
1467380746799745
1467380747004495
1467380747106926
1467380747209303
1467380747311742
1467380747414113
1467380747516537
1467380747618928
1467380747721331
1467380747823695
1467380748335799
1467380748438134
1467380748540533
1467380748950094
1467380749052545
1467380749154926
1467380749257288
1467380749359679
1467380749462098
1467380749564530
1467380749666942
1467380749769320
1467380749871720
1467380749974142
1467380750076496
1467380750178883
1467380750281298
1467380750383727
1467380750486133
1467380750588531
1467380750690933
1467380750793297
1467380750895720
1467380750998115
1467380751202927
1467380751305324
1467380751407724
1467380751510115
1467380751612513
1467380751714873
1467380751817274
1467380751919743
1467380752226880
1467380752329323
1467380752534115
1467380752636514
1467380752841338
1467380752943678
1467380753046077
1467380753148498
1467380753353326
1467380753455667
1467380753558093
1467380753660516
1467380753762907
1467380753865337
1467380753967700
1467380754070118
1467380754172509
1467380754274908
1467380754377305
1467380754479687
1467380754582117
1467380754684512
1467380754786915
1467380754889281
1467380755094117
1467380755196471
1467380755298907
1467380755401303
1467380755503717
1467380755606058
1467380755913325
1467380756118117
1467380756220455
1467380756322849
1467380756527719
1467380756630134
1467380756732512
1467380756834922
1467380756937327
1467380757039643
1467380757142128
1467380757244477
1467380757346907
1467380757756455
1467380757961314
1467380758063662
1467380758166055
1467380758473260
1467380758575669
1467380758678100
1467380758780511
1467380758985313
1467380759087654
1467380759394908
1467380759497326
1467380759599711
1467380759702096
1467380759804444
1467380760009253
1467380760111651
1467380760316510
1467380760418888
1467380760521305
1467380760623706
1467380760726045
1467380760828504
1467380760930879
1467380761238065
1467380761340495
1467380761442851
1467380761545303
1467380761647658
1467380761750097
1467380761954888
1467380762057263
1467380762159645
1467380762262061
1467380762364528
1467380762466856
1467380762671683
1467380762774073
1467380762876430
1467380763081304
1467380763183635
1467380763490863
1467380763593286
1467380763695697
1467380763798051
1467380763900425
1467380764002868
1467380764207654
1467380764310049
1467380764412544
1467380764617285
1467380764719682
1467380764924430
1467380765231643
1467380765334077
1467380765436493
1467380765538834
1467380765743641
1467380765948441
1467380766050865
1467380766358039
1467380766562851
1467380766665251
1467380766767650
1467380766870049
1467380767074834
1467380767177251
1467380767279653
1467380767484476
1467380767586828
1467380767894032
1467380767996395
1467380768098847
1467380768303625
1467380768406245
1467380768508475
1467380768610865
1467380769020411
1467380769122823
1467380769225534
1467380770044449
1467380770146856
1467380770249272
1467380770351605
1467380770454031
1467380770761280
1467380770966023
1467380771068436
1467380771170824
1467380771273564
1467380771580441
1467380771682870
1467380772092472
1467380772194840
1467380772297222
1467380772399661
1467380772502067
1467380772604423
1467380772706827
1467380772809207
1467380772911627
1467380773218866
1467380773321436
1467380773526014
1467380773628390
1467380773730840
1467380773833264
1467380774754859
1467380774959619
1467380775062019
1467380775266809
1467380775369236
1467380775471638
1467380775574061
1467380775676410
1467380775778822
1467380776086058
1467380776188453
1467380776290809
1467380776495592
1467380776598054
1467380776700454
1467380776802849
1467380776905245
1467380777110054
1467380777212401
1467380777314808
1467380777519620
1467380777826809
1467380778031641
1467380778236413
1467380778748392
1467380778953262
1467380779055602
1467380779158018
1467380779362848
1467380779465247
1467380779567596
1467380779977247
1467380780079643
1467380780182036
1467380780284414
1467380780386806
1467380780489202
1467380780796417
1467380780898816
1467380781103640
1467380781205986
1467380782025238
1467380782127634
1467380782229971
1467380782742034
1467380782844436
1467380782946812
1467380783049192
1467380783151596
1467380783254010
1467380783356386
1467380783458828
1467380783663580
1467380783765979
1467380783868435
1467380783970831
1467380784073190
1467380784175645
1467380784278476
1467380784380432
1467380784482781
1467380784585227
1467380784687642
1467380784790010
1467380784892436
1467380784994827
1467380785199600
1467380785301994
1467380785711638
1467380786735581
1467380786940375
1467380787145227
1467380787452389
1467380788169227
1467380788271623
1467380788374023
1467380788578774
1467380788783545
1467380788885950
1467380788988415
1467380789295575
1467380789398018
1467380789500365
1467380789705195
1467380789807584
1467380790012411
1467380790217172
1467380790319607
1467380791548414
1467380791650776
1467380792060420
1467380792162771
1467380792265144
1467380792367604
1467380792469976
1467380793903545
1467380794108368
1467380795439555
1467380795541999
1467380795951603
1467380796053999
1467380796156338
1467380796258790
1467380796361209
1467380796463604
1467380796565958
1467380796770729
1467380796975606
1467380797078008
1467380797180335
1467380797282760
1467380797385173
1467380797487549
1467380797589999
1467380797692338
1467380797794742
1467380797999551
1467380798101942
1467380798204335
1467380798306759
1467380798409135
1467380798511576
1467380799023529
1467380799125946
1467380799228398
1467380799330791
1467380799433186
1467380799535583
1467380799638000
1467380799740397
1467380800149997
1467380800457149
1467380800559512
1467380800764397
1467380800969189
1467380801071601
1467380801173954
1467380801583545
1467380801685953
1467380801993188
1467380802095605
1467380802198001
1467380802402758
1467380802505190
1467380802607589
1467380802709981
1467380802812335
1467380802914810
1467380803221955
1467380803324377
1467380803426793
1467380803529187
1467380803631583
1467380803733982
1467380803836379
1467380804041147
1467380804143536
1467380804245951
1467380804348376
1467380804553188
1467380804655547
1467380804757982
1467380804860348
1467380805167527
1467380805269981
1467380805372335
1467380805474737
1467380805679566
1467380805781957
1467380805884378
1467380807932341
1467380808034770
1467380808137177
1467380808239525
1467380808341948
1467380808444403
1467380808546776
1467380808649152
1467380808751562
1467380808956294
1467380809058771
1467380809161127
1467380809263501
1467380809365960
1467380809468378
1467380809570739
1467380809673113
1467380809775566
1467380809877961
1467380809980379
1467380810082767
1467380810185170
1467380810287553
1467380810389960
1467380810492356
1467380810594772
1467380810697172
1467380810799565
1467380810901960
1467380811004294
1467380811106775
1467380811209130
1467380811311531
1467380811413921
1467380811516370
1467380811618752
1467380811721124
1467380811823537
1467380811925907
1467380812028316
1467380812335710
1467380812540325
1467380812642700
1467380812847488
1467380813257084
1467380813461933
1467380813564322
1467380813666752
1467380813769146
1467380813871522
1467380813973968
1467380814076304
1467380814178752
1467380814281085
1467380814690751
1467380815612354
1467380815714769
1467380815817157
1467380815919543
1467380816021917
1467380816124358
1467380816226753
1467380816431545
1467380816533941
1467380816636351
1467380816738721
1467380816841103
1467380816943499
1467380817045917
1467380817148299
1467380818172336
1467380818274751
1467380818377145
1467380818479519
1467380818581941
1467380818684339
1467380818991536
1467380819605884
1467380819708280
1467380819810676
1467380819913130
1467380820117881
1467380820220286
1467380820322684
1467380820425129
1467380820527544
1467380820834735
1467380820937126
1467380821039483
1467380821141959
1467380821244332
1467380821346738
1467380821449126
1467380821551546
1467380821653898
1467380822063530
1467380822473488
1467380822575532
1467380822677922
1467380822985073
1467380823087463
1467380823189869
1467380823292273
1467380823394701
1467380823804278
1467380824623484
1467380824725878
1467380824828329
1467380824930690
1467380825033137
1467380825135478
1467380825237919
1467380825340316
1467380825545126
1467380825647473
1467380825749905
1467380825852252
1467380826773923
1467380826876299
1467380827183492
1467380827593068
1467380827797921
1467380827900317
1467380828002711
1467380828105108
1467380828309877
1467380828412319
1467380828514708
1467380828617110
1467380828924267
1467380829026684
1467380829129131
1467380829231486
1467380829333868
1467380829436344
1467380829641055
1467380829845865
1467380830050683
1467380830562714
1467380831074680
1467380831279462
1467380831586723
1467380831791523
1467380831996298
1467380832098693
1467380832303451
1467380832405854
1467380833737069
1467380833839459
1467380834044302
1467380834146666
1467380834351511
1467380834454152
1467380834556259
1467380834658692
1467380834761031
1467380834863505
1467380835068227
1467380835273042
1467380835375465
1467380835477869
1467380835580265
1467380835682693
1467380835785029
1467380835989899
1467380836092304
1467380836194695
1467380836297090
1467380836399448
1467380836501883
1467380836706633
1467380836809317
1467380836911476
1467380837013849
1467380837116296
1467380837218660
1467380837321087
1467380837423449
1467380837628299
1467380837730663
1467380837833099
1467380837935502
1467380838037860
1467380838242755
1467380838345033
1467380838447428
1467380838549838
1467380838652208
1467380838754681
1467380838959425
1467380839061883
1467380839676280
1467380839778647
1467380839881086
1467380839983424
1467380840085831
1467380840188213
1467380840290615
1467380840700280
1467380841109891
1467380841314669
1467380841621845
1467380841724293
1467380842031482
1467380842645851
1467380842748245
1467380842953042
1467380843260278
1467380843362669
1467380843465077
1467380843669865
1467380843772233
1467380843977030
1467380844079466
1467380844181861
1467380844284278
1467380844386642
1467380844489026
1467380844591424
1467380844693842
1467380844796227
1467380844898637
1467380845103459
1467380845205850
1467380845308237
1467380845410601
1467380845615421
1467380845717860
1467380845820218
1467380845922611
1467380846025043
1467380846127466
1467380846332409
1467380846537074
1467380846639416
1467380847049034
1467380847356192
1467380847561050
1467380847970600
1467380848175513
1467380848277825
1467380848380223
1467380848482648
1467380848585051
1467380848687432
1467380848789819
1467380850121245
1467380851349801
1467380851554611
1467380851759375
1467380851964212
1467380853090591
1467380853397801
1467380853602573
1467380853705040
1467380853807456
1467380853909817
1467380854012165
1467380854114604
1467380854319392
1467380854421791
1467380854524240
1467380854626931
1467380854728974
1467380854831446
1467380854933843
1467380855036243
1467380855241024
1467380855855388
1467380855958613
1467380856060180
1467380856162632
1467380856265032
1467380856674563
1467380858210590
1467380858620175
1467380858927395
1467380859029772
1467380859951385
1467380860053826
1467380860156173
1467380860258568
1467380860463441
1467380860565775
1467380860668221
1467380860770569
1467380860872999
1467380860975422
1467380861180221
1467380861282614
1467380861385012
1467380861589819
1467380861692169
1467380861794615
1467380861999425
1467380862101798
1467380862204186
1467380862306583
1467380862511358
1467380862716220
1467380862818614
1467380862920991
1467380863023406
1467380863125763
1467380863228227
1467380863330576
1467380863433030
1467380863535427
1467380863637775
1467380863740222
1467380863842544
1467380863944974
1467380864047351
1467380864149803
1467380864252183
