1467165738843324
1467165739048132
1467165739150512
1467165739252938
1467165739355339
1467165739459344
1467165739560086
1467165739662497
1467165739764890
1467165739867321
1467165739969703
1467165740072133
1467165740174534
1467165740276909
1467165740379274
1467165740481673
1467165740584100
1467165740664233
1467165740686531
1467165740766585
1467165740788881
1467165740869020
1467165740891326
1467165740993683
1467165741096131
1467165741198502
1467165741278630
1467165741300926
1467165741403312
1467165741483378
1467165741505739
1467165741608139
1467165741710506
1467165741812913
1467165741915342
1467165742017738
1467165742120092
1467165742222505
1467165742324924
1467165742427283
1467165742529738
1467165742632076
1467165742734551
1467165742836949
1467165742939344
1467165743041695
1467165743144119
1467165743246553
1467165743348889
1467165743451296
1467165743531380
1467165743553730
1467165743633817
1467165743656095
1467165743758568
1467165743860926
1467165743963302
1467165744065712
1467165744168093
1467165744270550
1467165744372947
1467165744475330
1467165744577759
1467165744657822
1467165744680129
1467165744782520
1467165744862783
1467165744884988
1467165744964943
1467165744987335
1467165745067385
1467165745089762
1467165745192163
1467165745294553
1467165745396938
1467165745499381
1467165745601730
1467165745704112
1467165745806572
1467165745908954
1467165746011365
1467165746113759
1467165746193781
1467165746216141
1467165746318542
1467165746420907
1467165746500990
1467165746523306
1467165746625714
1467165746728179
1467165746808176
1467165746910522
1467165746932933
1467165747035332
1467165747137781
1467165747240113
1467165747320169
1467165747342543
1467165747444942
1467165747547385
1467165747649781
1467165747752146
1467165747854543
1467165747956989
1467165748036919
1467165748059326
1467165748139365
1467165748161782
1467165748264178
1467165748344157
1467165748366578
1467165748468927
1467165748548940
1467165748571387
1467165748674388
1467165748776144
1467165748878576
1467165748980991
1467165749083355
1467165749185757
1467165749288178
1467165749368173
1467165749390557
1467165749492957
1467165749595332
1467165749675345
1467165749697749
1467165749777700
1467165749800140
1467165749902542
1467165750004949
1467165750084887
1467165750107346
1467165750209801
1467165750312153
1467165750392160
1467165750414553
1467165750516930
1467165750596941
1467165750619339
1467165750721737
1467165750801710
1467165750824206
1467165750904065
1467165750926596
1467165751028940
1467165751131343
1467165751211323
1467165751233806
1467165751336139
1467165751416135
1467165751438595
1467165751541000
1467165751620882
1467165751643409
1467165751745807
1467165751848158
1467165751950617
1467165752053012
1467165752132930
1467165752155409
1467165752257745
1467165752337719
1467165752360199
1467165752440136
1467165752462638
1467165752542511
1467165752564957
1467165752667379
1467165752747300
1467165752769820
1467165753054510
1467165753156909
1467165753259320
1467165753361749
1467165753464053
1467165753566476
1467165753668854
1467165753771304
1467165753873706
1467165753976116
1467165754078462
1467165754181072
1467165754283322
1467165754385693
1467165754488254
1467165754590447
1467165754692964
1467165754795870
1467165754897776
1467165755000065
1467165755102462
1467165755205023
1467165755307235
1467165755409649
1467165755512739
1467165755614426
1467165755716833
1467165755822970
1467165755921830
1467165756126489
1467165756228846
1467165756331424
1467165756433641
1467165756536022
1467165756638469
1467165756740868
1467165756843646
1467165756945626
1467165757048013
1467165757150400
1467165757252993
1467165757355261
1467165757457603
1467165757560015
1467165757662549
1467165757765455
1467165757867939
1467165758072048
1467165758175060
1467165758276799
1467165758379201
1467165758482199
1467165758584719
1467165758686425
1467165758788785
1467165758891226
1467165758993590
1467165759096069
1467165759300845
1467165759403257
1467165759505577
1467165759608019
1467165759710403
1467165759812805
1467165759915201
1467165760017606
1467165760222843
1467165760324847
1467165760427239
1467165760529615
1467165760631981
1467165760734387
1467165760836777
1467165760939206
1467165761041634
1467165761144003
1467165761246362
1467165761348849
1467165761451226
1467165761553607
1467165761656001
1467165761758402
1467165761861007
1467165761963216
1467165762066758
1467165762168013
1467165762270449
1467165762372841
1467165762475172
1467165762577588
1467165762680015
1467165762782404
1467165762884802
1467165762987223
1467165763089614
1467165763192016
1467165763294376
1467165763396743
1467165763499200
1467165763601563
1467165763704009
1467165763806370
1467165763908731
1467165764011179
1467165764113531
1467165764215951
1467165764318392
1467165764420812
1467165764523242
1467165764625567
1467165764728022
1467165764830404
1467165764932783
1467165765035178
1467165765137597
1467165765239994
1467165765342402
1467165765444769
1467165765547180
1467165765649568
1467165765751965
1467165765854351
1467165765956743
1467165766059176
1467165766161576
1467165766263909
1467165766366310
1467165766468739
1467165766571131
1467165766673568
1467165766775904
1467165767003486
1467165767083176
1467165767208249
1467165767287940
1467165767617847
1467165767697575
1467165767720304
1467165767799968
1467165768129863
1467165768232305
1467165768311911
1467165768334677
1467165768437093
1467165768539483
1467165768619112
1467165768641874
1467165768721507
1467165768744263
1467165768823951
1467165768846733
1467165768926290
1467165768949070
1467165769051514
1467165769131122
1467165769153849
1467165769233554
1467165769256336
1467165769358721
1467165769438303
1467165769461074
1467165769563514
1467165769665886
1467165769747388
1467165769768268
1467165769847886
1467165769870718
1467165769950323
1467165769973094
1467165770075466
1467165770155110
1467165770177898
1467165770280283
1467165770382722
1467165770485119
1467165770564695
1467165770587493
1467165770689885
1467165770792264
1467165770894735
1467165770974338
1467165770997077
1467165771076735
1467165771099512
1467165771201896
1467165771304312
1467165771406693
1467165771486267
1467165771509197
1467165771589746
1467165771611537
1467165771691847
1467165771713908
1467165771816284
1467165771918743
1467165771998270
1467165772021068
1467165772100665
1467165772123492
1467165772225949
1467165772305486
1467165772328348
1467165772430695
1467165772533144
1467165772635466
1467165772715072
1467165772737933
1467165772840276
1467165772919848
1467165772942693
1467165773124639
1467165773147501
1467165773249929
1467165773329451
1467165773352307
1467165773454716
1467165773534278
1467165773557107
1467165773636644
1467165773659497
1467165773761905
1467165773864315
1467165773966728
1467165774046298
1467165774069161
1467165774171522
1467165774273955
1467165774376348
1467165774455838
1467165774478682
1467165774581104
1467165774683511
1467165774785908
1467165774865494
1467165774888349
1467165774990722
1467165775093161
1467165775195576
1467165775297929
1467165775400369
1467165775502727
1467165775582237
1467165775684678
1467165775707499
1467165775809924
1467165775912323
1467165776014715
1467165776117099
1467165776196662
1467165776219536
1467165776299034
1467165776321930
1467165776424347
1467165776526766
1467165776629135
1467165776731610
1467165776833928
1467165776913440
1467165776936371
1467165777038735
1467165777141143
1467165777243522
1467165777323055
1467165777345974
1467165777448325
1467165777550741
1467165777653200
1467165777755587
1467165777857991
1467165777960343
1467165778064598
1467165778165120
1467165778267554
1467165778369975
1467165778472414
1467165778574816
1467165778677186
1467165778779581
1467165778881974
1467165778984393
1467165779086787
1467165779189183
1467165779291540
1467165779394003
1467165779496391
1467165779598788
1467165779701139
1467165779803600
1467165779905947
1467165780008328
1467165780110787
1467165780213296
1467165780315550
1467165780417928
1467165780520331
1467165780622732
1467165780725203
1467165780827599
1467165780930009
1467165781032414
1467165781134793
1467165781237179
1467165781339600
1467165781441974
1467165781544332
1467165781646807
1467165781749164
1467165781851599
1467165781953999
1467165782056385
1467165782158810
1467165782363834
1467165782466018
1467165782568415
1467165782670811
1467165782773202
1467165782875611
1467165782977965
1467165783080363
1467165783182800
1467165783285184
1467165783387567
1467165783489987
1467165783592428
1467165783694808
1467165783797392
1467165783899563
1467165784001984
1467165784104388
1467165784206815
1467165784309166
1467165784411609
1467165784513967
1467165784616355
1467165784718790
1467165784821225
1467165784923624
1467165785025962
1467165785128373
1467165785230794
1467165785333185
1467165785435907
1467165785538146
1467165785640598
1467165785742828
1467165785845227
1467165785947611
1467165786050161
1467165786152379
1467165786254799
1467165786334117
1467165786357498
1467165786459588
1467165786565325
1467165786664370
1467165786766790
1467165786869361
1467165786971696
1467165787074042
1467165787153350
1467165787176429
1467165787278786
1467165787381202
1467165787483613
1467165787562895
1467165787586146
1467165787688398
1467165787790791
1467165787893255
1467165787995595
1467165788097987
1467165788200419
1467165788302794
1467165788405212
1467165788507600
1467165788609993
1467165788712380
1467165788791746
1467165788814822
1467165788917245
1467165789019875
1467165789122000
1467165789224451
1467165789303708
1467165789326787
1467165789406778
1467165789429263
1467165789531617
1467165789634010
1467165789736497
1467165789838895
1467165789941263
1467165790043791
1467165790145997
1467165790248396
1467165790350850
1467165790453277
1467165790555594
1467165790658260
1467165790760454
1467165790862886
1467165790965332
1467165791067585
1467165791170132
1467165791272461
1467165791375027
1467165791477209
1467165791556483
1467165791579620
1467165791682281
1467165791784668
1467165791886829
1467165791989196
1467165792091595
1467165792194065
1467165792296472
1467165792398872
1467165792501326
1467165792603685
1467165792706039
1467165792808477
1467165792910835
1467165793013231
1467165793115661
1467165793218081
1467165793320476
1467165793422829
1467165793525232
1467165793627704
1467165793730040
1467165793832586
1467165793934893
1467165794037305
1467165794139655
1467165794242243
1467165794344416
1467165794446861
1467165794549238
1467165794651745
1467165794754038
1467165794856469
1467165794958901
1467165795061301
1467165795164042
1467165795266084
1467165795368441
1467165795471100
1467165795573233
1467165795652986
1467165795675696
1467165795778068
1467165795880452
1467165795982893
1467165796062660
1467165796085243
1467165796188191
1467165796266840
1467165796290101
1467165796392655
1467165796471595
1467165796495068
1467165796573987
1467165796597252
1467165796699678
1467165796802070
1467165796904500
1467165797006847
1467165797086004
1467165797109273
1467165797211745
1467165797290785
1467165797314554
1467165797416456
1467165797518915
1467165797598044
1467165797621252
1467165797723670
1467165797826048
1467165797928478
1467165798007788
1467165798030915
1467165798110062
1467165798133288
1467165798235952
1467165798338358
1467165798440526
1467165798522184
1467165798543384
1467165798645269
1467165798747639
1467165798850068
1467165798952471
1467165799054857
1467165799133992
1467165799157275
1467165799236366
1467165799259761
1467165799362073
1467165799441351
1467165799464579
1467165799566914
1467165799669257
1467165799771654
1467165799874081
1467165799976474
1467165800078857
1467165800181257
1467165800283665
1467165800386085
1467165800488441
1467165800590859
1467165800693287
1467165800795938
1467165800898158
1467165801000539
1467165801079871
1467165801102883
1467165801181964
1467165801205343
1467165801284413
1467165801307737
1467165801410129
1467165801512486
1467165801615115
1467165801717358
1467165801819736
1467165801922225
1467165802001179
1467165802024641
1467165802126879
1467165802229352
1467165802308370
1467165802331730
1467165802434362
1467165802513204
1467165802536764
1467165802615650
1467165802638895
1467165802741331
1467165802843805
1467165802922752
1467165802946475
1467165803048487
1467165803150889
1467165803253352
1467165803332370
1467165803355698
1467165803434723
1467165803458159
1467165803560577
1467165803662946
1467165803765343
1467165803867782
1467165803946920
1467165803970142
1467165804049139
1467165804072547
1467165804174959
1467165804277304
1467165804379692
1467165804482101
1467165804584506
1467165804663727
1467165804686932
1467165804765933
1467165804789350
1467165804868385
1467165804891721
1467165804970728
1467165804994147
1467165805073123
1467165805096536
1467165805198895
1467165805301330
1467165805404161
1467165805506164
1467165805608516
1467165805710959
1467165805813342
1467165805915726
1467165806018123
1467165806120516
1467165806222920
1467165806301958
1467165806325342
1467165806427744
1467165806506771
1467165806530164
1467165806734914
1467165806813914
1467165806837325
1467165806939777
1467165807022985
1467165807121131
1467165807144516
1467165807246930
1467165807349331
1467165807428353
1467165807451772
1467165807554166
1467165807656565
1467165807737540
1467165807758932
1467165807837940
1467165807861376
1467165807940312
1467165807963716
1467165808066137
1467165808168525
1467165808270922
1467165808373316
1467165808454684
1467165808475746
1467165808578144
1467165808680522
1467165808782981
1467165808861934
1467165808885363
1467165808987765
1467165809090188
1467165809192524
1467165809294920
1467165809397327
1467165809499760
1467165809602123
1467165809704527
1467165809806995
1467165809909369
1467165810011809
1467165810114155
1467165810216522
1467165810318954
1467165810421394
1467165810523750
1467165810626133
1467165810728540
1467165810830997
1467165810933359
1467165811035794
1467165811138149
1467165811240566
1467165811445398
1467165811547812
1467165811650204
1467165811729103
1467165811752605
1467165811831518
1467165811854969
1467165811933856
1467165811957323
1467165812059735
1467165812162163
1467165812241060
1467165812264564
1467165812367085
1467165812469396
1467165812571819
1467165812674144
1467165812776546
1467165812879003
1467165812982371
1467165813083810
1467165813162689
1467165813186206
1467165813265064
1467165813288564
1467165813367452
1467165813390940
1467165813493371
1467165813572251
1467165813595761
1467165813698169
1467165813800598
1467165813903040
1467165814005388
1467165814084292
1467165814107800
1467165814210165
1467165814312577
1467165814414993
1467165814517362
1467165814596286
1467165814619786
1467165814722176
1467165814824565
1467165814926958
1467165815029354
1467165815131769
1467165815234189
1467165815313052
1467165815336629
1467165815438983
1467165815541381
1467165815620215
1467165815643830
1467165815722628
1467165815746183
1467165815848579
1467165815950998
1467165816053386
1467165816132270
1467165816155776
1467165816234649
1467165816258184
1467165816337015
1467165816360579
1467165816463023
1467165816565402
1467165816644188
1467165816667771
1467165816747319
1467165816770166
1467165816849008
1467165816872628
1467165816975040
1467165817077402
1467165817156745
1467165817179770
1467165817282188
1467165817361001
1467165817384601
1467165817463400
1467165817487001
1467165817589442
1467165817691836
1467165817794252
1467165817873044
1467165817896648
1467165817999045
1467165818101439
1467165818203836
1467165818306260
1467165818408676
1467165818487461
1467165818511063
1467165818613384
1467165818715836
1467165818794624
1467165818818247
1467165818897055
1467165818920644
1467165819023046
1467165819101834
1467165819125397
1467165819204243
1467165819227863
1467165819306647
1467165819330271
1467165819432668
1467165819511444
1467165819535066
1467165819637399
1467165819716229
1467165819739851
1467165819818567
1467165819842247
1467165819944664
1467165820023416
1467165820047062
1467165820149459
1467165820228227
1467165820251858
1467165820354255
1467165820433045
1467165820457009
1467165820535440
1467165820559027
1467165820637784
1467165820661457
1467165820740204
1467165820763860
1467165820842619
1467165820866291
1467165820945023
1467165820968622
1467165821047417
1467165821071007
1467165821149810
1467165821173458
1467165821252168
1467165821275852
1467165821354640
1467165821378300
1467165821457022
1467165821480688
1467165821583023
1467165821685458
1467165821787904
1467165821866577
1467165821890294
1467165821992666
1467165822095034
1467165822197460
1467165822276163
1467165822299830
1467165822378562
1467165822402226
1467165822504622
1467165822607081
1467165822685748
1467165822709418
1467165822811830
1467165822890539
1467165822914203
1467165822993002
1467165823016664
1467165823095376
1467165823119023
1467165823197750
1467165823221439
1467165823323819
1467165823402539
1467165823426272
1467165823504986
1467165823528623
1467165823607334
1467165823631136
1467165823709808
1467165823733466
1467165823835818
1467165823914513
1467165823938231
1467165824040631
1467165824143035
1467165824245500
1467165824347829
1467165824450247
1467165824528936
1467165824552642
