1467140777961012
1467140778061791
1467140778164217
1467140778266605
1467140778369019
1467140778471446
1467140778573842
1467140778676299
1467140778778613
1467140778880994
1467140778983425
1467140779085838
1467140779188236
1467140779290630
1467140779393077
1467140779495427
1467140779597809
1467140779700207
1467140779802635
1467140779905079
1467140780007502
1467140780109838
1467140780212226
1467140780314612
1467140780417983
1467140780519407
1467140780621832
1467140780724233
1467140780826712
1467140780929031
1467140781133842
1467140781236248
1467140781338645
1467140781441045
1467140781543498
1467140781645853
1467140781748283
1467140781850638
1467140781953041
1467140782055464
1467140782157842
1467140782260257
1467140782362652
1467140782465067
1467140782568465
1467140782669869
1467140782772286
1467140782874678
1467140782977040
1467140783079464
1467140783284266
1467140783386664
1467140783489077
1467140783591470
1467140783693868
1467140783796288
1467140783898677
1467140784001089
1467140784103485
1467140784205877
1467140784308361
1467140784410721
1467140784513118
1467140784615481
1467140784717878
1467140784820285
1467140784922684
1467140785025153
1467140785127482
1467140785229876
1467140785332290
1467140785434685
1467140785537089
1467140785639491
1467140785741891
1467140785844302
1467140785946714
1467140786049081
1467140786151512
1467140786356321
1467140786458685
1467140786561124
1467140786663500
1467140786765896
1467140786868299
1467140786970754
1467140787073179
1467140787175513
1467140787277922
1467140787380373
1467140787482705
1467140787585117
1467140787687500
1467140787789932
1467140787892326
1467140787994768
1467140788097131
1467140788199545
1467140788301921
1467140788404308
1467140788711521
1467140788813975
1467140788916308
1467140789018741
1467140789325964
1467140789428369
1467140789530724
1467140789633118
1467140789735567
1467140789837939
1467140789940336
1467140790042743
1467140790145306
1467140790349937
1467140790452332
1467140790554761
1467140790657179
1467140790759558
1467140790861962
1467140790964369
1467140791066811
1467140791169164
1467140791271553
1467140791373983
1467140791476371
1467140791578789
1467140791681206
1467140791783558
1467140791885967
1467140791988893
1467140792091139
1467140792194576
1467140792295575
1467140792398346
1467140792500383
1467140792602766
1467140792705179
1467140792807558
1467140792909974
1467140793012401
1467140793114809
1467140793217236
1467140793319568
1467140793422004
1467140793524438
1467140793626802
1467140793729208
1467140793831607
1467140793934006
1467140794037443
1467140794138786
1467140794241217
1467140794343613
1467140794548430
1467140794650815
1467140794753224
1467140794855601
1467140794957977
1467140795060415
1467140795162847
1467140795265213
1467140795367586
1467140795470053
1467140795572408
1467140795674819
1467140795777207
1467140795879625
1467140795982012
1467140796084432
1467140796186794
1467140796289211
1467140796391607
1467140796494061
1467140796598235
1467140796801235
1467140796903687
1467140797006082
1467140797108475
1467140797210820
1467140797313226
1467140797518035
1467140797620417
1467140797722827
1467140797825230
1467140797927642
1467140798030040
1467140798132433
1467140798234848
1467140798337247
1467140798439645
1467140798542047
1467140798644439
1467140798746836
1467140798849233
1467140798951651
1467140799054071
1467140799156500
1467140799258845
1467140799361267
1467140799463672
1467140799566134
1467140799668456
1467140799770862
1467140799873285
1467140799975677
1467140800078105
1467140800180485
1467140800282856
1467140800385247
1467140800487676
1467140800590091
1467140800692522
1467140800897290
1467140800999696
1467140801102125
1467140801204520
1467140801306901
1467140801409303
1467140801511728
1467140801614082
1467140801716489
1467140801818886
1467140802023731
1467140802126088
1467140802228479
1467140802330892
1467140802433322
1467140802535723
1467140802638090
1467140802740511
1467140802843710
1467140802945292
1467140803047704
1467140803150145
1467140803354952
1467140803457354
1467140803559751
1467140803662101
1467140803764567
1467140803866905
1467140803969308
1467140804174164
1467140804276541
1467140804481324
1467140804583772
1467140804788519
1467140804890952
1467140805097006
1467140805198116
1467140805402950
1467140805607715
1467140805710168
1467140805812595
1467140805914924
1467140806017381
1467140806119745
1467140806222132
1467140806324553
1467140806631758
1467140806734157
1467140806836891
1467140806938964
1467140807041370
1467140807143759
1467140807348522
1467140807450999
1467140807553365
1467140807655730
1467140807962936
1467140808167751
1467140808270736
1467140808372568
1467140808474930
1467140808577385
1467140808783581
1467140808884624
1467140808987023
1467140809089418
1467140809191831
1467140809294200
1467140809396628
1467140809498957
1467140809601393
1467140809703781
1467140809806539
1467140809908574
1467140810010967
1467140810215772
1467140810319300
1467140810420720
1467140810523002
1467140810625437
1467140810727779
1467140810830195
1467140810933392
1467140811034989
1467140811137420
1467140811239811
1467140811444616
1467140811546994
1467140811649426
1467140811751810
1467140811854264
1467140811956649
1467140812059004
1467140812161397
1467140812263795
1467140812366261
1467140812468614
1467140812571015
1467140812673401
1467140812775820
1467140812878223
1467140812980609
1467140813185404
1467140813288227
1467140813390287
1467140813492669
1467140813595001
1467140813697493
1467140813799842
1467140813902243
1467140814004626
1467140814107017
1467140814209426
1467140814311845
1467140814414256
1467140814516640
1467140814619040
1467140814721501
1467140814823842
1467140814926282
1467140815028623
1467140815131015
1467140815438246
1467140815540649
1467140815643022
1467140815847866
1467140815950230
1467140816155061
1467140816257473
1467140816462271
1467140816564673
1467140816668039
1467140816871938
1467140817076665
1467140817179050
1467140817281479
1467140817384045
1467140817486292
1467140817691085
1467140817793467
1467140817895870
1467140817998249
1467140818100662
1467140818203282
1467140818305557
1467140818612676
1467140818817468
1467140818919899
1467140819022269
1467140819124682
1467140819227058
1467140819329508
1467140819431879
1467140819534273
1467140819636720
1467140819739187
1467140819841483
1467140819943910
1467140820046310
1467140820148686
1467140820251086
1467140820353499
1467140820455962
1467140820558319
1467140820660758
1467140820763112
1467140820865526
1467140820967905
1467140821172694
1467140821275106
1467140821377584
1467140821479898
1467140821583144
1467140821684710
1467140821787137
1467140821889531
1467140821991922
1467140822094319
1467140822196742
1467140822299136
1467140822401524
1467140822504036
1467140822606431
1467140822708776
1467140822812654
1467140822913543
1467140823015996
1467140823118325
1467140823220743
1467140823323590
1467140823425665
1467140823527982
1467140823630403
1467140823733066
1467140823937599
1467140824039966
1467140824142414
1467140824244764
1467140824347185
1467140824449611
1467140824551970
1467140824654359
1467140824756759
1467140824859166
1467140824961571
1467140825063939
1467140825166371
1467140825268876
1467140825371212
1467140825473567
1467140825575967
1467140825678373
1467140825780785
1467140825883148
1467140825987187
1467140826087965
1467140826190373
1467140826292784
1467140826395192
1467140826497564
1467140826599991
1467140826702475
1467140826804867
1467140826907204
1467140827009586
1467140827112025
1467140827214397
1467140827316820
1467140827419507
1467140827521585
1467140827623985
1467140827726401
1467140827828769
1467140827931219
1467140828136088
1467140828238468
1467140828341460
1467140828443275
1467140828545642
1467140828647997
1467140828750383
1467140828852903
1467140829057599
1467140829160020
1467140829262414
1467140829364797
1467140829467197
1467140829570238
1467140829672017
1467140829774400
1467140829979392
1467140830081611
1467140830185638
1467140830286451
1467140830388855
1467140830491234
1467140830593613
1467140830696025
1467140830798495
1467140830900812
1467140831003314
1467140831105723
1467140831208056
1467140831310453
1467140831412825
1467140831516578
1467140831720053
1467140831822439
1467140831924839
1467140832027242
1467140832129642
1467140832334459
1467140832436925
1467140832641629
1467140832744043
1467140832948908
1467140833051265
1467140833153672
1467140833256078
1467140833358506
1467140833460869
1467140833563834
1467140833665651
1467140833768061
1467140833870443
1467140833972887
1467140834075301
1467140834177712
1467140834280053
1467140834382486
1467140834484864
1467140834587358
1467140834691108
1467140834792814
1467140834894490
1467140834996882
1467140835099260
1467140835205065
1467140835304083
1467140835406465
1467140835508865
1467140835611304
1467140835713682
1467140835816084
1467140836020954
1467140836123303
1467140836225671
1467140836328115
1467140836430501
1467140836533820
1467140836737696
1467140836840090
1467140836942517
1467140837044913
1467140837147320
1467140837249709
1467140837352219
1467140837454579
1467140837659289
1467140837763189
1467140837864098
1467140837966492
1467140838069066
1467140838171303
1467140838273711
1467140838376116
1467140838580931
1467140838684088
1467140838792464
1467140838990517
1467140839092902
1467140839195340
1467140839297719
1467140839400136
1467140839503702
1467140839604920
1467140839707356
1467140839809716
1467140839912134
1467140840014550
1467140840116938
1467140840219451
1467140840321822
1467140840424161
1467140840526542
1467140840628949
1467140840731571
1467140840833798
1467140840936158
1467140841038525
1467140841140961
1467140841243342
1467140841345738
1467140841448174
1467140841755363
1467140841857735
1467140841960215
1467140842062557
1467140842164954
1467140842267371
1467140842369755
1467140842472170
1467140842574565
1467140842779391
1467140842882713
1467140843086642
1467140843189076
1467140843291358
1467140843393790
1467140843496178
1467140843598602
1467140843700959
1467140843803376
1467140843905806
1467140844008199
1467140844111303
1467140844212999
1467140844318718
1467140844417778
1467140844520267
1467140844622615
1467140844724993
1467140844827400
1467140844929801
1467140845032225
1467140845134591
1467140845237015
1467140845339418
1467140845544259
1467140845646588
1467140845749002
1467140845953903
1467140846056220
1467140846158618
1467140846261031
1467140846364680
1467140846465797
1467140846568226
1467140846670619
1467140846773006
1467140846875397
1467140846977798
1467140847080201
1467140847182625
1467140847285128
1467140847387482
1467140847489848
1467140847592251
1467140847694616
1467140847797022
1467140847899417
1467140848001824
1467140848206659
1467140848309023
1467140848411447
1467140848513833
1467140848616245
1467140848718766
1467140848821073
1467140848923446
1467140849025845
1467140849128262
1467140849230631
1467140849333040
1467140849435561
1467140849537843
1467140849640751
1467140849742639
1467140849845056
1467140849947443
1467140850152307
1467140850357061
1467140850459480
1467140850561844
1467140850664270
1467140850766656
1467140850869174
1467140850971510
1467140851073851
1467140851176290
1467140851278764
1467140851381112
1467140851483451
1467140851790683
1467140851893072
1467140851995494
1467140852097901
1467140852200274
1467140852405101
1467140852507466
1467140852609862
1467140852712584
1467140852814753
1467140852917114
1467140853019477
1467140853121902
1467140853224283
1467140853326689
1467140853432862
1467140853531504
1467140853633910
1467140853736378
1467140853838710
1467140854043517
1467140854248302
1467140854350722
1467140854453107
1467140854555493
1467140854657906
1467140854760298
1467140854862713
1467140854965090
1467140855067505
1467140855169910
1467140855272330
1467140855374690
1467140855480110
1467140855579663
1467140855681904
1467140855784332
1467140855990389
1467140856193919
1467140856296331
1467140856398737
1467140856501201
1467140856603510
1467140856705931
1467140856808385
1467140856910731
1467140857013114
1467140857115545
1467140857217940
1467140857320322
1467140857422748
1467140857525195
1467140857627534
1467140857730105
1467140857934850
1467140858037218
1467140858139527
1467140858241949
1467140858344360
1467140858448242
1467140858549152
1467140858651553
1467140858753955
1467140858856375
1467140858958755
1467140859061147
1467140859163562
1467140859265957
1467140859368490
1467140859573217
1467140859675562
1467140859777978
1467140859880361
1467140859982771
1467140860085168
1467140860187591
1467140860289982
1467140860392430
1467140860494773
1467140860597186
1467140860802139
1467140860904389
1467140861006779
1467140861110900
1467140861211572
1467140861314070
1467140861416393
1467140861518785
1467140861621209
1467140861723575
1467140861825980
1467140862030787
1467140862133297
1467140862235663
1467140862338016
1467140862440385
1467140862542805
1467140862645223
1467140862747639
1467140862852030
1467140862952429
1467140863054819
1467140863157663
1467140863259596
1467140863361987
1467140863464408
1467140863566920
1467140863669197
1467140863773360
1467140863874027
1467140863976429
1467140864078822
1467140864283608
1467140864386024
1467140864488422
1467140864590827
1467140864693227
1467140864795632
1467140864898008
1467140865000427
1467140865102946
1467140865205238
1467140865307612
1467140865410851
1467140865512464
1467140865614914
1467140865717238
1467140865819693
1467140866024438
1467140866126849
1467140866229272
1467140866331650
1467140866434043
1467140866536444
1467140866741301
1467140866843681
1467140866946050
1467140867048464
1467140867150977
1467140867253376
1467140867355661
1467140867458131
1467140867560475
1467140867662848
1467140867867657
1467140867970046
1467140868072450
1467140868174867
1467140868379662
1467140868482067
1467140868584568
1467140868686867
1467140868891677
1467140869097704
1467140869198876
1467140869403684
1467140869506072
1467140869608477
1467140869710888
1467140869813310
1467140869916668
1467140870018125
1467140870120492
1467140870222894
1467140870325345
1467140870427677
1467140870734901
1467140870837282
1467140870939684
1467140871042091
1467140871144523
1467140871246931
1467140871349399
1467140871451779
1467140871554097
1467140871656553
1467140871861302
1467140871963763
1467140872066113
1467140872168537
1467140872270945
1467140872373303
1467140872475717
1467140872578114
1467140872782994
1467140872987715
1467140873090124
1467140873192592
1467140873294940
1467140873397401
1467140873602114
1467140873704531
1467140873806968
1467140873909342
1467140874011723
1467140874216636
1467140874319337
1467140874421318
1467140874523783
1467140874626134
1467140874728564
1467140874831000
1467140874933320
1467140875035742
1467140875138192
1467140875240559
1467140875342961
1467140875445360
1467140875547739
1467140875752629
1467140875854978
1467140875957378
1467140876059807
1467140876264552
1467140876471931
1467140876571744
1467140876674165
1467140876776581
1467140876878982
1467140876981350
1467140877083847
1467140877186154
1467140877288614
1467140877493400
1467140877595781
1467140877698205
1467140877800579
1467140877903070
1467140878005368
1467140878210207
1467140878312578
1467140878414985
1467140878517401
1467140878619871
1467140878722177
1467140878824593
1467140878926998
1467140879030257
1467140879132015
1467140879234173
1467140879336605
1467140879440452
1467140879541384
1467140879643773
1467140879746228
1467140879848602
1467140880053446
1467140880155860
1467140880258263
1467140880360658
1467140880565498
1467140880667808
1467140880872622
1467140880975038
1467140881077425
1467140881179818
1467140881282318
1467140881384701
1467140881487043
1467140881589433
1467140881691815
1467140881794252
1467140881896628
1467140881999034
1467140882101532
1467140882203855
1467140882306283
1467140882408623
1467140882511024
1467140882613493
1467140882715824
1467140882818236
1467140882920623
1467140883023031
1467140883125493
1467140883227909
1467140883432746
1467140883637434
1467140883739823
1467140883842275
1467140883944667
1467140884047048
1467140884149444
1467140884251846
1467140884354237
1467140884456667
1467140884559097
1467140884661744
1467140884763866
1467140884968761
1467140885071128
1467140885275926
1467140885480673
1467140885685478
1467140885890264
1467140886095061
1467140886197478
1467140886299952
1467140886402261
1467140886504788
1467140886811868
1467140886914285
1467140887016707
1467140887119089
1467140887323888
1467140887426301
1467140887631082
1467140887733567
1467140887835987
1467140887938282
1467140888245493
1467140888347885
1467140888450352
1467140888552715
1467140888655092
1467140888757518
1467140889064706
1467140889167106
1467140889371891
1467140889474316
1467140889679098
1467140889784428
1467140889885574
1467140889986306
1467140890088702
1467140890293539
1467140890395908
1467140890498324
1467140890600729
1467140890703268
1467140890805535
1467140890907927
1467140891010331
1467140891112811
1467140891215118
1467140891317544
1467140891419931
1467140891522330
1467140891624728
1467140891727122
1467140891829536
1467140891932813
1467140892034423
1467140892136818
1467140892239144
