1467166261639616
1467166261741802
1467166262008371
1467166262110794
1467166262460223
1467166262564149
1467166262827548
1467166262929945
1467166263175366
1467166263277827
1467166263381921
1467166263646789
1467166263749178
1467166263994909
1467166264097178
1467166264199430
1467166264363518
1467166264465976
1467166264568392
1467166264813751
1467166264916404
1467166265182786
1467166265285186
1467166265387531
1467166265633035
1467166265735429
1467166266002002
1467166266104365
1467166266206754
1467166266452248
1467166266554681
1467166266821226
1467166266923566
1467166267172518
1467166267271405
1467166267640404
1467166267742807
1467166267988224
1467166268090637
1467166268193559
1467166268459616
1467166268562015
1467166268807432
1467166268909770
1467166269176383
1467166269278809
1467166269381143
1467166269626569
1467166269731078
1467166269995623
1467166270098040
1467166270200418
1467166270445850
1467166270548267
1467166270814799
1467166270917188
1467166271265459
1467166271367449
1467166271634006
1467166271736383
1467166271983478
1467166272084291
1467166272186598
1467166272453178
1467166272555618
1467166272801437
1467166272903390
1467166273006349
1467166273272385
1467166273374849
1467166273620623
1467166273722622
1467166273989184
1467166274091601
1467166274194038
1467166274439453
1467166274542098
1467166274808454
1467166274910928
1467166275013219
1467166275258977
1467166275361034
1467166275627636
1467166275730076
1467166276077907
1467166276180254
1467166276446851
1467166276549267
1467166276794621
1467166276897042
1467166276999770
1467166277266027
1467166277368460
1467166277613810
1467166277982834
1467166278085322
1467166278187625
1467166278433079
1467166278535408
1467166278802021
1467166278904427
1467166279006872
1467166279354701
1467166279723637
1467166279968961
1467166280071407
1467166280174013
1467166280440495
1467166280542884
1467166280788497
1467166280892996
1467166280993033
1467166281157231
1467166281259644
1467166281362081
1467166281607787
1467166281709804
1467166281976462
1467166282078889
1467166282181230
1467166282528499
1467166282795653
1467166282898274
1467166283245845
1467166283348171
1467166283615126
1467166283717270
1467166283962559
1467166284065008
1467166284168409
1467166284434122
1467166284536473
1467166284782016
1467166284885775
1467166284986596
1467166285253274
1467166285355662
1467166285600953
1467166285703357
1467166285805805
1467166285970072
1467166286072517
1467166286175064
1467166286420178
1467166286522571
1467166286789344
1467166286891685
1467166286994125
1467166287239582
1467166287341903
1467166287608537
1467166287710889
1467166287958415
1467166288058623
1467166288161939
1467166288427712
1467166288530096
1467166288775367
1467166288877778
1467166288980157
1467166289246906
1467166289349334
1467166289594560
1467166289700000
1467166289963754
1467166290066130
1467166290168539
1467166290413809
1467166290516166
1467166290782959
1467166290885349
1467166290987705
1467166291234208
1467166291337826
1467166291602411
1467166291704567
1467166291952010
1467166292052152
1467166292155976
1467166292421386
1467166292523766
1467166292769422
1467166292873554
1467166292973773
1467166293240526
1467166293342976
1467166293588569
1467166293691808
1467166293795228
1467166293957317
1467166294059742
1467166294162166
1467166294407343
1467166294509790
1467166294776518
1467166294878979
1467166294981330
1467166295227035
1467166295328996
1467166295595758
1467166295698186
1467166295800604
1467166296045791
1467166296148124
1467166296414969
1467166296517416
1467166296762787
1467166296864955
1467166296967411
1467166297234172
1467166297336581
1467166297581789
1467166297684140
1467166298053373
1467166298155773
1467166298403437
1467166298503627
1467166298770166
1467166298872574
1467166298975001
1467166299221919
1467166299322581
1467166299794156
1467166300039334
1467166300141761
1467166300408559
1467166300511038
1467166300858525
1467166300961204
1467166301227780
1467166301575332
1467166301677789
1467166302047034
1467166302149419
1467166302394625
1467166302496917
1467166302763793
1467166302866232
1467166302968564
1467166303214218
1467166303583071
1467166303685662
1467166303787836
1467166304135480
1467166304402266
1467166304504607
1467166304852145
1467166304954584
1467166305221396
1467166305323812
1467166305568923
1467166305671342
1467166305774178
1467166306040647
1467166306143040
1467166306390605
1467166306490976
1467166306593019
1467166306757423
1467166306859816
1467166306962197
1467166307207386
1467166307309729
1467166307576631
1467166307679017
1467166307781476
1467166308026821
1467166308129386
1467166308498301
1467166308600615
1467166308846164
1467166309317422
1467166309563392
1467166309665131
1467166309767795
1467166310034245
1467166310136609
1467166310586846
1467166310853433
1467166310955878
1467166311200927
1467166311303343
1467166311405771
1467166311570255
1467166311672691
1467166311775041
1467166312020139
1467166312122576
1467166312389482
1467166312491899
1467166312594292
1467166312839356
1467166312941723
1467166313208625
1467166313311055
1467166313556138
1467166313661606
1467166313760902
1467166314027915
1467166314130269
1467166314375538
1467166314477773
1467166314580132
1467166314847047
1467166314949478
1467166315194966
1467166315296934
1467166315399359
1467166315563855
1467166315666269
1467166315768651
1467166316013704
1467166316117309
1467166316383131
1467166316485519
1467166316587873
1467166316832908
1467166316935312
1467166317202266
1467166317304685
1467166317652939
1467166317754505
1467166318021520
1467166318123860
1467166318376639
1467166318573818
1467166318840671
1467166318943080
1467166319188707
1467166319290509
1467166319392900
1467166319557503
1467166319660445
1467166319762621
1467166320007279
1467166320110026
1467166320376957
1467166320479117
1467166320581502
1467166320826512
1467166320929483
1467166321195894
1467166321298319
1467166321400704
1467166321645757
1467166321748105
1467166322015115
1467166322117505
1467166322362755
1467166322464897
1467166322834311
1467166322936758
1467166323181710
1467166323284167
1467166323386494
1467166323653568
1467166323755963
1467166324000901
1467166324105136
1467166324370318
1467166324472772
1467166324575167
1467166324820118
1467166324922543
1467166325189566
1467166325291903
1467166325394348
1467166325639437
1467166325741711
1467166326008773
1467166326111172
1467166326356141
1467166326462289
1467166326560892
1467166326827925
1467166326930351
1467166327277701
1467166327380146
1467166327647190
1467166327749521
1467166327994568
1467166328096942
1467166328199308
1467166328363977
1467166328466340
1467166328568749
1467166328813715
1467166328916171
1467166329183162
1467166329285556
1467166329388060
1467166330002384
1467166330104806
1467166330207169
1467166330452071
1467166330554687
1467166330821581
1467166330924009
1467166331171206
1467166331271580
1467166331374157
1467166331640773
1467166331988283
1467166332090496
1467166332193028
1467166332357569
1467166332460040
1467166332562376
1467166332807337
1467166332909734
1467166333176821
1467166333279161
1467166333381573
1467166333626474
1467166333728929
1467166333995987
1467166334098614
1467166334200792
1467166334445669
1467166334551222
1467166334815191
1467166334917577
1467166335265165
1467166335369287
1467166335634412
1467166335981989
1467166336084077
1467166336186504
1467166336351216
1467166336453623
1467166336556004
1467166336800896
1467166336903886
1467166337170383
1467166337272841
1467166337375192
1467166337620064
1467166337722523
1467166337989624
1467166338092033
1467166338194403
1467166338439313
1467166338542110
1467166338808863
1467166338911255
1467166339156078
1467166339258499
1467166339361492
1467166339628069
1467166339730444
1467166339975282
1467166340079146
1467166340180095
1467166340344806
1467166340447224
1467166340549630
1467166340794485
1467166340896938
1467166341164044
1467166341266436
1467166341368830
1467166341615223
1467166341716111
1467166341983223
1467166342085607
1467166342188071
1467166342432948
1467166342535274
1467166342802483
1467166342904897
1467166343150029
1467166343252295
1467166343354539
1467166343621658
1467166343724045
1467166343970585
1467166344071588
1467166344174962
1467166344440925
1467166344788114
1467166344890514
1467166344994048
1467166345157649
1467166345260332
1467166345362444
1467166345608837
1467166345713195
1467166345976863
1467166346079230
1467166346181672
1467166346426816
1467166346531838
1467166346898474
1467166347245659
1467166347348070
1467166347615291
1467166347717673
1467166347962975
1467166348066249
1467166348168827
1467166348434518
1467166348536950
1467166348781718
1467166348886934
1467166348989880
1467166349253737
1467166349356129
1467166349600860
1467166349805681
1467166349970485
1467166350072878
1467166350175290
1467166350420071
1467166350522588
1467166350789673
1467166350892130
1467166350994494
1467166351239568
1467166351341961
1467166351608944
1467166351711340
1467166351813676
1467166352058475
1467166352161230
1467166352775247
1467166352877696
1467166352980124
1467166353247705
1467166353349722
1467166353594511
1467166353696846
1467166353799238
1467166354066574
1467166354168920
1467166354519015
1467166354618458
1467166354783322
1467166354885706
1467166354988175
1467166355232856
1467166355335280
1467166355602546
1467166355704968
1467166355807306
1467166356054420
1467166356154419
1467166356421740
1467166356524174
1467166356626543
1467166356871344
1467166356973653
1467166357240925
1467166357343340
1467166357588047
1467166357690487
1467166357792926
1467166358060176
1467166358162548
1467166358407301
1467166358509697
1467166358612091
1467166358879508
1467166358981800
1467166359226511
1467166359328816
1467166359431247
1467166359596156
1467166359698534
1467166359800991
1467166360045698
1467166360148096
1467166360415402
1467166360517802
1467166360620139
1467166360865167
1467166360969291
1467166361234610
1467166361336959
1467166361684028
1467166361786426
1467166362053754
1467166362156218
1467166362400823
1467166362505286
1467166362605699
1467166362873012
1467166362975372
1467166363220489
1467166363322764
1467166363589766
1467166363692158
1467166363794572
1467166364039245
1467166364141645
1467166364408994
1467166364511641
1467166364613840
1467166364859070
1467166364960993
1467166365228171
1467166365330605
1467166365432984
1467166365677643
1467166365780078
1467166366047668
1467166366149751
1467166366394450
1467166366496926
1467166366599280
1467166366866576
1467166366969014
1467166367213647
1467166367316074
1467166367418489
1467166367583584
1467166367685844
1467166367788236
1467166368032843
1467166368402612
1467166368505054
1467166368607404
1467166368853818
1467166368954408
1467166369221792
1467166369324264
1467166369426625
1467166369671264
1467166369773621
1467166370041034
1467166370143413
1467166370388031
1467166370490428
1467166370592852
1467166370860263
1467166370962661
1467166371207424
1467166371412025
1467166371577021
1467166371679606
1467166371781802
1467166372028720
1467166372142300
1467166372396248
1467166372498634
1467166372601018
1467166372845823
1467166372948286
1467166373215447
1467166373317829
1467166373420219
1467166373664829
1467166373767222
1467166374034675
1467166374137073
1467166374385010
1467166374484066
1467166374586470
1467166374853921
1467166374956243
1467166375303429
1467166375406992
1467166375570647
1467166375673167
1467166375775494
1467166376020025
1467166376122466
1467166376389847
1467166376492236
1467166376594960
1467166376839639
1467166376943939
1467166377209043
1467166377311577
1467166377413914
1467166377658429
1467166377760867
1467166378028463
1467166378130717
1467166378375417
1467166378477681
1467166378580023
1467166378847509
1467166378949900
1467166379194415
1467166379298736
1467166379564454
1467166379666721
1467166379769088
1467166380116014
1467166380383513
1467166380485860
1467166380588283
1467166380842593
1467166380948490
1467166381202678
1467166381305094
1467166381407488
1467166381652007
1467166381759927
1467166382021894
1467166382124284
1467166382369830
1467166382573657
1467166382841149
1467166382943507
1467166383188721
1467166383290436
1467166383392831
1467166383557885
1467166383660287
1467166383762682
1467166384007207
1467166384377116
1467166384479505
1467166384581906
1467166384826416
1467166384928825
1467166385196353
1467166385401159
1467166385645598
1467166385748611
1467166386015493
1467166386117895
1467166386464802
1467166386571323
1467166386834793
1467166386937095
1467166387181629
1467166387284012
1467166387386830
1467166387653928
1467166387756303
1467166388000786
1467166388103569
1467166388370956
1467166388473136
1467166388575533
1467166388819991
1467166388922552
1467166389189974
1467166389292331
1467166389394788
1467166389639199
1467166389741724
1467166390009183
1467166390111604
1467166390213972
1467166390458391
1467166390567811
1467166390828363
1467166390930770
1467166391277614
1467166391380023
1467166391647547
1467166391749995
1467166391996676
1467166392096782
1467166392201554
1467166392466738
1467166392569161
1467166392814263
1467166392916014
1467166393018451
1467166393183547
1467166393285937
1467166393388411
1467166393634086
1467166394002748
1467166394105143
1467166394207590
1467166394452528
1467166394554392
1467166394821988
1467166394924408
1467166395272957
1467166395374038
1467166395641226
1467166395743621
1467166395987990
1467166396090384
1467166396193410
1467166396460399
1467166396562785
1467166396807213
1467166396909583
1467166397012047
1467166397279614
1467166397381990
1467166397626391
1467166397729814
1467166397996395
1467166398098829
1467166398201203
1467166398445616
1467166398547990
1467166398815618
1467166398918026
1467166399020392
1467166399264827
1467166399367225
1467166399634790
1467166399737197
1467166399981617
1467166400083995
1467166400186518
1467166400454031
1467166400556397
1467166400802182
1467166400903242
1467166401005620
1467166401273224
1467166401375633
1467166401619976
1467166401722387
1467166401825018
1467166401990059
1467166402092474
1467166402194829
1467166402439932
1467166402542268
1467166402809225
1467166402911624
1467166403014059
1467166403258386
1467166403360769
1467166403628421
1467166403730811
1467166403975184
1467166404077562
1467166404180800
1467166404447621
1467166404550055
1467166404794708
1467166404896828
1467166404999225
1467166405266816
1467166405369228
1467166405715954
1467166405818432
1467166405983646
1467166406086021
1467166406188455
1467166406433739
1467166406535170
1467166406802865
1467166406905290
1467166407007638
1467166407252210
1467166407354703
1467166407622036
1467166407724438
1467166407826870
1467166408071177
1467166408173574
1467166408441247
1467166408543679
1467166408787946
1467166408890351
1467166408992754
1467166409260450
1467166409362867
1467166409607185
1467166409709581
1467166409811976
1467166410079654
1467166410182046
1467166410426574
1467166410528760
1467166410631177
1467166410796471
1467166410898852
1467166411001269
1467166411245806
1467166411348226
1467166411615682
1467166411718060
1467166411820478
1467166412067515
1467166412167158
1467166412434893
1467166412537340
1467166412639662
1467166412883977
1467166412986473
1467166413254074
1467166413356480
1467166413703206
1467166413805553
1467166414175679
1467166414419975
1467166414522407
1467166414625973
1467166414790099
1467166414892489
1467166414994923
1467166415240085
1467166415341612
1467166415609352
1467166415711696
1467166415814099
1467166416161456
1467166416428566
1467166416530969
1467166416877564
1467166416979952
1467166417247702
1467166417350122
1467166417594357
1467166417697519
1467166417799146
1467166418066907
1467166418169354
1467166418413590
1467166418515970
1467166418886181
1467166418988561
1467166419232752
1467166419335163
1467166419437564
1467166419602978
1467166419705374
1467166419807713
1467166420051936
1467166420154335
1467166420422119
1467166420524598
1467166420626939
1467166420871159
1467166420973558
1467166421241310
1467166421343731
1467166421587948
1467166421691814
1467166421792747
1467166422060528
1467166422162917
1467166422407150
1467166422509556
1467166422612563
1467166422879748
1467166422982164
1467166423227213
1467166423328725
1467166423431677
1467166423596573
1467166423698960
1467166423801354
1467166424046961
1467166424147935
1467166424415744
1467166424518151
1467166424620542
1467166424864807
1467166424967176
1467166425234959
1467166425337386
1467166425683950
1467166425786347
1467166426054208
1467166426156604
1467166426400756
1467166426503139
1467166426605577
1467166426873374
1467166426975742
1467166427220022
1467166427322503
1467166427692582
1467166427794963
1467166428039159
1467166428143870
1467166428409396
1467166428511791
1467166428614186
1467166428962979
1467166429228584
1467166429331000
1467166429433394
1467166429677584
1467166429780040
1467166430047791
1467166430150170
1467166430496751
1467166430599142
1467166430867000
1467166430969377
1467166431213704
1467166431315931
1467166431421810
1467166431583824
1467166431686249
1467166431788579
1467166432032723
1467166432136732
1467166432402986
1467166432505406
1467166432607957
1467166432851934
1467166432954332
1467166433222214
