1467256693944077
1467256693979017
1467256694559560
1467256694593453
1467256694660578
1467256694695849
1467256694763059
1467256694798222
1467256694968019
1467256695073105
1467256695174491
1467256695788806
1467256695822272
1467256695889435
1467256695924668
1467256695992298
1467256696196622
1467256696234959
1467256696298986
1467256696334300
1467256696948722
1467256697018122
1467256697051094
1467256697118242
1467256697153525
1467256697425433
1467256697460730
1467256697528170
1467256697563122
1467256698177516
1467256698244976
1467256698279892
1467256698347091
1467256698382261
1467256698553973
1467256698587101
1467256698654537
1467256698689450
1467256698757230
1467256699371039
1467256699406276
1467256699473794
1467256699508745
1467256699575978
1467256699780722
1467256699815938
1467256699883372
1467256699918357
1467256699985420
1467256700635171
1467256700702735
1467256700737527
1467256701010270
1467256701829080
1467256701864416
1467256701931289
1467256701966415
1467256702171229
1467256702240480
1467256702273567
1467256702341377
1467256702376031
1467256702954964
1467256702990399
1467256703057670
1467256703092827
1467256703159804
1467256703195261
1467256703364583
1467256703400059
1467256703467017
1467256704183831
1467256704219263
1467256704593561
1467256704696058
1467256704731284
1467256705345648
1467256705412624
1467256705448062
1467256705515062
1467256705550458
1467256705822308
1467256705857624
1467256705924587
1467256706540660
1467256706574458
1467256706641790
1467256706676896
1467256706743828
1467256706779313
1467256706949015
1467256706984113
1467256707051063
1467256707086501
1467256707155408
1467256707769935
1467256707803334
1467256707870211
1467256707905775
1467256707973305
1467256708177417
1467256708279829
1467256708315408
1467256708996639
1467256709032205
1467256709099020
1467256709134583
1467256709339358
1467256709406457
1467256709441767
1467256709508553
1467256709544218
1467256710123075
1467256710158568
1467256710227161
1467256710261040
1467256710327812
1467256710363419
1467256710532603
1467256710568229
1467256710635460
1467256710670626
1467256710737826
1467256711351894
1467256711387398
1467256711456352
1467256711489739
1467256711556562
1467256711761417
1467256711863811
1467256711966206
1467256712580832
1467256712616225
1467256712685276
1467256712718627
1467256712992387
1467256713092736
1467256713128267
1467256713706929
1467256713742665
1467256713816689
1467256713911829
1467256713947455
1467256714117506
1467256714152275
1467256714221625
1467256714321394
1467256714935829
1467256714971503
1467256715038207
1467256715073860
1467256715140546
1467256715345480
1467256715381124
1467256715447791
1467256716097901
1467256716166084
1467256716267003
1467256716302752
1467256716575168
1467256716677684
1467256717326765
1467256717393398
1467256717429206
1467256717496331
1467256717531580
1467256717700793
1467256717803310
1467256717905454
1467256718522207
1467256718622288
1467256718657958
1467256718731499
1467256718929393
1467256719032042
1467256719067594
1467256719134440
1467256719752050
1467256719852210
1467256720158474
1467256720261376
1467256720296445
1467256720910836
1467256720977669
1467256721013251
1467256721079792
1467256721115651
1467256721320398
1467256721386951
1467256721489602
1467256721525250
1467256722103756
1467256722139659
1467256722206186
1467256722242087
1467256722309361
1467256722513398
1467256722549237
1467256722615916
1467256722718810
1467256723333044
1467256723368490
1467256723437507
1467256723470890
1467256723537398
1467256723742697
1467256723778128
1467256723845960
1467256723880475
1467256724494838
1467256724562288
1467256724666695
1467256724699710
1467256724970980
1467256725073337
1467256725109285
1467256725723674
1467256725790163
1467256725894351
1467256725928535
1467256726097397
1467256726133486
1467256726199796
1467256726235979
1467256726302558
1467256726338148
1467256726916546
1467256726952575
1467256727019530
1467256727054981
1467256727122404
1467256727326189
1467256727428584
1467256727464546
1467256727530980
1467256728079007
1467256728146023
1467256728181438
1467256728249026
1467256728488588
1467256728555585
1467256728657330
1467256729307810
1467256729374142
1467256729410193
1467256729476587
1467256729512596
1467256729784756
1467256729886191
1467256730500551
1467256730536708
1467256730604333
1467256730639042
1467256730705378
1467256730910155
1467256730946294
1467256731012586
1467256731048608
1467256731116319
1467256731729379
1467256731765408
1467256731831836
1467256731867884
1467256731934176
1467256732139199
1467256732242171
1467256732958127
1467256732994313
1467256733096725
1467256733301604
1467256733367962
1467256733403927
1467256733470615
1467256733507295
1467256734120735
1467256734186982
1467256734223149
1467256734289379
1467256734530361
1467256734597543
1467256734698983
1467256734735169
1467256735313378
1467256735349594
1467256735415774
1467256735451930
1467256735518171
1467256735723411
1467256735825324
1467256735927774
1467256736543003
1467256736578424
1467256736647034
1467256736680862
1467256736951791
1467256736987984
1467256737054171
1467256737090402
1467256737704756
1467256737770983
1467256737807158
1467256737873320
1467256737909609
1467256738114374
1467256738180566
1467256738216816
1467256738282975
1467256738319215
1467256738897397
1467256738933650
1467256739000588
1467256739036017
1467256739102178
1467256739138442
1467256739308064
1467256739343196
1467256739409366
1467256739445618
1467256739512268
1467256740126172
1467256740162469
1467256740228569
1467256740264884
1467256740330964
1467256740535772
1467256740638186
1467256740674436
1467256740740525
1467256741355027
1467256741391308
1467256741493676
1467256741698529
1467256741764562
1467256741800924
1467256741866968
1467256741903342
1467256742517758
1467256742583757
1467256742620154
1467256742687085
1467256742722547
1467256742993728
1467256743095754
1467256743132179
1467256743713531
1467256743746589
1467256743812569
1467256743849010
1467256743915254
1467256744119755
1467256744156101
1467256744223435
1467256744324533
1467256744938964
1467256744975363
1467256745041330
1467256745077779
1467256745144047
1467256745348838
1467256745451749
1467256746101741
1467256746167756
1467256746204217
1467256746270152
1467256746306572
1467256746511752
1467256746577336
1467256746613819
1467256746679794
1467256746716239
1467256747294506
1467256747330682
1467256747397309
1467256747503310
1467256747535456
1467256747704334
1467256747740216
1467256747908751
1467256748523725
1467256748626526
1467256748728085
1467256748932524
1467256749035294
1467256749071448
1467256749138484
1467256749752302
1467256749788340
1467256749854150
1467256749890660
1467256750095487
1467256750161361
1467256750197949
1467256750263844
1467256750914666
1467256750980548
1467256751017096
1467256751083112
1467256751119505
1467256751324250
1467256751390093
1467256751492546
1467256751529113
1467256752107848
1467256752143476
1467256752209302
1467256752245888
1467256752517736
1467256752618898
1467256752655491
1467256752721338
1467256753335752
1467256753372342
1467256753439148
1467256753540494
1467256753746138
1467256753782007
1467256753847754
1467256753884384
1467256754498780
1467256754564549
1467256754601213
1467256754668173
1467256754703633
1467256754908371
1467256754974179
1467256755076499
1467256755727678
1467256755933052
1467256756137282
1467256756305335
1467256756342072
1467256756919753
1467256756956435
1467256757022810
1467256757058902
1467256757125756
1467256757329461
1467256757366055
1467256757431769
1467256757534196
1467256758148553
1467256758185221
1467256758250963
1467256758287678
1467256758492457
1467256758558338
1467256758594885
1467256758660504
1467256758697276
1467256759311727
1467256759377341
1467256759414112
1467256759480572
1467256759516516
1467256759721331
1467256759823656
1467256759890652
1467256759926129
1467256760503732
1467256760606127
1467256760642947
1467256760708550
1467256760913316
1467256761016046
1467256761733096
1467256761769329
1467256761836109
1467256761871798
1467256761937343
1467256762142263
1467256762179010
1467256762246282
1467256762281405
1467256762895784
1467256762963456
1467256763065969
1467256763100636
1467256763305415
1467256763370941
1467256763407797
1467256763473311
1467256763510209
1467256764124571
1467256764292673
1467256764329409
1467256764500257
1467256764614224
1467256764702153
1467256765353449
1467256765424654
1467256765528510
1467256765865956
1467256766479865
1467256766546298
1467256766582281
1467256766663407
1467256766684696
1467256767094327
1467256767708720
1467256767774089
1467256767879953
1467256767915763
1467256768081315
1467256768183800
1467256768220741
1467256768286152
1467256768323090
1467256768937553
1467256769002926
1467256769039910
1467256769105318
1467256769310207
1467256769414551
1467256769514925
1467256770063957
1467256770131009
1467256770166426
1467256770268763
1467256770473505
1467256770539234
1467256770575949
1467256770642093
1467256771257343
1467256771292778
1467256771359060
1467256771395197
1467256771460528
1467256771768054
1467256772492967
1467256772521617
1467256772828797
1467256772894144
1467256773720760
1467256773750446
1467256774225508
1467256774904177
1467256774948757
1467256775044527
1467256775249384
1467256775354008
1467256776070484
1467256776105721
1467256776178235
1467256776208138
1467256776580536
1467256777197702
1467256777232101
1467256777317175
1467256777334531
1467256777400714
1467256777713207
1467256777814418
1467256778423672
1467256778526448
1467256778564182
1467256778871094
1467256779587324
1467256779662820
1467256779689735
1467256779793069
1467256780067429
1467256780170652
1467256780779008
1467256780816222
1467256780918584
1467256780989304
1467256781190412
1467256781291324
1467256781329086
1467256782008728
1467256782045058
1467256782110448
1467256782147426
1467256782433839
1467256782523614
1467256783171515
1467256783237388
1467256783273872
1467256783376282
1467256783649263
1467256783683469
1467256783751429
1467256784362862
1467256784400281
1467256784468949
1467256784502646
1467256784605092
1467256784787923
1467256784982468
1467256785602965
1467256785629125
1467256785695613
1467256785731519
1467256785796528
1467256786006189
1467256786108761
1467256786756999
1467256787333761
1467256787949697
1467256787984402
1467256788051388
1467256788086804
1467256788152504
1467256788189208
1467256788584909
1467256789177655
1467256789213256
1467256789283851
1467256789315642
1467256789383450
1467256789687719
1467256790404492
1467256790442011
1467256790506867
1467256790544410
1467256790815199
1467256790851584
1467256790921039
1467256791634693
1467256791670848
1467256791737031
1467256791773203
1467256791943110
1467256791978056
1467256792080472
1467256792145342
1467256792763012
1467256792797310
1467256792862534
1467256792899708
1467256792964665
1467256793171034
1467256793272941
1467256793375532
1467256793923668
1467256793991082
1467256794026088
1467256794093359
1467256794128471
1467256794500718
1467256795222605
1467256795254972
1467256795327737
1467256795530123
1467256795562164
1467256795626835
1467256795664582
1467256795729930
1467256796344013
1467256796381392
1467256796454511
1467256796483768
1467256796754219
1467256796883342
1467256797573621
1467256797610183
1467256797685538
1467256797986055
1467256798096074
1467256798815526
1467256798839022
1467256798924991
1467256799315740
1467256799934075
1467256799965470
1467256800031494
1467256800067852
1467256800442410
1467256801091890
1467256801163334
1467256801194326
1467256801259259
1467256801296713
1467256802286169
1467256802320788
1467256802389682
1467256802423157
1467256802525480
1467256802697890
1467256802802647
1467256803514648
1467256803718369
1467256803923800
1467256804880752
1467256805293197
1467256805873764
1467256805906000
1467256806007885
1467256806109545
1467256806281096
1467256806379227
1467256807102352
1467256807133620
1467256807212348
1467256807235998
1467256807506195
1467256807619019
1467256808260026
1467256808351438
1467256808427372
1467256808464882
1467256808772051
1467256808842952
1467256809458465
1467256809488884
1467256809554911
1467256809591264
1467256809660349
1467256809860096
1467256809962806
1467256810071802
1467256810681392
1467256810717703
1467256810786115
1467256810887617
1467256811089814
1467256811844118
1467256811908429
1467256812012936
1467256812048934
1467256812321202
1467256812356079
1467256812422932
1467256813034836
1467256813073431
1467256813175357
1467256813239957
1467256813444974
1467256813547158
1467256814265151
1467256814366408
1467256814404223
1467256814673864
1467256815497992
1467256815530639
1467256815612227
1467256815633687
1467256815940200
1467256816004756
1467256816042643
1467256816619844
1467256816730763
1467256816825225
1467256817233848
1467256817850371
1467256817885854
1467256818264328
1467256818375537
1467256818977335
1467256819090193
1467256819181933
1467256819217122
1467256819405764
1467256819421905
1467256819490250
1467256819600393
1467256820211379
1467256820241081
1467256820325370
1467256820343497
1467256820415663
1467256821436810
1467256821469980
1467256821535155
1467256821572312
1467256821879584
1467256821945076
1467256822596435
1467256822698841
1467256822801140
1467256822967618
1467256823070143
1467256823172462
1467256823789049
1467256823825160
1467256823889265
1467256823927586
1467256823994951
1467256824401643
1467256825019246
1467256825055112
1467256825118974
1467256825156417
1467256825428689
1467256825534226
1467256826180459
1467256826282814
1467256826350586
1467256826655745
1467256826757253
1467256827373435
1467256827409294
1467256827473205
1467256827511730
1467256827575872
1467256827782514
1467256828599682
1467256828638146
1467256828703599
1467256828740487
1467256829012684
1467256829150168
1467256829729433
1467256829837206
1467256829866920
1467256829932572
1467256829970530
1467256830135869
1467256830238033
1467256830342810
1467256830954850
1467256830993353
1467256831058597
1467256831364460
1467256831403216
1467256831469143
1467256831505371
1467256832190396
1467256832222186
1467256832287168
1467256832324566
1467256832605024
1467256832702498
1467256833317805
1467256833348656
1467256833416938
1467256833451047
1467256833520605
1467256833826365
1467256834545269
1467256834577444
1467256834642317
1467256834679839
1467256834884628
1467256834949999
1467256834987085
1467256835089478
1467256835666629
1467256835703916
1467256835771339
1467256835806282
1467256835872177
1467256836081666
1467256836178916
1467256836898765
1467256836998799
1467256837035085
1467256837103063
1467256837347026
1467256837406383
1467256837511567
1467256838128774
1467256838161547
1467256838228602
1467256838263882
1467256838533770
1467256838636790
1467256838673488
1467256839287918
1467256839353457
1467256839390298
1467256839454037
1467256839492730
1467256839697566
1467256839865439
1467256840480335
1467256840516824
1467256840582873
1467256840619211
1467256840683854
1467256840888367
1467256841095728
1467256841729334
1467256841745650
1467256841818167
1467256841848047
1467256842122552
1467256842871984
1467256842975780
1467256843046996
1467256843076816
1467256843451019
1467256844100859
1467256844164711
1467256844268563
1467256844471633
1467256844682562
1467256845296686
1467256845393518
1467256845434429
1467256845702370
1467256845803100
1467256846456104
1467256846521083
1467256846622356
1467256846660881
1467256846930541
1467256847647479
1467256847684986
1467256847749710
1467256847787375
1467256847850979
1467256848056153
1467256848094593
1467256848161332
1467256848263704
1467256848878679
1467256848913817
1467256848982741
1467256849016203
1467256850040120
1467256850105990
1467256850142583
1467256850207507
1467256850246273
1467256850616627
1467256851234645
1467256851269047
1467256851335105
1467256851371441
1467256851442353
1467256851650161
1467256851742692
1467256851849824
1467256852460924
1467256852497801
1467256852562464
1467256852600252
1467256852805084
1467256852970816
1467256853585201
1467256853688248
1467256853726709
1467256853791314
1467256854100353
1467256854204730
1467256854955548
1467256855224537
1467256855329832
1467256855943051
1467256855979525
1467256856069873
1467256856081923
1467256856154810
1467256856184347
1467256856566935
1467256857170233
1467256857208342
1467256857278375
1467256857310727
1467256857386024
1467256858410299
1467256858437194
1467256858506134
1467256858539564
1467256858814741
1467256858916046
1467256859563613
1467256859649678
1467256859666050
1467256859732402
1467256859768446
1467256859960375
1467256860042498
1467256860792481
1467256860855131
1467256860894879
1467256860959792
1467256861165733
1467256861268355
1467256861304484
1467256861369457
1467256861988102
1467256862021283
1467256862084983
1467256862497023
1467256863211818
1467256863250106
1467256863314127
1467256863352484
1467256863522379
1467256863557244
1467256863722770
1467256864342091
1467256864376526
1467256864439923
1467256864478922
1467256864547466
1467256864747356
1467256864849274
1467256865566004
1467256865605362
1467256865669065
1467256865707718
1467256865977293
1467256866014984
1467256866078007
1467256866694799
1467256866731817
1467256866795303
