1467257584249047
1467257584515926
1467257584572341
1467257584617898
1467257584674676
1467257584720580
1467257584737958
1467257584925057
1467257584944682
1467257584981877
1467257585028064
1467257585046022
1467257585084338
1467257585130394
1467257585375440
1467257585456355
1467257585477778
1467257585698880
1467257585744272
1467257585846771
1467257585903541
1467257586108378
1467257586153876
1467257586210793
1467257586256276
1467257586273397
1467257586313171
1467257586501823
1467257586582815
1467257586604261
1467257586973225
1467257587029971
1467257587076560
1467257587093693
1467257587297677
1467257587337353
1467257587382770
1467257587400852
1467257587439565
1467257587485084
1467257587502768
1467257587709169
1467257587730648
1467257587833068
1467257588099979
1467257588119169
1467257588202126
1467257588221228
1467257588258853
1467257588306251
1467257588509268
1467257588528439
1467257588566042
1467257588613776
1467257588630852
1467257588668460
1467257588713888
1467257588936208
1467257588959462
1467257589038311
1467257589061857
1467257589282850
1467257589328378
1467257589348108
1467257589431142
1467257589450399
1467257589692381
1467257589737849
1467257589754874
1467257589794818
1467257589840240
1467257589857770
1467257589897236
1467257590085866
1467257590164685
1467257590188284
1467257590290627
1467257590557257
1467257590574187
1467257590659482
1467257590881236
1467257590921255
1467257590966419
1467257590986062
1467257591023580
1467257591070440
1467257591086079
1467257591314697
1467257591393211
1467257591417087
1467257591519485
1467257591683514
1467257591700426
1467257591740437
1467257591785846
1467257591802860
1467257591842828
1467257591888274
1467257591905254
1467257592093053
1467257592110014
1467257592150110
1467257592195500
1467257592212455
1467257592252519
1467257592297904
1467257592314858
1467257592543441
1467257592645846
1467257592912235
1467257592935752
1467257593014874
1467257593034446
1467257593071700
1467257593117081
1467257593276492
1467257593322718
1467257593338852
1467257593378939
1467257593424217
1467257593441173
1467257593481297
1467257593751272
1467257593772316
1467257593853565
1467257593874631
1467257594095739
1467257594141297
1467257594248663
1467257594260383
1467257594505381
1467257594551829
1467257594569972
1467257594607720
1467257594653588
1467257594670026
1467257594710198
1467257594874761
1467257595001089
1467257595103505
1467257595284379
1467257595324546
1467257595369879
1467257595386815
1467257595472273
1467257595489225
1467257595677732
1467257595694026
1467257595734234
1467257595779481
1467257595796420
1467257595836625
1467257595881877
1467257595898816
1467257596103609
1467257596127505
1467257596229853
1467257596496273
1467257596513209
1467257596553326
1467257596598622
1467257596615554
1467257596701063
1467257596721000
1467257596906732
1467257596922879
1467257596963003
1467257597008270
1467257597025163
1467257597065404
1467257597110690
1467257597332422
1467257597356330
1467257597458713
1467257597679779
1467257597725064
1467257597782233
1467257597827729
1467257597844523
1467257597884632
1467257598089389
1467257598136597
1467257598151580
1467257598191832
1467257598237082
1467257598254686
1467257598294232
1467257598482732
1467257598585078
1467257598663589
1467257598687525
1467257598908598
1467257598953857
1467257598973987
1467257599011086
1467257599056254
1467257599073113
1467257599277963
1467257599318290
1467257599365775
1467257599383277
1467257599420674
1467257599465857
1467257599482775
1467257599711528
1467257599813922
1467257599892375
1467257600080211
1467257600100133
1467257600137507
1467257600182938
1467257600199569
1467257600285066
1467257600301962
1467257600489803
1467257600506716
1467257600547041
1467257600592399
1467257600609325
1467257600694692
1467257600711542
1467257600940312
1467257601018778
1467257601042739
1467257601309067
1467257601325962
1467257601411572
1467257601428357
1467257601468755
1467257601673505
1467257601718821
1467257601735756
1467257601775941
1467257601821174
1467257601837940
1467257601878363
1467257602066720
1467257602145171
1467257602169174
1467257602271548
1467257602492723
1467257602539262
1467257602554693
1467257602595189
1467257602640891
1467257602657155
1467257602697508
1467257602861951
1467257602902315
1467257602947417
1467257602964340
1467257603004731
1467257603051714
1467257603066729
1467257603295509
1467257603397969
1467257603664255
1467257603681127
1467257603783527
1467257603869316
1467257603885875
1467257604073811
1467257604091675
1467257604131108
1467257604176259
1467257604193129
1467257604233583
1467257604281139
1467257604295552
1467257604500315
1467257604524302
1467257604626701
1467257604893051
1467257604909946
1467257604995983
1467257605012333
1467257605052798
1467257605257551
1467257605302651
1467257605319525
1467257605360010
1467257605405049
1467257605421901
1467257605462433
1467257605650745
1467257605753173
1467257605855572
1467257606077029
1467257606124651
1467257606138633
1467257606224196
1467257606242104
1467257606281773
1467257606445864
1467257606486462
1467257606531586
1467257606548301
1467257606588857
1467257606641058
1467257606650660
1467257606879587
1467257606981964
1467257607084382
1467257607248276
1467257607265113
1467257607305644
1467257607352421
1467257607367481
1467257607453252
1467257607469905
1467257607657941
1467257607674663
1467257607715295
1467257607760382
1467257607779362
1467257607817711
1467257607862817
1467257607880945
1467257608084277
1467257608108361
1467257608210754
1467257608477528
1467257608494005
1467257608581605
1467257608596297
1467257608636858
1467257608681854
1467257608841649
1467257608886665
1467257608903463
1467257608944137
1467257608991567
1467257609006075
1467257609046541
1467257609337193
1467257609415707
1467257609439568
1467257609660884
1467257609706110
1467257609722622
1467257609808722
1467257609825020
1467257609865702
1467257610070524
1467257610117822
1467257610132273
1467257610172848
1467257610217840
1467257610234653
1467257610275299
1467257610463592
1467257610566002
1467257610668404
1467257610852564
1467257610936168
1467257610951774
1467257611037047
1467257611056904
1467257611261387
1467257611299323
1467257611345028
1467257611361109
1467257611401732
1467257611446651
1467257611463608
1467257611668236
1467257611692362
1467257611794785
1467257612061020
1467257612077841
1467257612118527
1467257612163440
1467257612180236
1467257612266084
1467257612282835
1467257612470653
1467257612487443
1467257612573060
1467257612589795
1467257612630572
1467257612675446
1467257612693484
1467257612921205
1467257612999429
1467257613023568
1467257613289796
1467257613306589
1467257613347370
1467257613392241
1467257613409028
1467257613449801
1467257613494622
1467257613654571
1467257613699404
1467257613719478
1467257613756951
1467257613804148
1467257613818648
1467257613859431
1467257614125755
1467257614150030
1467257614228181
1467257614252424
1467257614473781
1467257614524715
1467257614535591
1467257614625702
1467257614678678
1467257614883450
1467257614931197
1467257614945171
1467257614985865
1467257615041021
1467257615047510
1467257615088259
1467257615252197
1467257615276431
1467257615378830
1467257615481180
1467257615661801
1467257615702679
1467257615749007
1467257615851142
1467257616055275
1467257616071400
1467257616112240
1467257616157728
1467257616173743
1467257616214638
1467257616259450
1467257616276198
1467257616505447
1467257616607882
1467257616873796
1467257616891774
1467257616931449
1467257616988441
1467257616993005
1467257617033862
1467257617078692
1467257617238636
1467257617283550
1467257617300215
1467257617341031
1467257617385921
1467257617402820
1467257617443475
1467257617709753
1467257617733995
1467257617836455
1467257618102646
1467257618119397
1467257618205071
1467257618221774
1467257618467510
1467257618512754
1467257618528986
1467257618569907
1467257618614633
1467257618631361
1467257618672322
1467257618860421
1467257618962849
1467257619044109
1467257619245677
1467257619286734
1467257619331444
1467257619348359
1467257619433857
1467257619450566
1467257619640687
1467257619655361
1467257619696341
1467257619741016
1467257619757696
1467257619798755
1467257619860181
1467257620068750
1467257620089246
1467257620191615
1467257620458253
1467257620474481
1467257620560185
1467257620576918
1467257620617997
1467257620662659
1467257620679368
1467257620867407
1467257620884154
1467257620925196
1467257620969838
1467257620989872
1467257621027611
1467257621072705
1467257621318071
1467257621420437
1467257621642008
1467257621687151
1467257621703338
1467257621792292
1467257621805746
1467257621846822
1467257622051591
1467257622096233
1467257622112943
1467257622154031
1467257622198629
1467257622218924
1467257622256434
1467257622444488
1467257622546851
1467257622649279
1467257622870779
1467257622915445
1467257622941564
1467257623017842
1467257623034528
1467257623239279
1467257623280363
1467257623324978
1467257623345143
1467257623382802
1467257623427421
1467257623444111
1467257623673316
1467257623751326
1467257623775678
1467257624041789
1467257624058466
1467257624144371
1467257624160916
1467257624246632
1467257624263316
1467257624451377
1467257624468113
1467257624509238
1467257624553823
1467257624570508
1467257624611636
1467257624656237
1467257624673105
1467257624902094
1467257624987237
1467257625004486
1467257625270881
1467257625287442
1467257625390196
1467257625475393
1467257625635629
1467257625680834
1467257625738074
1467257625782634
1467257625799315
1467257625840432
1467257626028476
1467257626130907
1467257626208905
1467257626454906
1467257626499399
1467257626516109
1467257626627817
1467257626659720
1467257626823249
1467257626864509
1467257626909000
1467257626925660
1467257626966950
1467257627011455
1467257627028109
1467257627257257
1467257627359701
1467257627625768
1467257627642437
1467257627728299
1467257627744879
1467257627830681
1467257627847280
1467257628035697
1467257628052068
1467257628093330
1467257628137823
1467257628154465
1467257628195761
1467257628242450
1467257628256978
1467257628462218
1467257628486111
1467257628564234
1467257628588511
1467257628810107
1467257628854588
1467257628871255
1467257628912512
1467257628956984
1467257628973692
1467257629014944
1467257629059371
1467257629219721
1467257629264483
1467257629284549
1467257629322074
1467257629367278
1467257629383262
1467257629424509
1467257629612499
1467257629714950
1467257629817331
1467257630083428
1467257630100133
1467257630141338
1467257630186071
1467257630202468
1467257630243776
1467257630448574
1467257630493317
1467257630510407
1467257630550968
1467257630595428
1467257630612823
1467257630653353
1467257630841266
1467257630943720
1467257631021631
1467257631226529
1467257631312463
1467257631328843
1467257631370200
1467257631414614
1467257631431235
1467257631620010
1467257631636239
1467257631677407
1467257631721824
1467257631738427
1467257631779828
1467257631824191
1467257631840765
1467257632070134
1467257632172509
1467257632439027
1467257632455360
1467257632496587
1467257632540954
1467257632557574
1467257632599054
1467257632643485
1467257632660034
1467257632864889
1467257632906182
1467257632950614
1467257632968178
1467257633008614
1467257633053032
1467257633298963
1467257633401344
1467257633667423
1467257633684010
1467257633725472
1467257633769822
1467257633786713
1467257633827888
1467257634032641
1467257634076995
1467257634093589
1467257634135119
1467257634179374
1467257634196027
1467257634237493
1467257634425365
1467257634503196
1467257634528258
1467257634605614
1467257634630157
1467257634896324
1467257634912797
1467257634954325
1467257634998609
1467257635015553
1467257635056695
1467257635219991
1467257635261535
1467257635305839
1467257635322824
1467257635363929
1467257635408219
1467257635424765
1467257635466205
1467257635629648
1467257635654160
1467257635756510
1467257635858971
1467257636022879
1467257636039140
1467257636080698
1467257636126671
1467257636141540
1467257636183096
1467257636227416
1467257636244162
1467257636433013
1467257636448884
1467257636490247
1467257636534616
1467257636551179
1467257636592706
1467257636637010
1467257636653574
1467257636882912
1467257636985366
1467257637063179
1467257637251557
1467257637267985
1467257637309537
1467257637354089
1467257637456187
1467257637661013
1467257637679781
1467257637719149
1467257637763418
1467257637781073
1467257637821575
1467257637865829
1467257638089360
1467257638111796
1467257638189573
1467257638214176
1467257638435922
1467257638480233
1467257638496703
1467257638538363
1467257638583128
1467257638603082
1467257638640735
1467257638845574
1467257638889759
1467257638906398
1467257638947956
1467257638992775
1467257639008735
1467257639050388
1467257639238179
1467257639340516
1467257639442989
1467257639664825
1467257639709118
1467257639725559
1467257639811442
1467257639827963
1467257640032929
1467257640074408
1467257640118613
1467257640135137
1467257640176826
1467257640221011
1467257640237557
1467257640466990
1467257640569383
1467257640671784
1467257640835421
1467257640851941
1467257640937743
1467257640955233
1467257640996053
1467257641051112
1467257641245009
1467257641261612
1467257641303285
1467257641363929
1467257641405660
1467257641451775
1467257641466325
1467257641671220
1467257641695801
1467257641798173
1467257641875867
1467257642064202
1467257642080735
1467257642166635
1467257642183132
1467257642224797
1467257642269061
1467257642429589
1467257642474258
1467257642490281
1467257642532037
1467257642577571
1467257642592719
1467257642634452
1467257642822157
1467257642924627
1467257643027020
1467257643248868
1467257643293016
1467257643309486
1467257643395409
1467257643411909
1467257643658471
1467257643702762
1467257643719118
1467257643760884
1467257643805008
1467257643821513
1467257643863282
1467257644051011
1467257644128712
1467257644153432
1467257644231096
1467257644255797
1467257644420452
1467257644435876
1467257644477702
1467257644521802
1467257644538306
1467257644580118
1467257644624159
1467257644640657
1467257644828981
1467257644845491
1467257644887306
1467257644931420
1467257644947822
1467257644989745
1467257645033806
1467257645050283
1467257645279853
1467257645382177
1467257645650678
1467257645664680
1467257645706548
1467257645750611
1467257645769850
1467257645808956
1467257645853016
1467257646057780
1467257646074254
1467257646116160
1467257646160407
1467257646176678
1467257646218553
1467257646263950
1467257646483823
1467257646508613
1467257646610986
1467257646878117
1467257646894260
1467257646979388
1467257646995867
1467257647242575
1467257647286597
1467257647303051
1467257647345001
1467257647388992
1467257647405472
1467257647447389
1467257647634999
1467257647712797
1467257647737427
1467257647839783
1467257648105886
1467257648122280
1467257648208156
1467257648224608
1467257648266618
1467257648429419
1467257648471400
1467257648515408
1467257648531846
1467257648573703
1467257648617804
1467257648634264
1467257648863817
1467257648941414
1467257648966242
1467257649068639
1467257649232161
1467257649248638
1467257649290558
1467257649334593
1467257649351059
1467257649392994
1467257649436989
1467257649453402
1467257649642990
1467257649658654
1467257649700216
1467257649744196
1467257649760638
1467257649802631
1467257649846599
1467257649863039
1467257650067862
1467257650092658
1467257650195011
1467257650460936
1467257650477468
1467257650563442
1467257650579885
1467257650621848
1467257650665803
1467257650826602
1467257650870598
1467257650887050
1467257650929036
1467257650972966
1467257650993608
1467257651031453
1467257651321417
1467257651399033
1467257651423828
1467257651645833
1467257651689818
1467257651706185
1467257651793544
1467257651850677
1467257652055493
1467257652102805
1467257652115827
1467257652157842
1467257652211173
1467257652219155
1467257652260282
1467257652447883
1467257652525352
1467257652550264
1467257652652660
1467257652839804
1467257652921640
1467257653037737
1467257653237079
1467257653242825
1467257653284348
1467257653337497
1467257653347618
1467257653386727
1467257653430596
1467257653446994
1467257653676676
1467257653779076
1467257653857676
1467257654045076
1467257654061345
1467257654103557
1467257654147388
1467257654163803
1467257654205968
1467257654251007
1467257654266166
1467257654454573
1467257654470959
1467257654513162
1467257654556937
1467257654573433
1467257654615557
1467257654659331
1467257654675730
1467257654905480
1467257655007848
1467257655273730
1467257655290120
1467257655376678
1467257655392574
1467257655434724
1467257655639535
1467257655683389
1467257655699868
1467257655741958
1467257655785784
1467257655844366
1467257656031853
1467257656109369
1467257656134287
1467257656211781
1467257656236682
1467257656458746
1467257656502557
1467257656518972
1467257656605219
1467257656621368
1467257656663578
1467257656826138
1467257656868369
1467257656912162
1467257656928570
1467257656970787
1467257657014577
1467257657235734
1467257657260718
1467257657363105
1467257657628960
1467257657731391
1467257657747825
1467257657789958
1467257657833786
1467257657850155
1467257658038551
1467257658054904
1467257658097218
1467257658140931
1467257658157308
1467257658199617
