1467165270755531
1467165270818386
1467165270858409
1467165270920991
1467165270961023
1467165271023173
1467165271125509
1467165271165074
1467165271227948
1467165271267452
1467165271330323
1467165271369883
1467165271433013
1467165271476173
1467165271535073
1467165271574846
1467165271637486
1467165271677076
1467165271741852
1467165271779756
1467165271842333
1467165271882063
1467165271947093
1467165272047061
1467165272086983
1467165272149542
1467165272189072
1467165272251878
1467165272291470
1467165272354279
1467165272393863
1467165272456827
1467165272496275
1467165272598696
1467165272661514
1467165272701383
1467165272763927
1467165272803669
1467165272968794
1467165273008303
1467165273071139
1467165273111160
1467165273173582
1467165273275940
1467165273315437
1467165273378409
1467165273417824
1467165273480746
1467165273520233
1467165273584305
1467165273624097
1467165273685592
1467165273725078
1467165273787880
1467165273827491
1467165273930010
1467165273992757
1467165274032614
1467165274095322
1467165274134619
1467165274197472
1467165274237177
1467165274299987
1467165274339459
1467165274442217
1467165274504668
1467165274544546
1467165274607129
1467165274650144
1467165274709512
1467165274749050
1467165274812076
1467165274852881
1467165274954323
1467165275016782
1467165275056703
1467165275119423
1467165275158638
1467165275221513
1467165275261019
1467165275363430
1467165275426305
1467165275465850
1467165275528746
1467165275568283
1467165275631235
1467165275670680
1467165275733737
1467165275773015
1467165275835905
1467165275875451
1467165275938249
1467165275978492
1467165276040847
1467165276080204
1467165276143116
1467165276182658
1467165276245744
1467165276285074
1467165276348304
1467165276387563
1467165276450256
1467165276489809
1467165276552691
1467165276592265
1467165276655116
1467165276694967
1467165276757562
1467165276797365
1467165276859923
1467165276899508
1467165276962391
1467165277001879
1467165277064688
1467165277104231
1467165277167317
1467165277207155
1467165277270000
1467165277309025
1467165277371904
1467165277411419
1467165277474364
1467165277513794
1467165277616195
1467165277679120
1467165277718765
1467165277781763
1467165277883904
1467165277923450
1467165277986259
1467165278025815
1467165278128598
1467165278191151
1467165278230725
1467165278333056
1467165278395992
1467165278435391
1467165278498586
1467165278537779
1467165278600875
1467165278640242
1467165278743006
1467165278805535
1467165278845005
1467165278907870
1467165278947402
1467165279010252
1467165279049816
1467165279113059
1467165279152180
1467165279215168
1467165279254638
1467165279318526
1467165279357036
1467165279419840
1467165279459680
1467165279562496
1467165279624739
1467165279664215
1467165279727118
1467165279766637
1467165279829537
1467165279869264
1467165279931907
1467165279971787
1467165280034661
1467165280073777
1467165280136781
1467165280176222
1467165280239065
1467165280278585
1467165280381016
1467165280443867
1467165280483828
1467165280546250
1467165280585762
1467165280648657
1467165280688169
1467165280790801
1467165280853472
1467165280893517
1467165280955913
1467165280995367
1467165281097752
1467165281200494
1467165281263510
1467165281302577
1467165281365783
1467165281405014
1467165281467869
1467165281507421
1467165281570466
1467165281609803
1467165281672758
1467165281712152
1467165281815911
1467165281877513
1467165281916981
1467165281980122
1467165282019360
1467165282082265
1467165282122107
1467165282184662
1467165282224322
1467165282287371
1467165282326755
1467165282389515
1467165282428997
1467165282492052
1467165282532063
1467165282594251
1467165282633757
1467165282696810
1467165282736177
1467165282799063
1467165282838613
1467165282901513
1467165282940947
1467165283003890
1467165283043359
1467165283106573
1467165283146512
1467165283208724
1467165283248140
1467165283311109
1467165283350580
1467165283413504
1467165283453534
1467165283516048
1467165283555343
1467165283618650
1467165283658349
1467165283720720
1467165283760155
1467165283823185
1467165283862582
1467165283925724
1467165283964970
1467165284028685
1467165284067801
1467165284130280
1467165284169777
1467165284232766
1467165284272180
1467165284335114
1467165284374586
1467165284437510
1467165284477162
1467165284540308
1467165284579643
1467165284642328
1467165284681786
1467165284748465
1467165284784154
1467165284847242
1467165284886783
1467165284949575
1467165284989810
1467165285051870
1467165285091350
1467165285156551
1467165285193782
1467165285256701
1467165285296187
1467165285399139
1467165285461425
1467165285501197
1467165285563948
1467165285603304
1467165285705697
1467165285768760
1467165285808415
1467165285911274
1467165285974720
1467165286012979
1467165286075918
1467165286115447
1467165286178268
1467165286217722
1467165286280646
1467165286320287
1467165286383124
1467165286422571
1467165286485494
1467165286524938
1467165286588034
1467165286627910
1467165286690369
1467165286730497
1467165286832118
1467165286895140
1467165286934528
1467165286997491
1467165287036913
1467165287139311
1467165287202256
1467165287241689
1467165287344160
1467165287407129
1467165287446561
1467165287509581
1467165287548879
1467165287611932
1467165287651303
1467165287714617
1467165287753721
1467165287856156
1467165287919309
1467165287958512
1467165288021433
1467165288061159
1467165288123851
1467165288163616
1467165288226312
1467165288265677
1467165288329752
1467165288368096
1467165288471191
1467165288533487
1467165288572907
1467165288635920
1467165288675302
1467165288738428
1467165288777744
1467165288880089
1467165288943094
1467165288982488
1467165289085211
1467165289147871
1467165289187328
1467165289250266
1467165289289742
1467165289352732
1467165289392848
1467165289455075
1467165289494493
1467165289557599
1467165289596883
1467165289660161
1467165289699326
1467165289762517
1467165289802391
1467165289864677
1467165289904079
1467165290007052
1467165290069431
1467165290108850
1467165290171949
1467165290211527
1467165290274244
1467165290314625
1467165290416344
1467165290479121
1467165290518472
1467165290581449
1467165290620846
1467165290684168
1467165290723995
1467165290786232
1467165290826510
1467165290888657
1467165290928155
1467165290991182
1467165291030472
1467165291093461
1467165291132840
1467165291195972
1467165291235275
1467165291298311
1467165291337636
1467165291400635
1467165291440065
1467165291503132
1467165291542514
1467165291605994
1467165291644845
1467165291747397
1467165291810346
1467165291849702
1467165291912808
1467165291952069
1467165292015722
1467165292055318
1467165292117461
1467165292157346
1467165292220593
1467165292260169
1467165292322288
1467165292361670
1467165292464057
1467165292526675
1467165292566450
1467165292629014
1467165292669165
1467165292731432
1467165292771248
1467165292833752
1467165292873693
1467165292976434
1467165293038675
1467165293078451
1467165293141045
1467165293180897
1467165293243412
1467165293283221
1467165293345795
1467165293386085
1467165293448192
1467165293488075
1467165293550533
1467165293591348
1467165293692840
1467165293755629
1467165293795233
1467165293858467
1467165293899184
1467165293961280
1467165294000088
1467165294063058
1467165294102499
1467165294165422
1467165294204858
1467165294307260
1467165294370335
1467165294409642
1467165294472750
1467165294512021
1467165294575089
1467165294614433
1467165294678346
1467165294717090
1467165294779816
1467165294819330
1467165294882781
1467165294921639
1467165294984884
1467165295024085
1467165295126429
1467165295228817
1467165295291855
1467165295331223
1467165295394852
1467165295433663
1467165295496650
1467165295536039
1467165295638616
1467165295701985
1467165295743370
1467165295803893
1467165295843202
1467165295906251
1467165295945664
1467165296008683
1467165296048012
1467165296111133
1467165296150620
1467165296214652
1467165296252790
1467165296315860
1467165296355241
1467165296418309
1467165296457607
1467165296520716
1467165296560231
1467165296623943
1467165296662492
1467165296725993
1467165296765519
1467165296827835
1467165296867195
1467165296969765
1467165297032677
1467165297072614
1467165297174599
1467165297237476
1467165297276789
1467165297339811
1467165297379245
1467165297481593
1467165297545616
1467165297584057
1467165297686453
1467165297751359
1467165297788808
1467165297851848
1467165297891201
1467165297954303
1467165297994280
1467165298056668
1467165298159028
1467165298198370
1467165298261539
1467165298300780
1467165298363836
1467165298403204
1467165298466245
1467165298505745
1467165298568744
1467165298607978
1467165298671180
1467165298710392
1467165298812761
1467165298876548
1467165298978264
1467165299080636
1467165299119970
1467165299183037
1467165299223510
1467165299286076
1467165299325576
1467165299387838
1467165299427795
1467165299490517
1467165299529560
1467165299592642
1467165299631989
1467165299695244
1467165299736241
1467165299797536
1467165299837239
1467165299900101
1467165299939166
1467165300041577
1467165300104659
1467165300143976
1467165300207111
1467165300248320
1467165300349068
1467165300411881
1467165300451234
1467165300514306
1467165300553650
1467165300616652
1467165300656016
1467165300719034
1467165300758583
1467165300821471
1467165300860741
1467165300963146
1467165301026498
1467165301066243
1467165301129189
1467165301168473
1467165301231140
1467165301270414
1467165301333555
1467165301372806
1467165301435931
1467165301476229
1467165301538385
1467165301577602
1467165301641317
1467165301680179
1467165301743120
1467165301782511
1467165301845704
1467165301884828
1467165301947860
1467165301987205
1467165302050599
1467165302089556
1467165302152647
1467165302191998
1467165302255080
1467165302294394
1467165302397928
1467165302460627
1467165302499442
1467165302562438
1467165302602213
1467165302664707
1467165302703997
1467165302767043
1467165302806351
1467165302869467
1467165302908963
1467165302971819
1467165303011671
1467165303074391
1467165303113580
1467165303176619
1467165303216548
1467165303279464
1467165303318448
1467165303381503
1467165303422139
1467165303483944
1467165303523201
1467165303586254
1467165303628940
1467165303688629
1467165303727936
1467165303791018
1467165303830302
1467165303893426
1467165303933952
1467165304035186
1467165304098347
1467165304137536
1467165304200640
1467165304239956
1467165304303109
1467165304342462
1467165304405591
1467165304444724
1467165304547096
1467165304610287
1467165304650248
1467165304712734
1467165304752931
1467165304816215
1467165304854569
1467165304918506
1467165304956735
1467165305019814
1467165305059624
1467165305122413
1467165305162302
1467165305225257
1467165305263925
1467165305366368
1467165305429536
1467165305468713
1467165305531903
1467165305571727
1467165305634780
1467165305673601
1467165305739241
1467165305775914
1467165305839019
1467165305878355
1467165305941492
1467165305980698
1467165306043994
1467165306083770
1467165306146614
1467165306185506
1467165306248661
1467165306287927
1467165306351351
1467165306390350
1467165306453496
1467165306493368
1467165306556097
1467165306596139
1467165306658568
1467165306697488
1467165306760626
1467165306799883
1467165306863033
1467165306902436
1467165306965428
1467165307004907
1467165307067896
1467165307107328
1467165307170327
1467165307209496
1467165307272648
1467165307312995
1467165307375535
1467165307414554
1467165307477418
1467165307517757
1467165307579812
1467165307619082
1467165307721550
1467165307784687
1467165307823882
1467165307887055
1467165307926737
1467165307989559
1467165308028686
1467165308091837
1467165308131329
1467165308194250
1467165308233492
1467165308296869
1467165308336563
1467165308399074
1467165308438683
1467165308501507
1467165308540674
1467165308603818
1467165308643413
1467165308745847
1467165308809145
1467165308848248
1467165308911086
1467165308950327
1467165309013495
1467165309052663
1467165309115917
1467165309155541
1467165309218269
1467165309257648
1467165309320878
1467165309361363
1467165309423093
1467165309462356
1467165309525667
1467165309564693
1467165309627900
1467165309667512
1467165309731499
1467165309770992
1467165309832656
1467165309871897
1467165309935052
1467165309974294
1467165310037443
1467165310078929
1467165310180181
1467165310244678
1467165310281449
1467165310383913
1467165310447310
1467165310486694
1467165310549466
1467165310589157
1467165310652588
1467165310691321
1467165310756738
1467165310793436
1467165310856935
1467165310895874
1467165310959415
1467165310998281
1467165311061522
1467165311101929
1467165311164766
1467165311203065
1467165311266550
1467165311305426
1467165311368770
1467165311407889
1467165311471666
1467165311519955
1467165311573406
1467165311612713
1467165311676081
1467165311715049
1467165311778255
1467165311819088
1467165311880744
1467165311919816
1467165312022876
1467165312085559
1467165312124631
1467165312188110
1467165312227102
1467165312290627
1467165312329422
1467165312392962
1467165312433274
1467165312495212
1467165312534286
1467165312597748
1467165312636651
1467165312742476
1467165312802332
1467165312841452
1467165312905234
1467165312944846
1467165313006997
1467165313046409
1467165313109833
1467165313149074
1467165313211860
1467165313251029
1467165313314247
1467165313353491
1467165313416663
1467165313457709
1467165313519122
1467165313558269
1467165313621405
1467165313661192
1467165313724289
1467165313763394
1467165313865494
1467165313928751
1467165313967874
1467165314031061
1467165314071498
1467165314133815
1467165314173309
1467165314235816
1467165314275682
1467165314338215
1467165314441943
1467165314479822
1467165314543086
1467165314583723
1467165314645891
1467165314751705
1467165314787016
1467165314850572
1467165314889894
1467165314991917
1467165315055815
1467165315095933
1467165315197547
1467165315260378
1467165315299022
1467165315401819
1467165315465023
1467165315503995
1467165315567679
1467165315606276
1467165315708857
1467165315773152
1467165315811217
1467165315875095
1467165315913493
1467165315977194
1467165316016399
1467165316079219
1467165316118192
1467165316181786
1467165316220646
1467165316284551
1467165316323942
1467165316386190
1467165316427836
1467165316489092
1467165316528464
1467165316591562
1467165316693416
1467165316733051
1467165316796104
1467165316835125
1467165316898350
1467165316938294
1467165317000616
1467165317039836
1467165317103273
1467165317142195
1467165317245450
1467165317308162
1467165317347118
1467165317410543
1467165317450625
1467165317514958
1467165317551761
1467165317654837
1467165317718150
1467165317757347
1467165317820266
1467165317860369
1467165317922285
1467165317961372
1467165318025925
1467165318071464
1467165318127275
1467165318166358
1467165318229497
1467165318268978
1467165318332559
1467165318370975
1467165318434247
1467165318473600
1467165318536839
1467165318575940
1467165318639412
1467165318679358
1467165318751966
1467165318780959
1467165318844106
1467165318883054
1467165318948345
1467165318985629
1467165319048637
1467165319088152
1467165319151008
1467165319191633
1467165319254231
1467165319292624
1467165319356483
1467165319394965
1467165319458180
1467165319498479
1467165319560609
1467165319600287
1467165319663142
1467165319702208
1467165319765457
1467165319804605
1467165319868307
1467165319907777
1467165319970206
1467165320009361
1467165320073128
1467165320111761
1467165320175371
1467165320214208
1467165320277417
1467165320316553
1467165320379891
1467165320419331
1467165320522576
1467165320623751
1467165320687474
1467165320726161
1467165320789973
1467165320829041
1467165320891896
1467165320931870
1467165320994226
1467165321034183
1467165321135750
1467165321199372
1467165321238538
1467165321301663
1467165321340858
1467165321404450
1467165321443776
1467165321545423
1467165321608773
1467165321647752
1467165321711280
1467165321750136
1467165321853947
1467165321916145
1467165321954942
1467165322018195
1467165322057324
1467165322120889
1467165322160050
1467165322223998
1467165322262132
1467165322325888
1467165322366180
1467165322427858
1467165322466980
1467165322530331
1467165322569396
1467165322633217
1467165322672131
1467165322737675
1467165322774568
1467165322837560
1467165322876520
1467165322940271
1467165322978981
1467165323081759
1467165323144594
1467165323184363
1467165323248342
1467165323286814
1467165323350072
1467165323388543
1467165323451862
1467165323492199
1467165323594325
1467165323656611
1467165323696813
1467165323759029
1467165323798167
1467165323900524
1467165323964425
1467165324003480
1467165324066182
1467165324106417
1467165324168696
1467165324207866
1467165324310169
1467165324373557
1467165324413148
1467165324476863
1467165324515301
1467165324581696
1467165324617687
1467165324680922
1467165324719716
1467165324783644
1467165324822896
1467165324885886
1467165324924911
1467165324990357
1467165325028509
1467165325091390
1467165325129323
1467165325192983
1467165325231704
1467165325295069
1467165325335059
1467165325437497
1467165325500188
1467165325538955
1467165325641279
1467165325704659
1467165325745364
1467165325809720
1467165325846583
1467165325909859
1467165325949811
1467165326012432
1467165326114179
1467165326153280
1467165326216758
