1467080160729403
1467080160831810
1467080160934192
1467080161036589
1467080161139006
1467080161241430
1467080161343819
1467080161446158
1467080161548580
1467080161650979
1467080161753372
1467080161855821
1467080161958180
1467080162060634
1467080162163034
1467080162265408
1467080162367796
1467080162572615
1467080162675013
1467080162777437
1467080162879840
1467080162982190
1467080163084633
1467080163186976
1467080163289444
1467080163391835
1467080163494223
1467080163596615
1467080163699024
1467080163801425
1467080163903823
1467080164006214
1467080164108659
1467080164211039
1467080164313441
1467080164415839
1467080164518229
1467080164723051
1467080164825453
1467080164927821
1467080165030242
1467080165235046
1467080165337442
1467080165439857
1467080165542269
1467080165644658
1467080165747048
1467080165849457
1467080166054211
1467080166156660
1467080166259053
1467080166361410
1467080166463789
1467080166566253
1467080166668646
1467080166771071
1467080166873469
1467080166975830
1467080167078254
1467080167180662
1467080167283042
1467080167385439
1467080167487790
1467080167590258
1467080167692662
1467080167795061
1467080167897455
1467080167999823
1467080168102277
1467080168204673
1467080168307063
1467080168409444
1467080168511883
1467080168614281
1467080168716676
1467080168819083
1467080168921492
1467080169023886
1467080169126276
1467080169228696
1467080169331060
1467080169433474
1467080169535819
1467080169638223
1467080169740686
1467080169843089
1467080169945490
1467080170047883
1467080170150264
1467080170252706
1467080170355048
1467080170457481
1467080170560022
1467080170662299
1467080170764699
1467080170867098
1467080170969488
1467080171071897
1467080171174315
1467080171276704
1467080171379099
1467080171481488
1467080171583855
1467080171688307
1467080171788673
1467080171891088
1467080171993504
1467080172095902
1467080172198307
1467080172300696
1467080172403116
1467080172505460
1467080172607908
1467080172710317
1467080172812698
1467080172915130
1467080173017434
1467080173119901
1467080173222324
1467080173324724
1467080173427114
1467080173529468
1467080173631909
1467080173734308
1467080173836726
1467080173939117
1467080174042017
1467080174143868
1467080174246329
1467080174348723
1467080174451115
1467080174553474
1467080174655905
1467080174758318
1467080174860718
1467080174982863
1467080175065531
1467080175167925
1467080175270233
1467080175372655
1467080175475128
1467080175577504
1467080175679900
1467080175782310
1467080175884725
1467080175987119
1467080176089455
1467080176191928
1467080176294325
1467080176396745
1467080176499156
1467080176601551
1467080176703935
1467080176806344
1467080176908740
1467080177011134
1467080177113541
1467080177215952
1467080177318339
1467080177420725
1467080177523151
1467080177625560
1467080177727939
1467080177830339
1467080177932743
1467080178035132
1467080178137495
1467080178239949
1467080178342349
1467080178444732
1467080178547123
1467080178649512
1467080178751948
1467080178854345
1467080178956773
1467080179059094
1467080179161493
1467080179263932
1467080179366321
1467080179468752
1467080179571103
1467080179673529
1467080179878368
1467080179980779
1467080180083104
1467080180185519
1467080180287977
1467080180390365
1467080180492795
1467080180595122
1467080180697574
1467080180799968
1467080180902364
1467080181004761
1467080181311966
1467080181414365
1467080181516783
1467080181619141
1467080181721573
1467080181823965
1467080181926373
1467080182028782
1467080182131136
1467080182233548
1467080182335942
1467080182438313
1467080182540756
1467080182643154
1467080182745573
1467080182847987
1467080182950394
1467080183052937
1467080183155143
1467080183257597
1467080183359911
1467080183462433
1467080183564758
1467080183667154
1467080183769571
1467080183871959
1467080183974418
1467080184076754
1467080184179114
1467080184281573
1467080184383965
1467080184486382
1467080184588798
1467080184691171
1467080184793596
1467080184895997
1467080184998394
1467080185100758
1467080185203194
1467080185305594
1467080185407989
1467080185510387
1467080185612749
1467080185715188
1467080185920014
1467080186022406
1467080186124741
1467080186227176
1467080186329589
1467080186432016
1467080186534407
1467080186636784
1467080186739199
1467080186841619
1467080186968744
1467080187046404
1467080187148761
1467080187251231
1467080187353570
1467080187456012
1467080187558405
1467080187660784
1467080187763229
1467080187865621
1467080187968016
1467080188070424
1467080188172788
1467080188275195
1467080188377575
1467080188480032
1467080188582424
1467080188684820
1467080188787231
1467080188889618
1467080188992031
1467080189094430
1467080189196769
1467080189299226
1467080189401642
1467080189504022
1467080189606428
1467080189708820
1467080189811218
1467080189913612
1467080190016009
1467080190118408
1467080190220825
1467080190323237
1467080190425596
1467080190528021
1467080190630436
1467080190732828
1467080190835238
1467080190937633
1467080191040046
1467080191142453
1467080191244788
1467080191347220
1467080191449618
1467080191552036
1467080191654372
1467080191756820
1467080191859155
1467080191961652
1467080192064055
1467080192166408
1467080192268834
1467080192473597
1467080192576051
1467080192678445
1467080192780833
1467080192883252
1467080192985655
1467080193088048
1467080193190421
1467080193292849
1467080193395288
1467080193497671
1467080193600052
1467080193702436
1467080193804841
1467080193907246
1467080194009640
1467080194112031
1467080194214447
1467080194316841
1467080194419242
1467080194521652
1467080194624075
1467080194726430
1467080194828865
1467080194931279
1467080195033680
1467080195136085
1467080195238409
1467080195340864
1467080195443276
1467080195545654
1467080195648073
1467080195750447
1467080195852862
1467080195955261
1467080196057657
1467080196160072
1467080196364860
1467080196467260
1467080196569670
1467080196672051
1467080196774483
1467080196876890
1467080196979284
1467080197081675
1467080197184096
1467080197286491
1467080197388884
1467080197491274
1467080197593706
1467080197696098
1467080197798493
1467080197900890
1467080198003225
1467080198105702
1467080198208034
1467080198310486
1467080198412866
1467080198515278
1467080198617679
1467080198720038
1467080198822494
1467080198924906
1467080199027282
1467080199129704
1467080199334460
1467080199436915
1467080199539309
1467080199641700
1467080199744021
1467080199846495
1467080199948898
1467080200051309
1467080200153703
1467080200256050
1467080200358470
1467080200460942
1467080200563281
1467080200665677
1467080200768094
1467080200870483
1467080200972888
1467080201075307
1467080201177698
1467080201280091
1467080201382487
1467080201484886
1467080201587300
1467080201689699
1467080201792062
1467080201894514
1467080201996934
1467080202099335
1467080202201725
1467080202304055
1467080202406520
1467080202508939
1467080202611329
1467080202713722
1467080202816113
1467080202918540
1467080203020940
1467080203123332
1467080203225730
1467080203328148
1467080203430488
1467080203532931
1467080203635351
1467080203737749
1467080203840089
1467080203942480
1467080204044942
1467080204147343
1467080204249747
1467080204352087
1467080204454530
1467080204556922
1467080204761692
1467080204864093
1467080204966484
1467080205068970
1467080205171346
1467080205273685
1467080205376090
1467080205478553
1467080205580952
1467080205683349
1467080205785720
1467080205888140
1467080206092994
1467080206297721
1467080206400170
1467080206502558
1467080206604951
1467080206707347
1467080206809730
1467080206912167
1467080207014552
1467080207116964
1467080207424164
1467080207526554
1467080207628954
1467080207731378
1467080207833708
1467080207936170
1467080208038556
1467080208140972
1467080208243371
1467080208448137
1467080208652981
1467080208755368
1467080208857765
1467080208960184
1467080209062581
1467080209164972
1467080209267368
1467080209369785
1467080209574584
1467080209676975
1467080209779390
1467080209881786
1467080209984180
1467080210086581
1467080210188975
1467080210393763
1467080210496159
1467080210598579
1467080210700994
1467080210803322
1467080211008191
1467080211110588
1467080211213007
1467080211315321
1467080211417788
1467080211520190
1467080211622597
1467080211724962
1467080211827350
1467080211929805
1467080212032189
1467080212134658
1467080212339320
1467080212441750
1467080212646599
1467080212749011
1467080212851335
1467080213056205
1467080213158604
1467080213261005
1467080213363371
1467080213465758
1467080213568184
1467080213670598
1467080213773015
1467080213977810
1467080214080218
1467080214182621
1467080214285026
1467080214387407
1467080214592207
1467080214694610
1467080214797018
1467080214899415
1467080215001815
1467080215104230
1467080215309023
1467080215411396
1467080215513814
1467080215616212
1467080215718635
1467080215821032
1467080215923429
1467080216025830
1467080216128237
1467080216230631
1467080216333014
1467080216435442
1467080216537831
1467080216640230
1467080216742626
1467080216845039
1467080216947431
1467080217049835
1467080217152230
1467080217254653
1467080217356971
1467080217459436
1467080217561832
1467080217664246
1467080217766649
1467080217868979
1467080217971431
1467080218073828
1467080218176245
1467080218278643
1467080218483412
1467080218585829
1467080218688225
1467080218790657
1467080218892993
1467080218995441
1467080219097837
1467080219200223
1467080219302636
1467080219405001
1467080219609829
1467080219814636
1467080220019432
1467080220121827
1467080220224374
1467080220429053
1467080220531457
1467080220633849
1467080220736248
1467080220941072
1467080221148246
1467080221248243
1467080221350597
1467080221453052
1467080221555432
1467080221657850
1467080221760241
1467080221862644
1467080221965055
1467080222067449
1467080222169849
1467080222272242
1467080222374638
1467080222477054
1467080222579479
1467080222681868
1467080222784250
1467080222886640
1467080222989077
1467080223091428
1467080223193870
1467080223296290
1467080223398680
1467080223501079
1467080223603415
1467080223705873
1467080223808294
1467080223910605
1467080224013070
1467080224115477
1467080224320295
1467080224422625
1467080224525080
1467080224627496
1467080224729893
1467080224934648
1467080225037036
1467080225241892
1467080225446609
1467080225651440
1467080225856259
1467080225958649
1467080226061102
1467080226163489
1467080226265902
1467080226368236
1467080226470665
1467080226573103
1467080226675509
1467080226777870
1467080226982694
1467080227085104
1467080227187497
1467080227392297
1467080227494682
1467080227597080
1467080227699497
1467080227801900
1467080227904295
1467080228006708
1467080228109103
1467080228211518
1467080228313912
1467080228416296
1467080228518651
1467080228621107
1467080228723495
1467080228825893
1467080228928288
1467080229030687
1467080229133124
1467080229235519
1467080229337928
1467080229440338
1467080229542705
1467080229645143
1467080229747518
1467080229849936
1467080229952329
1467080230157122
1467080230259549
1467080230361927
1467080230771548
1467080230976250
1467080231078722
1467080231181147
1467080231283529
1467080231385913
1467080231488340
1467080231795547
1467080231897931
1467080232000269
1467080232205163
1467080232307539
1467080232409936
1467080232512343
1467080232614735
1467080232717151
1467080232819518
1467080232921912
1467080233024301
1467080233126752
1467080233229169
1467080233331550
1467080233433975
1467080233538832
1467080233638735
1467080233741123
1467080233843560
1467080233945958
1467080234048351
1467080234150758
1467080234457952
1467080234562951
1467080234662749
1467080234867560
1467080235072369
1467080235277175
1467080235379565
1467080235481956
1467080235686789
1467080235789107
1467080235891564
1467080235993976
1467080236096371
1467080236710783
1467080237017913
1467080237120328
1467080237222786
1467080237325184
1467080237427593
1467080237529979
1467080237632402
1467080237837184
1467080237939562
1467080238041979
1467080238144379
1467080238246768
1467080238349159
1467080238451576
1467080238553932
1467080238656413
1467080238758789
1467080238861191
1467080238963607
1467080239065971
1467080239270796
1467080239680390
1467080239782713
1467080239987597
1467080240089948
1467080240192377
1467080240294829
1467080240397212
1467080240499610
1467080240601999
1467080240704355
1467080240806777
1467080240909203
1467080241011612
1467080241216420
1467080241318805
1467080241421200
1467080241830809
1467080241933212
1467080242035617
1467080242138024
1467080242547615
1467080242957234
1467080243059584
1467080243162032
1467080243366841
1467080243469205
1467080243674024
1467080243776435
1467080243878834
1467080243981227
1467080244083640
1467080244186040
1467080244288434
1467080244390829
1467080244698036
1467080244800437
1467080244902839
1467080245005228
1467080245107580
1467080245210023
1467080245414811
1467080245517206
1467080245619605
1467080245721986
1467080245824416
1467080245926849
1467080246029244
1467080246131641
1467080246234019
1467080246336431
1467080246746035
1467080246848451
1467080246950849
1467080247053245
1467080247155643
1467080247258066
1467080247565253
1467080247667665
1467080247770066
1467080247974851
1467080248179712
1467080248282061
1467080248384446
1467080248486830
1467080248589248
1467080248998875
1467080249101292
1467080249203665
1467080249306069
1467080249613195
1467080249715648
1467080249920483
1467080250022878
1467080250125260
1467080250227673
1467080250534876
1467080250637241
1467080250739683
1467080250842083
1467080250944492
1467080251149286
1467080251251677
1467080251354044
1467080251456465
1467080251558863
1467080251763682
1467080251866082
1467080251968481
1467080252070860
1467080252275674
1467080252378091
1467080252480469
1467080252582886
1467080252685295
1467080252787691
1467080252890110
1467080253197281
1467080253299708
1467080253402090
1467080253504505
1467080253606899
1467080253709276
1467080253811709
1467080253914110
1467080254118897
1467080254221276
1467080254426079
1467080254630898
1467080254733288
1467080254835654
1467080254938104
1467080255040504
1467080255142923
1467080255245294
1467080255347706
1467080255450108
1467080255552520
1467080255757311
1467080255859709
1467080255962109
1467080256166845
1467080256269237
1467080256371647
1467080256678861
1467080256781335
1467080256883730
1467080256986131
1467080257088523
1467080257190924
1467080257293324
1467080257395707
1467080257600527
1467080257704685
1467080257805340
1467080257907678
1467080258010132
1467080258112549
1467080258214926
1467080258317310
1467080258419709
1467080258522149
1467080258624546
1467080258726896
1467080258931711
1467080259034137
1467080259136554
1467080259238897
1467080259341326
1467080259443725
1467080259546164
1467080259750927
1467080259853596
1467080259955763
1467080260058154
1467080260160553
1467080260262939
1467080260365355
1467080260467737
1467080260672542
1467080260774956
1467080260979759
1467080261082149
1467080261184564
1467080261389356
1467080261491701
1467080261594169
1467080262003723
1467080262106151
1467080262208565
1467080262413363
1467080262618174
1467080262720500
1467080262822917
1467080262925306
1467080263027776
1467080263232499
1467080263437375
1467080263539772
1467080263642170
1467080263846887
1467080263949328
1467080264051774
1467080264154162
1467080264256641
1467080264358956
1467080264973361
1467080265075752
1467080265587774
1467080265690194
1467080266202170
1467080266304521
1467080266406931
1467080266509377
1467080266714181
1467080266816596
1467080267021350
1467080267226174
1467080267328582
1467080267430980
1467080267533375
1467080267635773
1467080267738175
1467080267840551
1467080267942977
1467080268045394
1467080268147754
1467080268250189
1467080268352555
1467080268454982
1467080268557376
1467080268762132
1467080268966978
1467080269069341
1467080269171750
1467080269274189
1467080269376598
1467080269478983
1467080269581400
1467080269683791
1467080269786142
1467080269991001
1467080270093402
1467080270195772
1467080270298176
1467080270400607
1467080270503019
1467080270605384
1467080270707781
1467080270810181
1467080271117400
1467080271219765
1467080271322209
1467080271527003
1467080271731815
1467080271834188
1467080271936571
1467080272038975
1467080272243815
1467080272346185
1467080272448558
1467080272550951
1467080273165382
1467080273267817
1467080273370169
1467080273575024
1467080273677420
1467080273779812
1467080273882254
1467080273984671
1467080274087048
1467080274189434
1467080274291790
1467080274394233
1467080274496628
1467080274599037
1467080274701437
1467080274803861
1467080274906235
1467080275110987
1467080275213415
1467080275315776
1467080275418235
1467080275520633
1467080275623065
1467080275725481
1467080275827796
1467080275930178
1467080276134994
1467080276237454
1467080276339798
1467080276442257
1467080276544667
1467080276851866
1467080276954309
1467080277056673
1467080277159077
1467080277261455
1467080277466269
1467080277568673
1467080277671072
1467080277773464
1467080277875884
1467080277978273
1467080278080603
1467080278183005
1467080278285469
1467080278387825
1467080278490250
1467080278592654
1467080278695005
1467080278797463
1467080278899879
1467080279002273
1467080279309460
1467080279514218
1467080279616669
1467080279719066
