1467082939830065
1467082939932488
1467082940034882
1467082940138785
1467082940239682
1467082940342120
1467082940444524
1467082940546888
1467082940649284
1467082940752867
1467082940854120
1467082940956518
1467082941060076
1467082941161308
1467082941264459
1467082941366121
1467082941469281
1467082941570935
1467082941673326
1467082941775692
1467082941878638
1467082941982186
1467082942082919
1467082942185307
1467082942287641
1467082942390073
1467082942492460
1467082942594857
1467082942697309
1467082942801364
1467082942902130
1467082943004532
1467082943106914
1467082943209263
1467082943311714
1467082943414119
1467082943516560
1467082943618913
1467082943721311
1467082943823665
1467082943926065
1467082944028465
1467082944132549
1467082944233249
1467082944335704
1467082944438056
1467082944540466
1467082944642954
1467082944746825
1467082944847706
1467082944950106
1467082945052532
1467082945154903
1467082945257308
1467082945359777
1467082945462061
1467082945564534
1467082945666863
1467082945769284
1467082945871698
1467082945976112
1467082946076467
1467082946178867
1467082946282534
1467082946383680
1467082946486097
1467082946590428
1467082946690913
1467082946793307
1467082946897242
1467082946998110
1467082947100757
1467082947202869
1467082947305286
1467082947407695
1467082947510099
1467082947612459
1467082947714859
1467082947817254
1467082947920320
1467082948022053
1467082948124499
1467082948226894
1467082948329308
1467082948433742
1467082948534119
1467082948636521
1467082948740811
1467082948841338
1467082948943665
1467082949046106
1467082949148503
1467082949250862
1467082949353252
1467082949455707
1467082949558068
1467082949660450
1467082949762915
1467082949865309
1467082949969204
1467082950070063
1467082950172449
1467082950274832
1467082950377279
1467082950479729
1467082950583593
1467082950684452
1467082950786876
1467082950889247
1467082950991667
1467082951094060
1467082951197645
1467082951298867
1467082951401240
1467082951504839
1467082951606055
1467082951708433
1467082951812473
1467082951913227
1467082952015786
1467082952118099
1467082952220515
1467082952322936
1467082952427642
1467082952527719
1467082952630135
1467082952732433
1467082952834843
1467082952937288
1467082953039674
1467082953142074
1467082953245926
1467082953348468
1467082953449433
1467082953551706
1467082953654104
1467082953756467
1467082953858857
1467082953962389
1467082954063623
1467082954166070
1467082954268449
1467082954370840
1467082954473238
1467082954576830
1467082954678041
1467082954780439
1467082954882869
1467082954985255
1467082955087701
1467082955192517
1467082955292444
1467082955394895
1467082955497289
1467082955599649
1467082955702104
1467082955804497
1467082955906895
1467082956009238
1467082956111667
1467082956214104
1467082956316476
1467082956419987
1467082956521263
1467082956623647
1467082956727220
1467082956828494
1467082956930848
1467082957034866
1467082957135623
1467082957238947
1467082957340495
1467082957442864
1467082957545264
1467082957647686
1467082957750080
1467082957852466
1467082957954893
1467082958057307
1467082958159636
1467082958262443
1467082958364436
1467082958466837
1467082958571347
1467082958671659
1467082958774078
1467082958876445
1467082958978896
1467082959081238
1467082959185306
1467082959286057
1467082959388430
1467082959490895
1467082959593290
1467082959696083
1467082959798030
1467082959900478
1467082960002875
1467082960105228
1467082960207638
1467082960310025
1467082960412451
1467082960514872
1467082960617277
1467082960719632
1467082960822036
1467082960924646
1467082961028446
1467082961129244
1467082961231712
1467082961334078
1467082961436483
1467082961538830
1467082961642500
1467082961743688
1467082961846081
1467082961950122
1467082962050871
1467082962153224
1467082962257214
1467082962358078
1467082962460428
1467082962564481
1467082962665228
1467082962767745
1467082962870046
1467082962972441
1467082963074828
1467082963177208
1467082963279688
1467082963382215
1467082963484423
1467082963590133
1467082963689600
1467082963791903
1467082963894081
1467082963996479
1467082964098880
1467082964201208
1467082964303762
1467082964407168
1467082964508448
1467082964610829
1467082964713297
1467082964815610
1467082965022223
1467082965122875
1467082965225228
1467082965327666
1467082965430021
1467082965533084
1467082965634915
1467082965737243
1467082965839623
1467082965942057
1467082966044480
1467082966146894
1467082966250769
1467082966351684
1467082966454049
1467082966556476
1467082966658898
1467082966761237
1467082966864781
1467082966966063
1467082967068482
1467082967172063
1467082967273228
1467082967375632
1467082967479646
1467082967580422
1467082967682878
1467082967787218
1467082967887668
1467082967990067
1467082968094047
1467082968194897
1467082968297267
1467082968399667
1467082968502040
1467082968604432
1467082968706874
1467082968809267
1467082968911671
1467082969016040
1467082969116504
1467082969218848
1467082969321236
1467082969423606
1467082969526063
1467082969629684
1467082969730818
1467082969833219
1467082969935680
1467082970038074
1467082970140477
1467082970244124
1467082970345223
1467082970447632
1467082970550038
1467082970652396
1467082970755065
1467082970857259
1467082970959625
1467082971062013
1467082971164395
1467082971266809
1467082971369228
1467082971473140
1467082971573991
1467082971676456
1467082971778931
1467082971881217
1467082971983667
1467082972087290
1467082972188459
1467082972290871
1467082972394371
1467082972495642
1467082972598025
1467082972702063
1467082972802849
1467082972905242
1467082973009498
1467082973110015
1467082973212406
1467082973317169
1467082973417270
1467082973519674
1467082973622581
1467082973724499
1467082973826874
1467082973929225
1467082974031668
1467082974134017
1467082974338820
1467082974441204
1467082974543585
1467082974646059
1467082974748494
1467082974852084
1467082974953219
1467082975055665
1467082975158084
1467082975260414
1467082975362807
1467082975466728
1467082975567648
1467082975670065
1467082975772407
1467082975874794
1467082975977912
1467082976080026
1467082976182039
1467082976284436
1467082976386854
1467082976489250
1467082976591639
1467082976694014
1467082976796409
1467082976898798
1467082977001247
1467082977103662
1467082977206138
1467082977309541
1467082977410857
1467082977513185
1467082977616854
1467082977718066
1467082977820507
1467082977924461
1467082978025196
1467082978127606
1467082978230028
1467082978335061
1467082978434856
1467082978539501
1467082978639645
1467082978742042
1467082978844416
1467082978946863
1467082979049235
1467082979151659
1467082979254021
1467082979358230
1467082979460170
1467082979561255
1467082979663648
1467082979766010
1467082979868397
1467082979970838
1467082980075273
1467082980175665
1467082980278001
1467082980380380
1467082980482854
1467082980585568
1467082980688874
1467082980790052
1467082980892432
1467082980994878
1467082981097206
1467082981199611
1467082981303602
1467082981404489
1467082981506870
1467082981610096
1467082981711663
1467082981814233
1467082981918332
1467082982018792
1467082982121207
1467082982223656
1467082982326008
1467082982428384
1467082982531961
1467082982633204
1467082982735658
1467082982839191
1467082982940450
1467082983042855
1467082983146855
1467082983247650
1467082983350935
1467082983454380
1467082983554849
1467082983657274
1467082983759668
1467082983862002
1467082983964445
1467082984066869
1467082984169227
1467082984271587
1467082984373981
1467082984476693
1467082984578790
1467082984683232
1467082984783628
1467082984886011
1467082984988397
1467082985090802
1467082985193224
1467082985297024
1467082985398002
1467082985500407
1467082985602840
1467082985705248
1467082985807715
1467082985910066
1467082986012471
1467082986114867
1467082986217240
1467082986319617
1467082986421984
1467082986524843
1467082986626886
1467082986729176
1467082986831568
1467082986934082
1467082987036776
1467082987140335
1467082987241183
1467082987343630
1467082987445984
1467082987548394
1467082987650853
1467082987754428
1467082987855650
1467082987957989
1467082988061627
1467082988162828
1467082988265251
1467082988369270
1467082988470023
1467082988572388
1467082988674868
1467082988777223
1467082988879580
1467082988984671
1467082989084442
1467082989186836
1467082989289188
1467082989391568
1467082989493986
1467082989596442
1467082989698786
1467082989801167
1467082989905741
1467082990005961
1467082990108404
1467082990211038
1467082990313257
1467082990415580
1467082990519109
1467082990622644
1467082990722836
1467082990825249
1467082990927584
1467082991030261
1467082991133730
1467082991234826
1467082991337209
1467082991439626
1467082991542041
1467082991644369
1467082991746771
1467082991849203
1467082991951630
1467082992054025
1467082992156364
1467082992258813
1467082992362788
1467082992463597
1467082992567185
1467082992668360
1467082992873276
1467082992976793
1467082993078022
1467082993180420
1467082993284320
1467082993385202
1467082993487606
1467082993591631
1467082993692380
1467082993899016
1467082993999630
1467082994102044
1467082994206379
1467082994306764
1467082994409237
1467082994511586
1467082994613981
1467082994716448
1467082994818822
1467082994921202
1467082995023595
1467082995128285
1467082995228392
1467082995331338
1467082995433190
1467082995535653
1467082995638027
1467082995741526
1467082995842861
1467082995945186
1467082996047689
1467082996150049
1467082996252426
1467082996355936
1467082996457194
1467082996559628
1467082996662021
1467082996764445
1467082996866757
1467082996969190
1467082997071572
1467082997174023
1467082997276394
1467082997378772
1467082997481262
1467082997585131
1467082997686030
1467082997788425
1467082997890814
1467082997993231
1467082998095582
1467082998197982
1467082998300390
1467082998402815
1467082998507204
1467082998607589
1467082998710044
1467082998814304
1467082998914765
1467082999017232
1467082999121442
1467082999222024
1467082999324381
1467082999429076
1467082999529216
1467082999632029
1467082999734040
1467082999836434
1467082999938775
1467083000041157
1467083000143693
1467083000246034
1467083000350521
1467083000450814
1467083000553210
1467083000655577
1467083000758028
1467083000860421
1467083000964812
1467083001065182
1467083001167620
1467083001269985
1467083001372361
1467083001474755
1467083001577157
1467083001679553
1467083001782025
1467083001884442
1467083001986768
1467083002089167
1467083002191739
1467083002294290
1467083002396399
1467083002498760
1467083002601232
1467083002703611
1467083002805947
1467083002908358
1467083003010760
1467083003113150
1467083003215612
1467083003317980
1467083003422046
1467083003522764
1467083003625151
1467083003727608
1467083003830022
1467083003932507
1467083004034823
1467083004137175
1467083004239627
1467083004344628
1467083004444370
1467083004546832
1467083004650777
1467083004751572
1467083004853962
1467083004956405
1467083005058763
1467083005161170
1467083005263605
1467083005366001
1467083005468687
1467083005572951
1467083005673166
1467083005775566
1467083005878006
1467083005980346
1467083006082759
1467083006186278
1467083006389966
1467083006492358
1467083006594819
1467083006697215
1467083006800757
1467083006901966
1467083007004399
1467083007106757
1467083007209145
1467083007311838
1467083007415612
1467083007516420
1467083007618779
1467083007721169
1467083007823606
1467083007925961
1467083008029906
1467083008130799
1467083008233156
1467083008335548
1467083008437982
1467083008540358
1467083008643901
1467083008745229
1467083008847595
1467083008952146
1467083009052359
1467083009154771
1467083009258799
1467083009359616
1467083009462006
1467083009566309
1467083009666756
1467083009769189
1467083009871880
1467083009974008
1467083010076334
1467083010178800
1467083010281201
1467083010383789
1467083010485958
1467083010590883
1467083010690846
1467083010793199
1467083010895549
1467083010997984
1467083011100405
1467083011202756
1467083011305199
1467083011408770
1467083011509951
1467083011612355
1467083011714765
1467083011817151
1467083011919628
1467083012023175
1467083012124404
1467083012226725
1467083012329133
1467083012431561
1467083012534929
1467083012636374
1467083012738746
1467083012841344
1467083012943602
1467083013046004
1467083013148406
1467083013250807
1467083013353145
1467083013455622
1467083013557956
1467083013660405
1467083013762800
1467083013866330
1467083013967531
1467083014069941
1467083014173956
1467083014274798
1467083014377163
1467083014481242
1467083014581969
1467083014684404
1467083014788858
1467083014889171
1467083014991960
1467083015096275
1467083015196404
1467083015401169
1467083015503575
1467083015606013
1467083015810756
1467083015913291
1467083016017960
1467083016117944
1467083016220404
1467083016322803
1467083016425146
1467083016527570
1467083016631136
1467083016732401
1467083016834760
1467083016937164
1467083017039568
1467083017141988
1467083017245716
1467083017346742
1467083017449145
1467083017551596
1467083017653926
1467083017756344
1467083017858798
1467083017961138
1467083018063562
1467083018165928
1467083018268325
1467083018370799
1467083018475088
1467083018575593
1467083018677987
1467083018780395
1467083018882787
1467083018985174
1467083019088757
1467083019189962
1467083019292358
1467083019396049
1467083019497132
1467083019599564
1467083019703582
1467083019804322
1467083019906742
1467083020009196
1467083020111584
1467083020213958
1467083020318697
1467083020418744
1467083020521166
1467083020623569
1467083020725939
1467083020828325
1467083020930769
1467083021033161
1467083021135658
1467083021240121
1467083021340340
1467083021442783
1467083021545179
1467083021647562
1467083021749923
1467083021852739
1467083021954775
1467083022057162
1467083022159568
1467083022262005
1467083022364347
1467083022468740
1467083022569136
1467083022671590
1467083022773930
1467083022876330
1467083022978757
1467083023081153
1467083023183547
1467083023285926
1467083023388383
1467083023490785
1467083023593162
1467083023695553
1467083023797948
1467083023900337
1467083024002754
1467083024105205
1467083024207586
1467083024311109
1467083024412322
1467083024514779
1467083024618572
1467083024719530
1467083024821946
1467083024925962
1467083025026748
1467083025129151
1467083025231575
1467083025334003
1467083025436468
1467083025541011
1467083025641117
1467083025743588
1467083025845940
1467083025948384
1467083026050940
1467083026153156
1467083026255538
1467083026357925
1467083026462595
1467083026562780
1467083026665148
1467083026767551
1467083026869945
1467083026972359
1467083027075870
1467083027177114
1467083027279528
1467083027381950
1467083027484356
1467083027586781
1467083027689113
1467083027791550
1467083027893930
1467083027996322
1467083028098781
1467083028201133
1467083028305516
1467083028405900
1467083028508327
1467083028610783
1467083028713138
1467083028815554
1467083028919493
1467083029020324
1467083029122714
1467083029225131
1467083029327585
1467083029429987
1467083029533533
1467083029634779
1467083029737180
1467083029841431
1467083029941945
1467083030044508
1467083030148341
1467083030249132
1467083030351739
1467083030455815
1467083030556366
1467083030658923
1467083030763478
1467083030863511
1467083030965923
1467083031068366
1467083031170778
1467083031273116
1467083031375519
1467083031477907
1467083031580316
1467083031685023
1467083031785153
1467083031887527
1467083031989924
1467083032092369
1467083032194756
1467083032298323
1467083032399544
1467083032501923
1467083032604340
1467083032706777
1467083032809217
1467083032912687
1467083033013926
1467083033116337
1467083033218733
1467083033322734
1467083033423515
1467083033527574
1467083033628316
1467083033730794
1467083033833116
1467083033935517
1467083034037969
1467083034141881
1467083034242719
1467083034345178
1467083034447509
1467083034549905
1467083034652362
1467083034755890
1467083034857145
1467083034959576
1467083035063485
1467083035164322
1467083035266715
1467083035370766
1467083035471533
1467083035573919
1467083035678569
1467083035778774
1467083035881739
1467083035985779
1467083036085971
1467083036188369
1467083036290736
1467083036393101
1467083036495529
1467083036597987
1467083036700353
1467083036802759
1467083036907395
1467083037007527
1467083037109929
1467083037212330
1467083037314701
1467083037417162
1467083037520698
1467083037622000
1467083037724336
1467083037826708
1467083037929131
1467083038031510
1467083038133963
1467083038236362
1467083038338725
1467083038441110
1467083038543512
1467083038645931
1467083038749973
1467083038850735
1467083038953110
1467083039055509
1467083039157951
1467083039260783
1467083039362701
1467083039465093
1467083039567488
1467083039669938
1467083039772310
1467083039874721
1467083039979168
1467083040079491
1467083040181937
1467083040284364
1467083040386763
1467083040489111
1467083040591513
1467083040693928
1467083040798482
1467083040908239
1467083041001110
1467083041103527
1467083041205914
1467083041308339
1467083041410727
1467083041513096
1467083041615492
1467083041717918
1467083041820327
1467083041922720
1467083042027090
1467083042127519
1467083042229903
1467083042332301
1467083042434685
1467083042537096
1467083042639567
1467083042741918
1467083042844327
