1467081403055383
1467081403157773
1467081403260190
1467081403362596
1467081403465018
1467081403567418
1467081403669811
1467081403772169
1467081403874607
1467081403977009
1467081404079404
1467081404181804
1467081404284195
1467081404386608
1467081404489010
1467081404693801
1467081404796214
1467081405103396
1467081405205814
1467081405308178
1467081405410615
1467081405513010
1467081405615426
1467081405717842
1467081405820234
1467081405922614
1467081406025035
1467081406127391
1467081406229792
1467081406332180
1467081406434645
1467081406537034
1467081406639431
1467081406741819
1467081406844227
1467081406946642
1467081407049038
1467081407151425
1467081407356186
1467081407458641
1467081407561041
1467081407663464
1467081407765782
1467081407881741
1467081407970601
1467081408073034
1467081408175444
1467081408277868
1467081408380182
1467081408482614
1467081408585010
1467081408687426
1467081408789792
1467081408892231
1467081408994636
1467081409096999
1467081409199437
1467081409301823
1467081409404232
1467081409506655
1467081409609028
1467081409711426
1467081409813816
1467081409916232
1467081410018594
1467081410121029
1467081410223423
1467081410325840
1467081410428236
1467081410530629
1467081410632974
1467081410735372
1467081410837795
1467081410940197
1467081411042590
1467081411759392
1467081411861800
1467081411964200
1467081412066576
1467081412169001
1467081412271405
1467081412373793
1467081412476259
1467081412578651
1467081412681367
1467081412783466
1467081412885949
1467081412988472
1467081413090630
1467081413193069
1467081413295419
1467081413397830
1467081413500286
1467081413602683
1467081413704996
1467081413807418
1467081413909831
1467081414012231
1467081414114620
1467081414217050
1467081414319402
1467081414524259
1467081414626619
1467081414729061
1467081414831458
1467081414933875
1467081415036281
1467081415138696
1467081415241078
1467081415343421
1467081415445839
1467081415548227
1467081415650611
1467081415753042
1467081415855436
1467081415957807
1467081416060221
1467081416162625
1467081416265024
1467081416367428
1467081416469857
1467081416572280
1467081416674653
1467081416777073
1467081416879489
1467081416981911
1467081417186644
1467081417289028
1467081417391485
1467081417493862
1467081417596283
1467081417698645
1467081417801046
1467081417903460
1467081418019336
1467081418108282
1467081418210703
1467081418313029
1467081418415488
1467081418517880
1467081418620270
1467081418722690
1467081418825042
1467081418927455
1467081419029892
1467081419746717
1467081419849109
1467081419951510
1467081420053925
1467081420156298
1467081420258660
1467081420361098
1467081420463472
1467081420565903
1467081420668304
1467081420770731
1467081420873089
1467081420975530
1467081421077879
1467081421180251
1467081421282717
1467081421385087
1467081421487455
1467081421589907
1467081421692267
1467081421794689
1467081421897113
1467081421999475
1467081422101931
1467081422204319
1467081422306742
1467081422409074
1467081422511509
1467081422613934
1467081422716281
1467081422818685
1467081422921147
1467081423023531
1467081423125881
1467081423228331
1467081423330739
1467081423433091
1467081423535532
1467081423637889
1467081423740353
1467081423842700
1467081423945125
1467081424047534
1467081424149930
1467081424252345
1467081424354745
1467081424457102
1467081424559482
1467081424661930
1467081424764359
1467081424866698
1467081424969135
1467081425173944
1467081425276287
1467081425378949
1467081425481557
1467081425583498
1467081425685946
1467081425788435
1467081425890741
1467081426197947
1467081426300529
1467081426505107
1467081426607550
1467081426709898
1467081426812287
1467081426914718
1467081427017117
1467081427119503
1467081427221910
1467081427324361
1467081427426725
1467081427529101
1467081427631557
1467081427733949
1467081427836363
1467081427938704
1467081428041095
1467081428143555
1467081428245988
1467081428348316
1467081428450711
1467081428553194
1467081428655592
1467081428757972
1467081428860320
1467081428962764
1467081429372308
1467081429474720
1467081429679526
1467081429781922
1467081429884390
1467081430089207
1467081430191613
1467081430293980
1467081430396383
1467081430498726
1467081430602965
1467081430703572
1467081430805975
1467081430908386
1467081431010777
1467081431113191
1467081431215598
1467081431317961
1467081431420422
1467081431522782
1467081431625183
1467081431727595
1467081431830004
1467081431932340
1467081432034779
1467081432137155
1467081432239547
1467081432342024
1467081432444384
1467081432546746
1467081432649214
1467081432751555
1467081432853994
1467081432956344
1467081433058799
1467081433161214
1467081433263550
1467081433365973
1467081433468346
1467081433570823
1467081433673155
1467081433877935
1467081433980356
1467081434082745
1467081434185237
1467081434287558
1467081434389953
1467081434492349
1467081434594746
1467081434697175
1467081434799579
1467081434901953
1467081435004785
1467081435106923
1467081435209196
1467081435618765
1467081435721160
1467081435823560
1467081435925956
1467081436028364
1467081436130764
1467081436335674
1467081436437955
1467081436642767
1467081436745163
1467081436847573
1467081436949982
1467081437052375
1467081437154861
1467081437257161
1467081437359588
1467081437461982
1467081437564453
1467081437666762
1467081437769182
1467081437871713
1467081437973977
1467081438076364
1467081438178791
1467081438281205
1467081438383686
1467081438485973
1467081438588439
1467081438690786
1467081438793184
1467081438895591
1467081439202932
1467081439305184
1467081439407589
1467081439509975
1467081439612392
1467081439714783
1467081439817186
1467081439919608
1467081440022007
1467081440124465
1467081440226786
1467081440329212
1467081440431589
1467081440533997
1467081440636477
1467081440738868
1467081440841202
1467081440943609
1467081441046025
1467081441148391
1467081441250815
1467081441353287
1467081441455698
1467081441558013
1467081441660410
1467081441762831
1467081441865224
1467081441967821
1467081442070012
1467081442172429
1467081442274874
1467081442377203
1467081442582010
1467081442684481
1467081442786896
1467081442889201
1467081442991611
1467081443196419
1467081443401313
1467081443810821
1467081443913235
1467081444015626
1467081444118104
1467081444220507
1467081444322808
1467081444425302
1467081444527624
1467081444630024
1467081444732416
1467081444834809
1467081444937307
1467081445039635
1467081445244412
1467081445346831
1467081445449222
1467081445551726
1467081445654052
1467081445756450
1467081445858864
1467081445961227
1467081446063624
1467081446166035
1467081446268434
1467081446370835
1467081446473231
1467081446575635
1467081446678046
1467081446780438
1467081446882833
1467081446985251
1467081447087825
1467081447190038
1467081447292438
1467081447394836
1467081447497230
1467081447599645
1467081447702109
1467081447804545
1467081447906846
1467081448009255
1467081448111643
1467081448214043
1467081448316431
1467081448418918
1467081448521247
1467081448623640
1467081448726043
1467081448828466
1467081448930851
1467081449033249
1467081449135647
1467081449238060
1467081449340458
1467081449442860
1467081449545277
1467081449647646
1467081449852516
1467081449954962
1467081450057250
1467081450159666
1467081450262061
1467081450364460
1467081450466847
1467081450569335
1467081450671736
1467081450774069
1467081450876461
1467081450978868
1467081451490881
1467081451593270
1467081451695700
1467081451798060
1467081451900570
1467081452002874
1467081452105269
1467081452207673
1467081452310079
1467081452412478
1467081452514882
1467081452617275
1467081452719667
1467081452822081
1467081452924481
1467081453026870
1467081453129280
1467081453231674
1467081453436487
1467081453538874
1467081453641281
1467081453743689
1467081453846080
1467081453948484
1467081454050883
1467081454153271
1467081454255689
1467081454358098
1467081454460484
1467081454562879
1467081454665308
1467081454767688
1467081454870095
1467081454972480
1467081455074895
1467081455177304
1467081455279685
1467081455382089
1467081455484505
1467081455587009
1467081455689293
1467081455791779
1467081455894173
1467081455996514
1467081456098896
1467081456201290
1467081456303770
1467081456406093
1467081456508516
1467081456610897
1467081456713287
1467081456815708
1467081456918204
1467081457020520
1467081457122902
1467081457225306
1467081457327716
1467081457430120
1467081457532495
1467081457634997
1467081457737409
1467081457839707
1467081457942115
1467081458146897
1467081458249313
1467081458351808
1467081458454190
1467081458556499
1467081458658921
1467081458761320
1467081458863706
1467081458966140
1467081459170914
1467081459273322
1467081459375705
1467081459478143
1467081459580535
1467081459682922
1467081459785407
1467081459887709
1467081459990125
1467081460194944
1467081460297314
1467081460399858
1467081460502120
1467081460604517
1467081460706924
1467081460809327
1467081460911760
1467081461014126
1467081461116587
1467081461218991
1467081461321344
1467081461423725
1467081461526134
1467081461628565
1467081461730917
1467081461833443
1467081461935820
1467081462038144
1467081462140556
1467081462242939
1467081462345337
1467081462447723
1467081462550144
1467081462652632
1467081462754935
1467081462857334
1467081462959731
1467081463062153
1467081463164618
1467081463267073
1467081463369335
1467081463471743
1467081463574148
1467081463676545
1467081463778940
1467081463881336
1467081463983758
1467081464086147
1467081464188541
1467081464291004
1467081464393377
1467081464495762
1467081464598140
1467081464905488
1467081465007755
1467081465110147
1467081465225615
1467081465417368
1467081465724560
1467081465826996
1467081465929379
1467081466031810
1467081466134224
1467081466236573
1467081466339023
1467081466441390
1467081466543787
1467081466646235
1467081466748616
1467081466850981
1467081466953426
1467081467055813
1467081467158226
1467081467260627
1467081467362968
1467081467465370
1467081467567765
1467081467670256
1467081467772596
1467081467874978
1467081467977409
1467081468079783
1467081468182182
1467081468284564
1467081468387116
1467081468591788
1467081468694166
1467081468796567
1467081468898961
1467081469001375
1467081469103784
1467081469206166
1467081469308576
1467081469410997
1467081469513379
1467081469615829
1467081469718227
1467081469820620
1467081469923040
1467081470025383
1467081470127775
1467081470230210
1467081470332618
1467081470435040
1467081470537393
1467081470639838
1467081470742253
1467081470844610
1467081470947005
1467081471049404
1467081471151806
1467081471254307
1467081471356644
1467081471458981
1467081471561404
1467081471663873
1467081471766193
1467081471868670
1467081471970999
1467081472073396
1467081472175811
1467081472278198
1467081472380602
1467081472483033
1467081472585443
1467081472687852
1467081472790184
1467081472892645
1467081472995037
1467081473097451
1467081473199854
1467081473404618
1467081473507030
1467081473609486
1467081473711807
1467081473814213
1467081473916666
1467081474019056
1467081474121456
1467081474223853
1467081474326223
1467081474428660
1467081474531064
1467081474633455
1467081474735871
1467081474838295
1467081474940674
1467081475145447
1467081475247873
1467081475350229
1467081475452666
1467081475555062
1467081475657446
1467081475759906
1467081475862288
1467081475964677
1467081476067068
1467081476169442
1467081476271817
1467081476374270
1467081476476688
1467081476579098
1467081476681417
1467081476783873
1467081476886228
1467081476988682
1467081477091098
1467081477193419
1467081477295828
1467081477398242
1467081477500719
1467081477603035
1467081477705474
1467081477807848
1467081477910224
1467081478012692
1467081478115052
1467081478217473
1467081478319847
1467081478422245
1467081478524645
1467081478627052
1467081478729452
1467081478831837
1467081478934290
1467081479036690
1467081479139039
1467081479241456
1467081479343844
1467081479446277
1467081479548678
1467081479651102
1467081479753497
1467081479855851
1467081479958290
1467081480060691
1467081480163065
1467081480265455
1467081480367903
1467081480470256
1467081480572728
1467081480675102
1467081480777497
1467081480879889
1467081480982252
1467081481084646
1467081481187072
1467081481289492
1467081481391920
1467081481494333
1467081481596704
1467081481699107
1467081481801495
1467081481903870
1467081482006314
1467081482108715
1467081482211142
1467081482313465
1467081482415931
1467081482518310
1467081482620661
1467081482723063
1467081482825515
1467081482927913
1467081483132724
1467081483235060
1467081483337520
1467081483439889
1467081483542252
1467081483644669
1467081483747123
1467081483849516
1467081483951889
1467081484054281
1467081484156726
1467081484259125
1467081484361511
1467081484463951
1467081484566363
1467081484668739
1467081484771120
1467081484873489
1467081484975937
1467081485078378
1467081485180683
1467081485283125
1467081485385537
1467081485487936
1467081485590350
1467081485692695
1467081485795186
1467081485897496
1467081485999951
1467081486102374
1467081486204707
1467081486307118
1467081486409543
1467081486511947
1467081486614376
1467081486716759
1467081486819098
1467081486921545
1467081487023952
1467081487126379
1467081487228773
1467081487433561
1467081487535938
1467081487740709
1467081487843098
1467081487945543
1467081488047939
1467081488150368
1467081488252749
1467081488355099
1467081488559989
1467081488662310
1467081488764749
1467081488867144
1467081488969525
1467081489071922
1467081489174303
1467081489276754
1467081489481594
1467081489583993
1467081489686374
1467081489788794
1467081489891184
1467081489993581
1467081490095955
1467081490198329
1467081490300770
1467081490403165
1467081490505567
1467081490607973
1467081490710377
1467081490812737
1467081490915126
1467081491017585
1467081491120002
1467081491222377
1467081491324771
1467081491427120
1467081491529530
1467081491632001
1467081491734342
1467081491836837
1467081492041579
1467081492143983
1467081492246374
1467081492348778
1467081492451198
1467081492553535
1467081492655953
1467081492758326
1467081492860754
1467081492963205
1467081493065580
1467081493167998
1467081493270399
1467081493475150
1467081493577586
1467081493782377
1467081493884835
1467081493987137
1467081494089569
1467081494191979
1467081494294350
1467081494396776
1467081494499225
1467081494601625
1467081494703956
1467081494806341
1467081495011156
1467081495113548
1467081495215949
1467081495318343
1467081495420733
1467081495523191
1467081495625565
1467081495727945
1467081495830344
1467081495932765
1467081496035148
1467081496137555
1467081496239939
1467081496342343
1467081496444753
1467081496547169
1467081496649555
1467081496751943
1467081496854424
1467081496956767
1467081497059193
1467081497161605
1467081497263956
1467081497366372
1467081497468753
1467081497673553
1467081497775969
1467081497878366
1467081497980768
1467081498083310
1467081498185581
1467081498287999
1467081498390368
1467081498492792
1467081498595241
1467081498697627
1467081498800060
1467081498902457
1467081499004750
1467081499107205
1467081499209602
1467081499311977
1467081499414452
1467081499516770
1467081499619203
1467081499721626
1467081499926396
1467081500028771
1467081500131207
1467081500233639
1467081500336019
1467081500438393
1467081500540833
1467081500643184
1467081500745566
1467081500848061
1467081500950483
1467081501052785
1467081501155230
1467081501257590
1467081501360000
1467081501462394
1467081501564813
1467081501667229
1467081501769651
1467081501872011
1467081501974401
1467081502076795
1467081502179183
1467081502281692
1467081502384053
1467081502486417
1467081502588836
1467081502691219
1467081502793606
1467081502896000
1467081502998459
1467081503100808
1467081503203479
1467081503305612
1467081503408014
1467081503510408
1467081503612815
1467081503715273
1467081503817623
1467081503919998
1467081504022463
1467081504227210
1467081504329584
1467081504432096
1467081504534436
1467081504636815
1467081504739215
1467081504841603
1467081504944061
1467081505046416
1467081505148908
1467081505251268
1467081505353731
1467081505456021
1467081505558436
1467081505660807
1467081505763228
1467081505968072
1467081506070426
1467081506172857
1467081506275219
1467081506377624
1467081506480008
1467081506582476
1467081506787273
1467081506889640
1467081506992070
1467081507094485
1467081507196856
1467081507299298
1467081507401639
1467081507504020
1467081507606443
1467081507708847
1467081507811215
1467081507913735
1467081508016075
1467081508118419
1467081508220835
1467081508323227
1467081508425661
1467081508528046
1467081508630435
1467081508732896
1467081508835243
1467081508937648
1467081509040044
1467081509142433
1467081509244868
1467081509347240
1467081509449723
1467081509552023
1467081509654461
1467081509756903
1467081509859269
1467081509961642
1467081510064113
1467081510166502
1467081510268869
1467081510371328
1467081510473744
1467081510588803
1467081510678442
1467081510780837
1467081510883311
1467081510985690
1467081511088083
1467081511190484
1467081511292878
1467081511395339
1467081511497735
1467081511600133
1467081511702504
1467081511804900
1467081511907295
1467081512009693
1467081512112057
1467081512214504
1467081512316884
1467081512521658
1467081512624080
1467081512726458
1467081512828858
1467081512931322
