1467087299557381
1467087299762249
1467087299864608
1467087299967051
1467087300069476
1467087300171884
1467087300376607
1467087300479031
1467087300581465
1467087300683834
1467087300888677
1467087300991107
1467087301093493
1467087301195902
1467087301298312
1467087301400723
1467087301503055
1467087301605506
1467087301707926
1467087301810275
1467087301912741
1467087302015095
1467087302117494
1467087302219954
1467087302322276
1467087302424734
1467087302527130
1467087302629531
1467087302731969
1467087302834319
1467087302936737
1467087303039150
1467087303141511
1467087303243947
1467087303346363
1467087303448707
1467087303551096
1467087303653534
1467087303755989
1467087303858346
1467087303960780
1467087304063193
1467087304165594
1467087304267955
1467087304370359
1467087304472768
1467087304575070
1467087304677553
1467087304779988
1467087304882310
1467087304984756
1467087305087152
1467087305189571
1467087305291974
1467087305496777
1467087305599187
1467087305701532
1467087305804007
1467087305906340
1467087306008785
1467087306111212
1467087306213576
1467087306315982
1467087306418372
1467087306520815
1467087306623163
1467087306725584
1467087306827953
1467087306930368
1467087307032823
1467087307135224
1467087307237632
1467087307340031
1467087307442375
1467087307544804
1467087307647241
1467087307749682
1467087307852082
1467087307954463
1467087308159291
1467087308261678
1467087308364059
1467087308466467
1467087308671287
1467087308773614
1467087308978438
1467087309080829
1467087309183251
1467087309388027
1467087309490454
1467087309592856
1467087309695261
1467087309797670
1467087309900102
1467087310002545
1467087310104883
1467087310207278
1467087310309757
1467087310412076
1467087310514507
1467087310616895
1467087310719343
1467087310821739
1467087310924156
1467087311026531
1467087311128886
1467087311231298
1467087311333639
1467087311436139
1467087311538448
1467087311640856
1467087311743299
1467087311845660
1467087311948095
1467087312050532
1467087312152927
1467087312255343
1467087312357738
1467087312460086
1467087312562532
1467087312664898
1467087312767342
1467087312869704
1467087312972156
1467087313074494
1467087313176980
1467087313279334
1467087313381737
1467087313484178
1467087313586592
1467087313689012
1467087313791329
1467087313893789
1467087313996154
1467087314098542
1467087314200930
1467087314303360
1467087314405767
1467087314508177
1467087314610625
1467087314712967
1467087314815436
1467087314917808
1467087315020172
1467087315122586
1467087315225037
1467087315327468
1467087315429790
1467087315532241
1467087315737054
1467087315839464
1467087315941806
1467087316044211
1467087316146617
1467087316249071
1467087316351425
1467087316453885
1467087316556286
1467087316658691
1467087316763463
1467087316863490
1467087316965831
1467087317068302
1467087317170652
1467087317273114
1467087317375451
1467087317477847
1467087317580268
1467087317887439
1467087317989875
1467087318092203
1467087318194629
1467087318297070
1467087318399480
1467087318501839
1467087318604284
1467087318706676
1467087318809030
1467087318911435
1467087319013907
1467087319116301
1467087319218666
1467087319321114
1467087319423444
1467087319525929
1467087319628285
1467087319730669
1467087319833139
1467087319935526
1467087320037879
1467087320140296
1467087320242679
1467087320345136
1467087320447523
1467087320549967
1467087320652331
1467087320857167
1467087320959569
1467087321061967
1467087321164386
1467087321266729
1467087321369176
1467087321573941
1467087321676396
1467087321778823
1467087321881217
1467087321983548
1467087322086012
1467087322188361
1467087322290802
1467087322495639
1467087322597992
1467087322700368
1467087322802821
1467087322905239
1467087323007619
1467087323109986
1467087323212449
1467087323417212
1467087323519659
1467087323622052
1467087323724467
1467087323929244
1467087324031655
1467087324134092
1467087324236346
1467087324338778
1467087324441162
1467087324543617
1467087324645991
1467087324748381
1467087324850816
1467087324953259
1467087325055597
1467087325158015
1467087325260400
1467087325362846
1467087325567595
1467087325670056
1467087325772444
1467087326079621
1467087326182050
1467087326284525
1467087326489331
1467087326591703
1467087326694097
1467087326796493
1467087326898941
1467087327001260
1467087327103723
1467087327206145
1467087327308472
1467087327615666
1467087327718075
1467087327820532
1467087327922872
1467087328025307
1467087328127717
1467087328230097
1467087328332493
1467087328639708
1467087328742090
1467087328844594
1467087328946906
1467087329049373
1467087329151747
1467087329254148
1467087329356539
1467087329458997
1467087329561358
1467087329663787
1467087329766133
1467087329868611
1467087329970954
1467087330073410
1467087330175765
1467087330278160
1467087330380620
1467087330482972
1467087330585395
1467087330687781
1467087330790133
1467087330892597
1467087330994901
1467087331097329
1467087331199724
1467087331302200
1467087331404598
1467087331506958
1467087331609369
1467087331711810
1467087331814193
1467087331916620
1467087332018955
1467087332121356
1467087332223827
1467087332428576
1467087332530973
1467087332633374
1467087332735799
1467087332838193
1467087332940611
1467087333042993
1467087333145387
1467087333247847
1467087333350222
1467087333452662
1467087333555010
1467087333657434
1467087333759786
1467087333862297
1467087333964708
1467087334067033
1467087334169460
1467087334271874
1467087334374277
1467087334579036
1467087334681492
1467087334783868
1467087334886322
1467087334988718
1467087335091073
1467087335193548
1467087335295849
1467087335398342
1467087335500672
1467087335603085
1467087335705488
1467087335807888
1467087336012769
1467087336115123
1467087336217507
1467087336319943
1467087336422305
1467087336524730
1467087336627127
1467087336729535
1467087336831988
1467087336934337
1467087337036787
1467087337139122
1467087337241555
1467087337343865
1467087337446313
1467087337548751
1467087337651098
1467087337753489
1467087337855953
1467087337958351
1467087338060719
1467087338163104
1467087338265495
1467087338367925
1467087338470381
1467087338572801
1467087338675136
1467087338777524
1467087338879925
1467087338982391
1467087339084788
1467087339187169
1467087339289554
1467087339392022
1467087339494391
1467087339801575
1467087339903966
1467087340006411
1467087340108835
1467087340211199
1467087340313577
1467087340416035
1467087340518431
1467087340620787
1467087340723202
1467087340825665
1467087340928002
1467087341030470
1467087341132813
1467087341235221
1467087341337621
1467087341440027
1467087341747242
1467087341849658
1467087341952050
1467087342156830
1467087342259250
1467087342361659
1467087342464102
1467087342566516
1467087342668912
1467087342771310
1467087342873728
1467087342976128
1467087343078536
1467087343180911
1467087343283327
1467087343385690
1467087343488085
1467087343590475
1467087343692913
1467087343795307
1467087343897682
1467087344000039
1467087344102469
1467087344204944
1467087344307259
1467087344409647
1467087344512074
1467087344614517
1467087344819297
1467087344921677
1467087345024076
1467087345126511
1467087345228934
1467087345331346
1467087345536083
1467087345638483
1467087345740974
1467087345843300
1467087345945685
1467087346048165
1467087346150526
1467087346252956
1467087346355332
1467087346457722
1467087346560137
1467087346662599
1467087346764970
1467087346867334
1467087347072197
1467087347174566
1467087347276966
1467087347379353
1467087347481780
1467087347584188
1467087347686585
1467087347788968
1467087347891439
1467087348096165
1467087348198578
1467087348301037
1467087348403433
1467087348505788
1467087348608223
1467087348710641
1467087348813014
1467087348915407
1467087349017850
1467087349120319
1467087349222643
1467087349325018
1467087349427422
1467087349529891
1467087349632287
1467087349734646
1467087349939464
1467087350041853
1467087350144242
1467087350246703
1467087350349106
1467087350451394
1467087350553850
1467087350656267
1467087350758667
1467087350963413
1467087351065813
1467087351168257
1467087351270679
1467087351373097
1467087351475474
1467087351577915
1467087351680313
1467087351782646
1467087351885058
1467087351987496
1467087352089897
1467087352192285
1467087352294644
1467087352397067
1467087352499467
1467087352601945
1467087352704298
1467087352806729
1467087352909120
1467087353011549
1467087353216281
1467087353318746
1467087353523542
1467087353625925
1467087353728291
1467087353830769
1467087353933164
1467087354035525
1467087354137927
1467087354240312
1467087354342720
1467087354445139
1467087354547557
1467087354649997
1467087354752355
1467087354854746
1467087354957152
1467087355059600
1467087355161982
1467087355264350
1467087355366826
1467087355469227
1467087355674025
1467087355776389
1467087355878771
1467087355981183
1467087356083643
1467087356288434
1467087356390851
1467087356493202
1467087356595644
1467087356697997
1467087356800409
1467087356902873
1467087357005172
1467087357107592
1467087357209952
1467087357312355
1467087357517194
1467087357619622
1467087357721992
1467087357824442
1467087357926786
1467087358029203
1467087358131619
1467087358234039
1467087358336473
1467087358438831
1467087358541176
1467087358643602
1467087358746060
1467087358848410
1467087358950827
1467087359053224
1467087359155641
1467087359258038
1467087359360458
1467087359462832
1467087359565236
1467087359667674
1467087359770046
1467087359872498
1467087359974860
1467087360077249
1467087360179703
1467087360282048
1467087360384513
1467087360486871
1467087360589304
1467087360691692
1467087360794060
1467087360896470
1467087360998879
1467087361101307
1467087361203762
1467087361306095
1467087361408481
1467087361510914
1467087361613310
1467087361715700
1467087361818133
1467087361920517
1467087362022976
1467087362125348
1467087362227723
1467087362330139
1467087362432611
1467087362535008
1467087362637420
1467087362739750
1467087362842161
1467087362944556
1467087363149392
1467087363251768
1467087363354149
1467087363456580
1467087363558915
1467087363661373
1467087363763745
1467087363866119
1467087363968582
1467087364070916
1467087364173319
1467087364275786
1467087364380275
1467087364480559
1467087364582957
1467087364685365
1467087364789022
1467087364890665
1467087364992599
1467087365197359
1467087365299849
1467087365402200
1467087365606985
1467087365709435
1467087366016643
1467087366118998
1467087366221430
1467087366323830
1467087366426205
1467087366528625
1467087366631020
1467087366733442
1467087366835840
1467087366938222
1467087367040646
1467087367143056
1467087367245441
1467087367347832
1467087367450290
1467087367552644
1467087367655063
1467087367757477
1467087367859903
1467087367962278
1467087368064681
1467087368167124
1467087368269469
1467087368371939
1467087368474279
1467087368576672
1467087368781543
1467087368883873
1467087368986355
1467087369088700
1467087369191107
1467087369293501
1467087369498304
1467087369600813
1467087369703168
1467087369907947
1467087370010376
1467087370317496
1467087370419884
1467087370522335
1467087370624746
1467087370727135
1467087370829565
1467087371136690
1467087371239142
1467087371341538
1467087371443898
1467087371546316
1467087371648706
1467087371751143
1467087371853549
1467087371955984
1467087372058353
1467087372160747
1467087372263185
1467087372365549
1467087372468002
1467087372570409
1467087372672815
1467087372775226
1467087372877606
1467087372979962
1467087373082374
1467087373184771
1467087373287231
1467087373389592
1467087373492044
1467087373594397
1467087373696784
1467087373799202
1467087373901601
1467087374003999
1467087374106420
1467087374208803
1467087374413608
1467087374516009
1467087374618426
1467087374720826
1467087374823237
1467087375028079
1467087375130421
1467087375232835
1467087375335235
1467087375437673
1467087375540046
1467087375642483
1467087375744875
1467087375847311
1467087375949666
1467087376052061
1467087376359307
1467087376461680
1467087376564104
1467087376666428
1467087376768826
1467087376871215
1467087376973644
1467087377076049
1467087377178442
1467087377280833
1467087377383220
1467087377485726
1467087377588104
1467087377690456
1467087377792874
1467087377895266
1467087377997719
1467087378202479
1467087378304857
1467087378407287
1467087378509687
1467087378612097
1467087378714493
1467087378816958
1467087378919365
1467087379021746
1467087379124107
1467087379226522
1467087379328918
1467087379431318
1467087379533772
1467087379738561
1467087379840955
1467087379943351
1467087380045792
1467087380148141
1467087380250563
1467087380352942
1467087380455395
1467087380557771
1467087380660194
1467087380762605
1467087380864970
1467087380967384
1467087381069791
1467087381172190
1467087381274601
1467087381377007
1467087381479414
1467087381581789
1467087381684186
1467087381786587
1467087381889065
1467087381991396
1467087382093799
1467087382298634
1467087382401013
1467087382503444
1467087382605817
1467087382708224
1467087382810646
1467087382913023
1467087383117830
1467087383220181
1467087383322584
1467087383424988
1467087383527401
1467087383629801
1467087383732208
1467087383834601
1467087383937031
1467087384039460
1467087384141798
1467087384244211
1467087384346608
1467087384449082
1467087384551450
1467087384653834
1467087384756234
1467087384858691
1467087384961096
1467087385063445
1467087385165837
1467087385268233
1467087385370711
1467087385473084
1467087385575453
1467087385677877
1467087385780270
1467087385882686
1467087385985082
1467087386087473
1467087386189878
1467087386292266
1467087386394759
1467087386497076
1467087386701929
1467087386804313
1467087386906711
1467087387009123
1467087387111578
1467087387213889
1467087387418710
1467087387521123
1467087387623532
1467087387725919
1467087387828306
1467087387930765
1467087388033132
1467087388135527
1467087388237932
1467087388340354
1467087388442814
1467087388545178
1467087388647550
1467087388749964
1467087388852387
1467087388954778
1467087389057183
1467087389159629
1467087389261988
1467087389364378
1467087389466791
1467087389569184
1467087389671641
1467087389773936
1467087389876339
1467087389978734
1467087390081128
1467087390183548
1467087390285943
1467087390389834
1467087390490817
1467087390593180
1467087390695584
1467087390797981
1467087390900372
1467087391002854
1467087391105161
1467087391207603
1467087391309991
1467087391412440
1467087391514851
1467087391617255
1467087391719610
1467087391821990
1467087391924405
1467087392129273
1467087392231642
1467087392334028
1467087392436426
1467087392538824
1467087392641232
1467087392743641
1467087392846056
1467087392948454
1467087393050855
1467087393153255
1467087393255689
1467087393358074
1467087393460478
1467087393562868
1467087393665270
1467087393767713
1467087393870069
1467087393972467
1467087394177292
1467087394279675
1467087394382100
1467087394484497
1467087394586895
1467087394689363
1467087394791711
1467087394894128
1467087394996518
1467087395098978
1467087395201377
1467087395303717
1467087395406173
1467087395610941
1467087395713331
1467087395816499
1467087395918158
1467087396020603
1467087396122965
1467087396225344
1467087396327693
1467087396430090
1467087396737301
1467087396839714
1467087396942170
1467087397044568
1467087397146978
1467087397249322
1467087397351712
1467087397454130
1467087397556616
1467087397658971
1467087397761342
1467087397863736
1467087397966151
1467087398068577
1467087398170950
1467087398273327
1467087398375748
1467087398478166
1467087398580586
1467087398682957
1467087398785382
1467087398887780
1467087398991318
1467087399092593
1467087399195004
1467087399297401
1467087399399785
1467087399502194
1467087399707068
1467087399809435
1467087399911835
1467087400014247
1467087400321501
1467087400526217
1467087400731047
1467087400833448
1467087400935838
1467087401038321
1467087401140675
1467087401248926
1467087401345465
1467087401447849
1467087401550336
1467087401652698
1467087401755076
1467087401857481
1467087401959894
1467087402062322
1467087402267105
1467087402369503
1467087402471940
1467087402779153
1467087402881459
1467087402983859
1467087403086280
1467087403188682
1467087403291068
1467087403393468
1467087403500068
1467087403598278
1467087403700732
1467087403803091
1467087403905488
1467087404007896
1467087404110296
1467087404212756
1467087404315112
1467087404417515
1467087404519921
1467087404622324
1467087404724777
1467087404827114
1467087404929506
1467087405031924
1467087405339122
1467087405441544
1467087405543928
1467087405647882
1467087405748812
1467087405851160
1467087406055970
1467087406260776
1467087406670418
1467087406772844
1467087406875197
1467087407080002
1467087407182442
1467087407387203
1467087407796825
1467087407899225
1467087408105565
1467087408206441
1467087408411255
1467087408513642
1467087408616080
1467087408718447
1467087408820847
1467087408923233
1467087409025654
1467087409128112
1467087409230493
1467087409332921
1467087409435202
1467087409537611
1467087409640026
1467087409742433
1467087409844802
1467087409947225
1467087410049624
1467087410152066
1467087410254488
1467087410356825
1467087410561652
1467087410664150
1467087410766464
1467087410870552
1467087410971260
1467087411073677
1467087411176053
1467087411278471
1467087411380860
