1467166062736689
1467166062839085
1467166062941497
1467166063043881
1467166063146297
1467166063248688
1467166063351092
1467166063453482
1467166063555880
1467166063658263
1467166063760636
1467166063863081
1467166063965433
1467166064067832
1467166064170292
1467166064272664
1467166064375084
1467166064477449
1467166064579873
1467166064682257
1467166064784630
1467166064887063
1467166064989472
1467166065091839
1467166065194299
1467166065296648
1467166065399124
1467166065501442
1467166065603912
1467166065706314
1467166065808668
1467166065911067
1467166066013479
1467166066115899
1467166066218268
1467166066320707
1467166066423066
1467166066525477
1467166066627873
1467166066730326
1467166066832698
1467166066935064
1467166067037471
1467166067139891
1467166067242325
1467166067344723
1467166067447107
1467166067549523
1467166067651893
1467166067754317
1467166067856711
1467166067959101
1467166068061522
1467166068163870
1467166068266314
1467166068368717
1467166068471133
1467166068573486
1467166068675927
1467166068778315
1467166068880680
1467166068983100
1467166069085482
1467166069187919
1467166069290314
1467166069392695
1467166069495097
1467166069597481
1467166069844525
1467166069946919
1467166070049286
1467166070151710
1467166070254273
1467166070356490
1467166070458920
1467166070561289
1467166070663711
1467166070766070
1467166070868491
1467166071073315
1467166071175660
1467166071380524
1467166071482846
1467166071585765
1467166071687711
1467166071790113
1467166071892551
1467166071994920
1467166072097269
1467166072302074
1467166072407667
1467166072506943
1467166072609320
1467166072711711
1467166072814178
1467166072916457
1467166073018920
1467166073121258
1467166073223681
1467166073326109
1467166073428459
1467166073530931
1467166073633295
1467166073736213
1467166073838105
1467166073940475
1467166074145255
1467166074247726
1467166074350146
1467166074452477
1467166074554873
1467166074658397
1467166074759822
1467166075066895
1467166075169314
1467166075271686
1467166075374107
1467166075476507
1467166075681316
1467166075783731
1467166075886120
1467166075988440
1467166076090872
1467166076193834
1467166076295662
1467166076500489
1467166076602899
1467166076705317
1467166076807733
1467166076910697
1467166077012587
1467166077114850
1467166077217273
1467166077319674
1467166077423147
1467166077524444
1467166077626838
1467166077729314
1467166077831724
1467166077935081
1467166078037623
1467166078138868
1467166078241296
1467166078343672
1467166078446066
1467166078548503
1467166078651611
1467166078757626
1467166078855713
1467166078958743
1467166079060527
1467166079162869
1467166079266399
1467166079367670
1467166079470107
1467166079573720
1467166079674868
1467166079777239
1467166079982108
1467166080084499
1467166080186901
1467166080289270
1467166080391644
1467166080494109
1467166080759213
1467166080861593
1467166081518105
1467166081620465
1467166081722905
1467166081987971
1467166082090400
1467166083361298
1467166083463707
1467166083728767
1467166083831252
1467166083933570
1467166084138368
1467166084240773
1467166084343157
1467166084445631
1467166084547975
1467166084650408
1467166084752819
1467166084855231
1467166084957627
1467166085059980
1467166085162360
1467166085264811
1467166085674440
1467166085776819
1467166085879176
1467166086084026
1467166086186419
1467166086288795
1467166086391198
1467166086493649
1467166086595984
1467166086842867
1467166086945291
1467166087312843
1467166087415227
1467166088174056
1467166088439232
1467166088541632
1467166089463340
1467166089565653
1467166089668068
1467166092270086
1467166092372463
1467166092637675
1467166092740007
1467166092842455
1467166093498880
1467166093603695
1467166093866497
1467166093968883
1467166094890489
1467166095095299
1467166097698422
1467166097799700
1467166097902109
1467166098167320
1467166098269650
1467166099028482
1467166099293689
1467166099396084
1467166099498914
1467166109986634
1467166113159656
1467166113262950
1467166113365945
1467166113466833
1467166113569254
1467166113671632
1467166113876393
1467166113980809
1467166114081231
1467166114183587
1467166114286049
1467166114388402
1467166114490832
1467166114595123
1467166114695624
1467166114798001
1467166114900394
1467166115002938
1467166115106089
1467166115310008
1467166115412373
1467166115516391
1467166115617285
1467166115719599
1467166115824240
1467166115924945
1467166116026817
1467166116231671
1467166116334123
1467166116438416
1467166116542947
1467166116641210
1467166116743656
1467166116845995
1467166116948418
1467166117050838
1467166117153258
1467166117255589
1467166117358052
1467166117460447
1467166117562842
1467166117665245
1467166117767593
1467166117870051
1467166117973994
1467166118074799
1467166118177441
1467166118279592
1467166118382051
1467166118484381
1467166118689239
1467166118791609
1467166118893993
1467166118998992
1467166119098796
1467166119203341
1467166119303637
1467166119405991
1467166119671407
1467166119773788
1467166119876240
1467166119978657
1467166120081049
1467166120183460
1467166120285797
1467166120388198
1467166120490616
1467166120593029
1467166120695408
1467166120797834
1467166120900225
1467166121002612
1467166121105051
1467166121207448
1467166121309867
1467166121412263
1467166121514658
1467166121617024
1467166121719426
1467166121821865
1467166121924205
1467166122026613
1467166122129009
1467166122231428
1467166122333875
1467166122436199
1467166122538626
1467166122641036
1467166122743471
1467166122845887
1467166122948282
1467166123050678
1467166123153045
1467166123255469
1467166123357886
1467166123460262
1467166123562677
1467166123665045
1467166123767478
1467166123869896
1467166123972237
1467166124074635
1467166124177050
1467166124279469
1467166124381837
1467166124484218
1467166124586680
1467166124689093
1467166124791461
1467166124893899
1467166124996278
1467166125098684
1467166125201014
1467166125303457
1467166125405823
1467166125654281
1467166125754844
1467166126778866
1467166126983637
1467166127249104
1467166127351458
1467166128375822
1467166128477893
1467166128580388
1467166128682884
1467166128785112
1467166128887490
1467166128989858
1467166129092273
1467166129194658
1467166129297080
1467166129399533
1467166129503427
1467166129604317
1467166129706724
1467166129809113
1467166129911483
1467166130013856
1467166130116265
1467166130218678
1467166130321339
1467166130423532
1467166130525914
1467166130628278
1467166130730723
1467166130833108
1467166130935471
1467166131037929
1467166131140269
1467166131242721
1467166131345141
1467166131447566
1467166131549894
1467166131652295
1467166131754680
1467166131857139
1467166131959468
1467166132061873
1467166132164271
1467166132266693
1467166132369136
1467166132471538
1467166132573882
1467166132676297
1467166132778745
1467166132881097
1467166132983534
1467166133085932
1467166133188278
1467166133290679
1467166133393139
1467166133495535
1467166133597931
1467166133700346
1467166133802727
1467166133905065
1467166134109946
1467166134212318
1467166134314687
1467166134417114
1467166134519535
1467166134621903
1467166134724354
1467166134826743
1467166134929112
1467166135031497
1467166135236282
1467166135338710
1467166135441104
1467166135543524
1467166135645911
1467166135748303
1467166135850763
1467166135953160
1467166136055513
1467166136157921
1467166136260305
1467166136362697
1467166136465129
1467166136567553
1467166136669909
1467166136772341
1467166136874784
1467166136977118
1467166137079529
1467166137181968
1467166137284386
1467166137386715
1467166137489118
1467166137591573
1467166137693973
1467166137796326
1467166137898763
1467166138145535
1467166138250283
1467166138349968
1467166138452427
1467166138554768
1467166138657224
1467166138759635
1467166138862432
1467166138964380
1467166139066766
1467166139169224
1467166139271565
1467166139373958
1467166139478722
1467166139578794
1467166139681181
1467166139783583
1467166139886098
1467166140193765
1467166140406117
1467166140500432
1467166140603373
1467166140707773
1467166140807602
1467166140910083
1467166141012387
1467166141119706
1467166141219786
1467166141319795
1467166141422750
1467166141527028
1467166141626790
1467166141729224
1467166141832323
1467166141938731
1467166142044160
1467166142241681
1467166142343636
1467166142446593
1467166142551208
1467166142658510
1467166142753223
1467166142857438
1467166142957950
1467166143063616
1467166143162823
1467166143265191
1467166143368134
1467166143475134
1467166143674823
1467166143782000
1467166143879565
1467166143982205
1467166144084409
1467166144186746
1467166144296860
1467166144394147
1467166144493956
1467166144759565
1467166144862020
1467166144964426
1467166145066785
1467166145171138
1467166145271645
1467166145376479
1467166145476360
1467166145579064
1467166145681180
1467166145783637
1467166145886227
1467166145988364
1467166146090764
1467166146193225
1467166146295597
1467166146398013
1467166146500366
1467166146602829
1467166146705163
1467166146807588
1467166146910032
1467166147012400
1467166147114831
1467166147217223
1467166147319592
1467166147422008
1467166147524394
1467166147626825
1467166147729222
1467166147831641
1467166147934007
1467166148036384
1467166148138768
1467166148241183
1467166148343580
1467166148446037
1467166148548383
1467166148650792
1467166148753206
1467166148855600
1467166148958037
1467166149060403
1467166149162799
1467166149265179
1467166149367595
1467166149470045
1467166149572392
1467166149674846
1467166149777244
1467166149879594
1467166149981979
1467166150084430
1467166150186851
1467166150289204
1467166150391582
1467166150494060
1467166150596385
1467166150698819
1467166150801186
1467166150903602
1467166151006062
1467166151108455
1467166151210790
1467166151313213
1467166151415592
1467166151517999
1467166151620396
1467166151722854
1467166151825268
1467166151927609
1467166152030059
1467166152132411
1467166152234803
1467166152337257
1467166152439602
1467166152542058
1467166152644458
1467166152746808
1467166152849201
1467166152951606
1467166153054000
1467166153156409
1467166153258900
1467166153361188
1467166153607614
1467166153709955
1467166153975624
1467166154078048
1467166154733462
1467166154835862
1467166154938263
1467166155204476
1467166155306845
1467166155409414
1467166155511990
1467166155614082
1467166155716727
1467166155818892
1467166155921262
1467166156023689
1467166156126022
1467166156228715
1467166156331056
1467166156535847
1467166156638080
1467166156740443
1467166156842822
1467166156945264
1467166157047885
1467166157150261
1467166157252496
1467166157354827
1467166157457290
1467166157559661
1467166157662102
1467166157764476
1467166157866863
1467166157969281
1467166158071719
1467166158174048
1467166158276435
1467166158378832
1467166158481291
1467166158583673
1467166158686368
1467166158788456
1467166158890848
1467166158993280
1467166159095703
1467166159198049
1467166159300482
1467166159402853
1467166159505254
1467166159607647
1467166159710102
1467166159812497
1467166159914840
1467166160017250
1467166160119664
1467166160222121
1467166160324518
1467166160426914
1467166160529310
1467166160631667
1467166160734080
1467166160836514
1467166160938917
1467166161041311
1467166161143692
1467166161246055
1467166161348529
1467166161450915
1467166161553326
1467166161655734
1467166161758139
1467166161860517
1467166161962855
1467166162065264
1467166162167691
1467166162270071
1467166162372524
1467166162475085
1467166162577268
1467166162679728
1467166162782076
1467166162884465
1467166162986909
1467166163089584
1467166163191937
1467166163294226
1467166163396489
1467166163498874
1467166163601542
1467166163703925
1467166163806183
1467166163908711
1467166164010862
1467166164113272
1467166164215684
1467166164318144
1467166164420793
1467166164522892
1467166164625272
1467166164871607
1467166164973986
1467166165076601
1467166165178873
1467166165281145
1467166165385763
1467166165486886
1467166165588430
1467166165692918
1467166165793162
1467166165895519
1467166165999666
1467166166101499
1467166166202788
1467166166305188
1467166166407596
1467166166509921
1467166166612580
1467166166714857
1467166166817155
1467166166919537
1467166167021936
1467166167124314
1467166167226764
1467166167330147
1467166167431551
1467166167533926
1467166167637269
1467166167738747
1467166167841189
1467166168045932
1467166168148339
1467166168252164
1467166168353184
1467166168455662
1467166168559126
1467166168660427
1467166168762739
1467166168865134
1467166168967599
1467166169078348
1467166169172314
1467166169274769
1467166169377184
1467166169582010
1467166169684340
1467166169786725
1467166169889136
1467166169991539
1467166170094788
1467166170196316
1467166170298772
1467166170401142
1467166170503532
1467166170605930
1467166170709193
1467166170810770
1467166170913182
1467166171015600
1467166171117920
1467166171220337
1467166171324115
1467166171527127
1467166171629415
1467166171731827
1467166171834290
1467166172039526
1467166172141913
1467166172244345
1467166172346729
1467166172449101
1467166172653978
1467166172759044
1467166172858933
1467166172961143
1467166173226971
1467166173575519
1467166173677935
1467166174046224
1467166174148577
1467166174397392
1467166174497121
1467166174762952
1467166174865395
1467166174967769
1467166175213938
1467166175317297
1467166175582140
1467166175684557
1467166175787024
1467166176033167
1467166176135520
1467166176401356
1467166176503768
1467166176751757
1467166176852335
1467166176954729
1467166177322999
1467166177569118
1467166177671516
1467166177937374
1467166178039793
1467166178142180
1467166178390279
1467166178490772
1467166178756571
1467166178858982
1467166178961405
1467166179207556
1467166179309925
1467166179575805
1467166179678397
1467166180026690
1467166180129166
1467166180394985
1467166180497374
1467166180743542
1467166180845911
1467166180948307
1467166181214208
1467166181316609
1467166181562764
1467166181665121
1467166181931092
1467166182033461
1467166182135793
1467166182381959
1467166182484328
1467166182750201
1467166182852627
1467166182954999
1467166183201173
1467166183304895
1467166183569421
1467166183671795
1467166184020319
1467166184122710
1467166184388626
1467166184491004
1467166184839531
1467166184941914
1467166185207850
1467166185310272
1467166185556358
1467166185658712
1467166185762449
1467166185924607
1467166186027081
1467166186129435
1467166186376793
1467166186477989
1467166186743820
1467166186846236
1467166186948667
1467166187194706
1467166187297082
1467166187563044
1467166187665455
1467166187767838
1467166188013955
1467166188116311
1467166188382247
1467166188484653
1467166188730719
1467166188833396
1467166188935541
1467166189201433
1467166189303835
1467166189549927
1467166189652351
1467166189754680
1467166190020725
1467166190123068
1467166190373466
1467166190471480
1467166190573915
1467166190737463
1467166190839888
1467166190942315
1467166191188297
1467166191290687
1467166191556712
1467166191659135
1467166191761525
1467166192007571
1467166192109873
1467166192376143
1467166192478299
1467166192827085
1467166192929145
1467166193195071
1467166193297465
1467166193543496
1467166193645885
1467166193748284
1467166194014276
1467166194116668
1467166194364701
1467166194465087
1467166194567530
1467166194833456
1467166194935941
1467166195181893
1467166195284291
1467166195550298
1467166195652705
1467166195755086
1467166196001087
1467166196103488
1467166196369514
1467166196471895
1467166196574300
1467166196820264
1467166196922662
1467166197188770
1467166197291121
1467166197537170
1467166197639479
1467166197741875
1467166198007883
1467166198110312
1467166198356274
1467166198458668
1467166198561071
1467166198827400
1467166198929565
1467166199175549
1467166199279978
1467166199380287
1467166199543901
1467166199646303
1467166199748705
1467166199994835
1467166200097080
1467166200363108
1467166200465562
1467166200567916
1467166200916271
1467166201182380
1467166201284716
1467166201530662
1467166201633087
1467166201735522
1467166202001589
1467166202103952
1467166202349928
1467166202452272
1467166202554684
1467166202820729
1467166202923127
1467166203169088
1467166203273612
1467166203373852
1467166203537540
1467166203639941
1467166203742384
1467166203988393
1467166204090777
1467166204356750
1467166204459163
1467166204561562
1467166204807508
1467166204909849
1467166205176007
1467166205278521
1467166205626665
1467166205729361
1467166205995155
1467166206097543
1467166206343476
1467166206445876
1467166206548298
1467166206814327
1467166206916767
1467166207162660
1467166207266852
1467166207367480
1467166207633637
1467166207735963
1467166207981857
1467166208084316
1467166208186670
1467166208452761
1467166208555218
1467166208801053
1467166208903821
1467166209169579
1467166209272027
1467166209374377
1467166209620679
1467166209722659
1467166209988795
1467166210091190
1467166210193631
1467166210439458
1467166210541877
1467166210807969
1467166210910376
1467166211156514
1467166211361083
1467166211627187
1467166211729652
1467166211975449
1467166212077873
1467166212180283
1467166212446479
1467166212548851
1467166212794639
1467166212897329
1467166212999600
1467166213163189
1467166213265621
1467166213367988
1467166213614014
1467166213982403
1467166214084813
1467166214187208
