1467379830544672
1467379830646926
1467379830749191
1467379830854161
1467379831055974
1467379831158259
1467379831260694
1467379831465360
1467379831567348
1467379831771964
1467379831874608
1467379831976493
1467379832078716
1467379832285088
1467379832385587
1467379832488450
1467379832590127
1467379832692350
1467379832794672
1467379832896943
1467379832999261
1467379833101502
1467379833203732
1467379833510604
1467379833613480
1467379833715151
1467379833919693
1467379834021924
1467379834229355
1467379834328796
1467379834432447
1467379834533404
1467379834741372
1467379834844302
1467379834945006
1467379835147068
1467379835254276
1467379835351630
1467379835556359
1467379835658355
1467379835760610
1467379835862984
1467379835965168
1467379836067738
1467379836274753
1467379836476854
1467379836579179
1467379836681650
1467379836784920
1467379836987990
1467379837091214
1467379837193859
1467379837296049
1467379837398586
1467379837501071
1467379837603250
1467379837705646
1467379838012959
1467379838113253
1467379838426229
1467379838522060
1467379838624317
1467379838828828
1467379839033415
1467379839135668
1467379839340277
1467379839442452
1467379839544752
1467379839648195
1467379839749335
1467379839851589
1467379840056235
1467379840158391
1467379840260694
1467379840362961
1467379840470532
1467379840567903
1467379840669798
1467379840772068
1467379840874300
1467379840976714
1467379841078877
1467379841181248
1467379841283448
1467379841385713
1467379841488098
1467379841590380
1467379841692722
1467379841794798
1467379841897106
1467379842000462
1467379842101630
1467379842510732
1467379842715236
1467379842817944
1467379843022130
1467379843328936
1467379843431136
1467379843533582
1467379843738129
1467379843840243
1467379843942568
1467379844048381
1467379844147119
1467379844249485
1467379844352985
1467379844453940
1467379844662753
1467379845068031
1467379845169983
1467379845272076
1467379845478962
1467379845581092
1467379845783546
1467379845989028
1467379846092380
1467379846193174
1467379846295319
1467379846403962
1467379846602729
1467379846807699
1467379846908795
1467379847113140
1467379847217198
1467379847422003
1467379847523366
1467379847624442
1467379848033989
1467379848135800
1467379848238127
1467379848340329
1467379848442630
1467379848544862
1467379848749477
1467379848953985
1467379849158502
1467379849261329
1467379849364130
1467379849467734
1467379849567982
1467379849670005
1467379849772158
1467379849976735
1467379850283543
1467379850385836
1467379850488157
1467379850590350
1467379850692625
1467379850794907
1467379850897153
1467379850999572
1467379851102903
1467379851408535
1467379851613133
1467379851715408
1467379851817684
1467379851920024
1467379852022200
1467379852124510
1467379852329047
1467379852431257
1467379852635893
1467379852840423
1467379852942693
1467379853249527
1467379853353486
1467379853454017
1467379853556314
1467379854068198
1467379854169988
1467379854272268
1467379854374529
1467379854579071
1467379854681362
1467379854783638
1467379854885902
1467379854988182
1467379855090446
1467379855192718
1467379855295019
1467379855397277
1467379855499551
1467379855601818
1467379855704092
1467379855908605
1467379856010882
1467379856113191
1467379856215481
1467379856318074
1467379856420047
1467379856726965
1467379856829074
1467379856931367
1467379857033640
1467379857135922
1467379857238151
1467379857340573
1467379857442704
1467379857545039
1467379857647299
1467379857750382
1467379857851874
1467379857954106
1467379858056527
1467379858363509
1467379858466175
1467379858569182
1467379858674494
1467379858773247
1467379858875986
1467379858981868
1467379859080792
1467379859387461
1467379859490363
1467379859592659
1467379859695096
1467379859797064
1467379860002230
1467379860101884
1467379860204204
1467379860306415
1467379860412467
1467379860513880
1467379860617279
1467379860719175
1467379860821029
1467379860923484
1467379861022485
1467379861125393
1467379861431712
1467379861538430
1467379861640304
1467379861738552
1467379861840507
1467379861943383
1467379862045092
1467379862147398
1467379862352111
1467379862459507
1467379862658739
1467379862761010
1467379862965531
1467379863170166
1467379863272339
1467379863376263
1467379863478039
1467379863683547
1467379863783715
1467379863885975
1467379863992520
1467379864098008
1467379864295276
1467379864401492
1467379864502603
1467379864601955
1467379864704242
1467379864806495
1467379864908790
1467379865011052
1467379865215734
1467379865321145
1467379865420155
1467379865625072
1467379865727530
1467379865829175
1467379865933109
1467379866033800
1467379866138543
1467379866238318
1467379866340616
1467379866442905
1467379866545234
1467379866647388
1467379866749734
1467379866852075
1467379867056496
1467379867158813
1467379867261053
1467379867363359
1467379867567860
1467379867670197
1467379867775427
1467379867977029
1467379868081634
1467379868181500
1467379868286090
1467379868386259
1467379868488524
1467379868590843
1467379868692930
1467379868795221
1467379869102006
1467379869204242
1467379869306572
1467379869511113
1467379869613344
1467379869818163
1467379869920220
1467379870022465
1467379870124760
1467379870227037
1467379870335261
1467379870431541
1467379870533949
1467379870636137
1467379870738387
1467379871147468
1467379871249737
1467379871352007
1467379871454261
1467379871556570
1467379871658903
1467379871761083
1467379871863426
1467379871965704
1467379872170201
1467379872272488
1467379872374803
1467379872477044
1467379872579344
1467379872681766
1467379872783977
1467379872887887
1467379872988486
1467379873090665
1467379873193163
1467379873295260
1467379873397480
1467379873499822
1467379873602074
1467379873704326
1467379873806635
1467379874113542
1467379874217157
1467379874323398
1467379874421109
1467379874628818
1467379874727581
1467379874829374
1467379874931628
1467379875033924
1467379875136327
1467379875238466
1467379875343740
1467379875443041
1467379875546302
1467379875647629
1467379875955575
1467379876056601
1467379876158900
1467379876568115
1467379876670330
1467379876774160
1467379876874942
1467379877079379
1467379877283908
1467379877387261
1467379877488510
1467379877593507
1467379877693178
1467379877795330
1467379877897609
1467379877999866
1467379878204594
1467379878306701
1467379878511241
1467379878614169
1467379878715825
1467379878920579
1467379879023029
1467379879228425
1467379879330207
1467379879432613
1467379879636946
1467379879739972
1467379879944642
1467379880047179
1467379880149407
1467379880249964
1467379880454432
1467379880556700
1467379880658981
1467379880761291
1467379880863847
1467379880965805
1467379881068096
1467379881170470
1467379881272595
1467379881374899
1467379881477203
1467379881682559
1467379881784073
1467379881988577
1467379882090847
1467379882194112
1467379882295508
1467379882397657
1467379882500033
1467379882602221
1467379882806705
1467379882909033
1467379883011303
1467379883113590
1467379883215857
1467379883318136
1467379883420372
1467379883624947
1467379883727221
1467379883931787
1467379884034054
1467379884136327
1467379884238558
1467379884340834
1467379884443157
1467379884545551
1467379884648460
1467379884749970
1467379884852243
1467379884957039
1467379885159155
1467379885363579
1467379885465884
1467379885568524
1467379885671434
1467379885772712
1467379885875030
1467379885978618
1467379886079868
1467379886181806
1467379886284099
1467379886386368
1467379886488585
1467379886590905
1467379886693259
1467379886795906
1467379886897740
1467379887005824
1467379887102284
1467379887204511
1467379887306822
1467379887409094
1467379887511368
1467379887613645
1467379887715932
1467379887818203
1467379887920473
1467379888022700
1467379888125129
1467379888329578
1467379888432288
1467379888534114
1467379888636374
1467379888840929
1467379888943220
1467379889045491
1467379889147768
1467379889249994
1467379889352379
1467379889454555
1467379889556949
1467379889659110
1467379889761438
1467379889863787
1467379889965920
1467379890275847
1467379890375803
1467379890477287
1467379890579614
1467379890785077
1467379890892722
1467379890988630
1467379891091325
1467379891398530
1467379891500163
1467379891602364
1467379891704699
1467379891806933
1467379891909171
1467379892011394
1467379892113906
1467379892215993
1467379892318205
1467379892420506
1467379892523991
1467379892625596
1467379892727330
1467379892829702
1467379893034242
1467379893341826
1467379893443373
1467379893545551
1467379893647832
1467379893751952
1467379893852377
1467379893954640
1467379894056929
1467379894159153
1467379894363746
1467379894568287
1467379894670829
1467379894772808
1467379894879576
1467379894979332
1467379895079748
1467379895181931
1467379895386510
1467379895488785
1467379895693277
1467379895796873
1467379896000479
1467379896204697
1467379896306952
1467379896412244
1467379896511494
1467379896613721
1467379896716036
1467379896818307
1467379896920599
1467379897125108
1467379897227357
1467379897329681
1467379897431979
1467379897534199
1467379897636516
1467379897738750
1467379897841264
1467379897943292
1467379898045588
1467379898147889
1467379898250157
1467379898352434
1467379898454650
1467379898556926
1467379898659266
1467379898761547
1467379898966050
1467379899068320
1467379899170582
1467379899272864
1467379899375287
1467379899477406
1467379899579678
1467379899682015
1467379899784307
1467379899886538
1467379899988791
1467379900091057
1467379900193370
1467379900295623
1467379900397911
1467379900500192
1467379900704743
1467379900809345
1467379900911723
1467379901013816
1467379901113854
1467379901216275
1467379901318411
1467379901420659
1467379901522866
1467379901625202
1467379901727493
1467379901932005
1467379902034308
1467379902136580
1467379902238803
1467379902445892
1467379902547244
1467379902647959
1467379902750224
1467379902852613
1467379902954791
1467379903057028
1467379903169128
1467379903261615
1467379903363839
1467379903466109
1467379903568410
1467379903670700
1467379903875218
1467379903977539
1467379904079736
1467379904182056
1467379904386633
1467379904488839
1467379904591120
1467379904693379
1467379904795701
1467379904897979
1467379905205627
1467379905307096
1467379905511620
1467379905613957
1467379906022991
1467379906125348
1467379906227549
1467379906433116
1467379906636660
1467379906738894
1467379906841221
1467379906943473
1467379907045741
1467379907147988
1467379907250232
1467379907352704
1467379907454793
1467379907557117
1467379907659392
1467379907761615
1467379907863933
1467379907966207
1467379908069929
1467379908170710
1467379908273184
1467379908375351
1467379908478595
1467379908579854
1467379908682138
1467379908784415
1467379908886634
1467379908988955
1467379909098992
1467379909295791
1467379909500283
1467379909704813
1467379909807086
1467379909909412
1467379910011674
1467379910113959
1467379910318516
1467379910420762
1467379910523060
1467379910625332
1467379910727587
1467379910829915
1467379911136715
1467379911238972
1467379911341664
1467379911443498
1467379911546564
1467379911648081
1467379911750297
1467379911852979
1467379912057924
1467379912159417
1467379912261682
1467379912364223
1467379912466362
1467379912568565
1467379912773038
1467379912875370
1467379912977643
1467379913182206
1467379913284456
1467379913386779
1467379913489015
1467379913693560
1467379913795794
1467379913898540
1467379914000343
1467379914103007
1467379914206495
1467379914307192
1467379914409436
1467379914511763
1467379914614041
1467379914716281
1467379914818782
1467379914920805
1467379915023277
1467379915125352
1467379915329966
1467379915432238
1467379915739039
1467379915943569
1467379916045846
1467379916148350
1467379916250439
1467379916352710
1467379916454973
1467379916557189
1467379916661122
1467379916761790
1467379916966452
1467379917068620
1467379917170895
1467379917375998
1467379917477724
1467379917579974
1467379917682246
1467379917784647
1467379917886809
1467379917991977
1467379918194144
1467379918297901
1467379918398184
1467379918503386
1467379918602980
1467379918704985
1467379918809956
1467379918909559
1467379919012128
1467379919216375
1467379919318692
1467379919728845
1467379919830226
1467379919932593
1467379920137747
1467379920239838
1467379920342197
1467379920751851
1467379920854954
1467379921062268
1467379921159748
1467379921263829
1467379921369346
1467379921468641
1467379921571934
1467379921677153
1467379921773228
1467379921875510
1467379921977770
1467379922080023
1467379922195184
1467379922284851
1467379922386873
1467379922492709
1467379922591398
1467379922796000
1467379922898247
1467379923001458
1467379923102845
1467379923205293
1467379923511895
1467379923614119
1467379923818727
1467379923922013
1467379924023293
1467379924125488
1467379924330090
1467379924432352
1467379924636924
1467379924756497
1467379924841459
1467379924943727
1467379925045987
1467379925148243
1467379925250637
1467379925352977
1467379925455092
1467379925557370
1467379925864248
1467379925966783
1467379926071161
1467379926171159
1467379926375562
1467379926682396
1467379926886882
1467379926989167
1467379927091451
1467379927296234
1467379927398396
1467379927500578
1467379927705250
1467379927807416
1467379928011981
1467379928115405
1467379928216663
1467379928318895
1467379929035834
1467379929138224
1467379929341538
1467379929449706
1467379929548124
1467379929958583
1467379930166711
1467379930364269
1467379930466537
1467379930568839
1467379930671042
1467379930773371
1467379930875644
1467379930977923
1467379931182459
1467379931591486
1467379931694460
1467379931796121
1467379932307480
1467379932409711
1467379932512590
1467379932614250
1467379932716562
1467379932818840
1467379933023415
1467379933125689
1467379933227959
1467379933330209
1467379933432500
1467379933534767
1467379933739311
1467379933841541
1467379933943854
1467379934148419
1467379934455703
1467379934557470
1467379934659827
1467379934763013
1467379934864337
1467379934966604
1467379935069003
1467379935171436
1467379935273380
1467379935375666
1467379935887066
1467379935989353
1467379936091626
1467379936193900
1467379936296170
1467379936398409
1467379936500707
1467379936602943
1467379936706788
1467379936807502
1467379937012084
1467379937114373
1467379937217044
1467379937318919
1467379937523423
1467379937830556
1467379937936262
1467379938034999
1467379938241645
1467379938341645
1467379938443939
1467379938546212
1467379938648439
1467379938752077
1467379938853034
1467379938956061
1467379939060413
1467379939159927
1467379939364341
1467379939466677
1467379939571775
1467379939671336
1467379939773498
1467379939875778
1467379939978627
1467379940080279
1467379940182585
1467379940387098
1467379940490268
1467379940593476
1467379940693977
1467379940900231
1467379941001570
1467379941103891
1467379941409835
1467379941514602
1467379941718337
1467379941923098
1467379942025546
1467379942331791
1467379942436647
1467379942639144
1467379942743750
1467379942947268
1467379943353086
1467379943765669
1467379943867789
1467379943966688
1467379944174941
1467379944273561
1467379944478123
1467379944580376
1467379944686998
1467379944894128
1467379945194035
1467379945296260
1467379945398946
1467379945508607
1467379945603127
1467379945708516
1467379945807708
1467379945909884
1467379946123748
1467379946216740
1467379946319251
1467379946626774
1467379946728146
1467379946940782
1467379947034902
1467379947137193
1467379947341753
1467379947444316
1467379947548025
1467379947648615
1467379947751380
1467379947856390
1467379947955381
1467379948057711
1467379948159924
1467379948263000
1467379948480941
1467379948671356
1467379948875859
1467379948978171
1467379949080464
1467379949183008
1467379949284999
1467379949387223
1467379949489562
1467379949591875
1467379949796525
1467379949898608
1467379950205479
1467379950307757
1467379950409972
1467379950512306
1467379950614513
1467379950716894
1467379950819049
1467379951125899
1467379951330439
1467379951433171
1467379951641289
1467379951739567
1467379951841833
1467379952250905
1467379952353232
1467379952660043
1467379952762312
1467379952977551
1467379953069119
1467379953273841
1467379953375963
1467379953478181
1467379953581832
1467379953682753
1467379953887366
1467379953990781
1467379954093423
1467379954195795
1467379954297213
1467379954398732
1467379954501153
1467379954603226
1467379954809718
1467379954911338
1467379955012315
1467379955114696
1467379955217026
1467379955319231
1467379955421583
1467379955626324
1467379955932881
1467379956035693
1467379956137521
1467379956239675
1467379956341928
1467379956546939
1467379956648734
1467379956750981
1467379956855124
1467379956955535
1467379957057780
1467379957161499
1467379957262323
1467379957364669
1467379957468818
1467379957569215
1467379957671485
1467379957773719
1467379957876027
1467379957978462
1467379958182863
1467379958387410
1467379958489606
1467379958591947
1467379958694235
1467379958796547
1467379958898839
1467379959206237
1467379959307841
1467379959410357
1467379959921446
1467379960126475
1467379960332698
1467379960435414
1467379960739660
1467379960841947
1467379960944255
1467379961046970
1467379961251046
1467379961353295
1467379961455567
1467379961557836
1467379961660278
1467379961763505
1467379961864840
