1467086927426903
1467086927529300
1467086927631696
1467086927734104
1467086927836536
1467086927938899
1467086928041318
1467086928143685
1467086928246071
1467086928348476
1467086928450925
1467086928553341
1467086928655689
1467086928758148
1467086928860527
1467086928962906
1467086929065342
1467086929167755
1467086929270099
1467086929372541
1467086929474962
1467086929577372
1467086929679720
1467086929782174
1467086929884540
1467086929987007
1467086930089380
1467086930191742
1467086930294191
1467086930396588
1467086930498988
1467086930601418
1467086930703759
1467086930806213
1467086930908635
1467086931010946
1467086931113343
1467086931215715
1467086931318151
1467086931420518
1467086931522935
1467086931625368
1467086931727749
1467086931830133
1467086931932548
1467086932034989
1467086932137344
1467086932239805
1467086932342222
1467086932444587
1467086932547001
1467086932649362
1467086932751743
1467086932854217
1467086932956615
1467086933059010
1467086933161425
1467086933263820
1467086933366192
1467086933468568
1467086933571026
1467086933673385
1467086933775799
1467086933878235
1467086933980655
1467086934083060
1467086934185446
1467086934287831
1467086934390270
1467086934492659
1467086934595069
1467086934697512
1467086934799884
1467086934902278
1467086935004611
1467086935107090
1467086935209457
1467086935311883
1467086935414305
1467086935516695
1467086935619112
1467086935823878
1467086935926262
1467086936028717
1467086936131134
1467086936233528
1467086936335880
1467086936438341
1467086936540733
1467086936643081
1467086936745550
1467086936847945
1467086936950342
1467086937052721
1467086937155153
1467086937257498
1467086937359932
1467086937462381
1467086937564684
1467086937667134
1467086937769514
1467086937871925
1467086937974323
1467086938076662
1467086938179046
1467086938281530
1467086938383928
1467086938486303
1467086938588758
1467086938691124
1467086938793513
1467086938895919
1467086938998365
1467086939100727
1467086939203123
1467086939305516
1467086939407967
1467086939510384
1467086939612739
1467086939715141
1467086939817590
1467086939919956
1467086940022343
1467086940124755
1467086940227134
1467086940329541
1467086940431979
1467086940534405
1467086940636756
1467086940739220
1467086940841576
1467086940943970
1467086941046392
1467086941148834
1467086941251286
1467086941353594
1467086941456001
1467086941558467
1467086941660863
1467086941763239
1467086941865605
1467086941968024
1467086942070390
1467086942172836
1467086942275275
1467086942377656
1467086942480074
1467086942582500
1467086942684824
1467086942787276
1467086942889642
1467086942992020
1467086943094489
1467086943196926
1467086943299302
1467086943401713
1467086943504115
1467086943606447
1467086943708856
1467086943811326
1467086943913725
1467086944016053
1467086944118420
1467086944220839
1467086944323227
1467086944425655
1467086944528072
1467086944630441
1467086944732907
1467086944835251
1467086944937646
1467086945040047
1467086945142539
1467086945244843
1467086945449683
1467086945553946
1467086945654506
1467086945756898
1467086945859319
1467086945961735
1467086946064131
1467086946166471
1467086946268913
1467086946371266
1467086946473770
1467086946576165
1467086946678514
1467086946780915
1467086946883344
1467086946985723
1467086947088099
1467086947190568
1467086947292921
1467086947395341
1467086947497756
1467086947600178
1467086947702512
1467086947804925
1467086947907338
1467086948009803
1467086948112200
1467086948214595
1467086948317010
1467086948419361
1467086948521759
1467086948624218
1467086948726615
1467086948829048
1467086948931369
1467086949136217
1467086949238559
1467086949341050
1467086949443418
1467086949545817
1467086949648240
1467086949750618
1467086949852995
1467086949955469
1467086950057834
1467086950160261
1467086950262678
1467086950365005
1467086950467470
1467086950569885
1467086950672219
1467086950774577
1467086950876989
1467086951081749
1467086951184241
1467086951286569
1467086951389054
1467086951491425
1467086951593866
1467086951696284
1467086951798606
1467086951901006
1467086952003430
1467086952105890
1467086952208306
1467086952310638
1467086952413078
1467086952515507
1467086952617886
1467086952720323
1467086952822666
1467086952925056
1467086953027529
1467086953129946
1467086953232311
1467086953334703
1467086953437117
1467086953539529
1467086953641954
1467086953949137
1467086954051473
1467086954153951
1467086954256344
1467086954358682
1467086954461084
1467086954563527
1467086954665892
1467086954768338
1467086954870762
1467086954973178
1467086955075506
1467086955177969
1467086955280387
1467086955382783
1467086955485117
1467086955587548
1467086955689939
1467086955792327
1467086955894805
1467086955997201
1467086956099641
1467086956202039
1467086956304367
1467086956406768
1467086956509285
1467086956611612
1467086956714047
1467086956816431
1467086956918808
1467086957021204
1467086957123612
1467086957225994
1467086957329114
1467086957430733
1467086957533183
1467086957635597
1467086957737993
1467086957840327
1467086957942804
1467086958045168
1467086958147564
1467086958250013
1467086958352371
1467086958454822
1467086958557223
1467086958659619
1467086958762029
1467086958864413
1467086958966847
1467086959069244
1467086959171626
1467086959274002
1467086959376394
1467086959478848
1467086959581226
1467086959683676
1467086959786058
1467086959888493
1467086959990844
1467086960093205
1467086960195597
1467086960298093
1467086960400525
1467086960502849
1467086960605249
1467086960707643
1467086960810054
1467086960912468
1467086961014847
1467086961117226
1467086961219662
1467086961322092
1467086961424491
1467086961526873
1467086961629299
1467086961731678
1467086961834096
1467086961936492
1467086962038956
1467086962141290
1467086962243685
1467086962346096
1467086962448554
1467086962550911
1467086962653335
1467086962755762
1467086962858184
1467086962960542
1467086963062925
1467086963165364
1467086963267760
1467086963370173
1467086963472598
1467086963575013
1467086963677431
1467086963779771
1467086963882155
1467086963984560
1467086964086918
1467086964189316
1467086964291730
1467086964394105
1467086964496557
1467086964598916
1467086964701399
1467086964803709
1467086964906118
1467086965008576
1467086965110919
1467086965213354
1467086965315750
1467086965418153
1467086965520598
1467086965622924
1467086965725358
1467086965827751
1467086965930166
1467086966032571
1467086966134966
1467086966237430
1467086966339794
1467086966442186
1467086966544581
1467086966646958
1467086966749431
1467086966851847
1467086966954216
1467086967056659
1467086967158988
1467086967261395
1467086967363811
1467086967466235
1467086967568622
1467086967671028
1467086967773471
1467086967875825
1467086967978249
1467086968080664
1467086968183052
1467086968285494
1467086968387863
1467086968490308
1467086968592701
1467086968695137
1467086968797555
1467086968899850
1467086969002306
1467086969104741
1467086969207119
1467086969309517
1467086969411931
1467086969514349
1467086969616745
1467086969719177
1467086969821555
1467086969923922
1467086970026348
1467086970128744
1467086970231160
1467086970333495
1467086970435845
1467086970538259
1467086970640701
1467086970743066
1467086970845459
1467086970947852
1467086971050255
1467086971152792
1467086971255115
1467086971357478
1467086971459888
1467086971562295
1467086971664694
1467086971767141
1467086971869522
1467086971971896
1467086972074307
1467086972176766
1467086972279107
1467086972381503
1467086972483937
1467086972586368
1467086972688767
1467086972791145
1467086972893509
1467086972995945
1467086973098376
1467086973200746
1467086973303135
1467086973405601
1467086973507952
1467086973610360
1467086973712773
1467086973815181
1467086973917620
1467086974019982
1467086974122371
1467086974224750
1467086974327226
1467086974429603
1467086974532000
1467086974634427
1467086974736799
1467086974839177
1467086974941624
1467086975044053
1467086975146467
1467086975248840
1467086975351234
1467086975453631
1467086975556028
1467086975658422
1467086975760893
1467086975863235
1467086975965686
1467086976068017
1467086976170417
1467086976272905
1467086976375272
1467086976477678
1467086976580133
1467086976682513
1467086976989662
1467086977092016
1467086977194403
1467086977399230
1467086977501632
1467086977604020
1467086977706414
1467086977808901
1467086977911243
1467086978013630
1467086978116099
1467086978218452
1467086978320908
1467086978423264
1467086978525642
1467086978628065
1467086978730463
1467086978832942
1467086978935273
1467086979037677
1467086979140138
1467086979242474
1467086979344877
1467086979447328
1467086979549706
1467086979652155
1467086979754553
1467086979959339
1467086980061743
1467086980164163
1467086980266577
1467086980368974
1467086980471338
1467086980573741
1467086980676181
1467086980778562
1467086980881006
1467086980983418
1467086981085789
1467086981188206
1467086981290634
1467086981392975
1467086981495366
1467086981597734
1467086981700133
1467086981802573
1467086981904982
1467086982007414
1467086982109802
1467086982212152
1467086982314570
1467086982417043
1467086982519408
1467086982725205
1467086982826625
1467086982929015
1467086983031380
1467086983133873
1467086983236204
1467086983338624
1467086983440949
1467086983543347
1467086983645777
1467086983748276
1467086983850663
1467086983952990
1467086984055385
1467086984157777
1467086984260176
1467086984362592
1467086984465039
1467086984567432
1467086984669786
1467086984772182
1467086984874663
1467086984977057
1467086985079419
1467086985181831
1467086985284216
1467086985386627
1467086985489081
1467086985591443
1467086985693876
1467086985796262
1467086985898656
1467086986001108
1467086986103456
1467086986205910
1467086986308332
1467086986410665
1467086986513081
1467086986615519
1467086986717935
1467086986820301
1467086986922666
1467086987025069
1467086987127508
1467086987229935
1467086987332280
1467086987434680
1467086987537140
1467086987639503
1467086987741890
1467086987844289
1467086988049129
1467086988151535
1467086988356313
1467086988458784
1467086988561182
1467086988663580
1467086988765998
1467086988868369
1467086988970779
1467086989073166
1467086989175574
1467086989277983
1467086989380371
1467086989482755
1467086989585182
1467086989687641
1467086989789974
1467086989892379
1467086989994774
1467086990097117
1467086990199530
1467086990301931
1467086990404394
1467086990506741
1467086990609126
1467086990711562
1467086990916350
1467086991018809
1467086991121201
1467086991223574
1467086991326027
1467086991428389
1467086991530764
1467086991633157
1467086991735625
1467086991940386
1467086992042758
1467086992145307
1467086992247566
1467086992349988
1467086992452395
1467086992554921
1467086992657238
1467086992759593
1467086992861991
1467086992964401
1467086993169288
1467086993271618
1467086993374031
1467086993476474
1467086993578892
1467086993681224
1467086993783612
1467086993886031
1467086993988495
1467086994090851
1467086994193283
1467086994295654
1467086994398080
1467086994500515
1467086994602854
1467086994705281
1467086994807651
1467086994910072
1467086995012538
1467086995114891
1467086995217300
1467086995319749
1467086995422096
1467086995524507
1467086995626902
1467086995729329
1467086995831769
1467086995934102
1467086996036485
1467086996138980
1467086996241333
1467086996343739
1467086996446130
1467086996548485
1467086996650873
1467086996753330
1467086996855665
1467086996958070
1467086997060464
1467086997162918
1467086997265287
1467086997367724
1467086997470113
1467086997572512
1467086997674907
1467086997777327
1467086997879722
1467086997982107
1467086998084582
1467086998186926
1467086998289313
1467086998391728
1467086998494135
1467086998596552
1467086998699876
1467086998801395
1467086998903733
1467086999006163
1467086999108559
1467086999210974
1467086999313376
1467086999415764
1467086999518224
1467086999620574
1467086999722998
1467086999825383
1467086999927778
1467087000030183
1467087000132650
1467087000235039
1467087000337458
1467087000439799
1467087000542270
1467087000644670
1467087000747019
1467087000849432
1467087000951832
1467087001054240
1467087001156638
1467087001259030
1467087001361427
1467087001463852
1467087001566296
1467087001668655
1467087001771103
1467087001873449
1467087001975863
1467087002078269
1467087002180729
1467087002283108
1467087002385441
1467087002487847
1467087002590273
1467087002692668
1467087002795175
1467087002897496
1467087002999887
1467087003102292
1467087003204629
1467087003307023
1467087003409437
1467087003511840
1467087003614243
1467087003716652
1467087003819101
1467087003921473
1467087004023911
1467087004126309
1467087004228657
1467087004331081
1467087004433461
1467087004535877
1467087004638282
1467087004740716
1467087004843105
1467087004945468
1467087005047900
1467087005150369
1467087005252723
1467087005355116
1467087005457510
1467087005559935
1467087005662324
1467087005764777
1467087005867186
1467087005969580
1467087006072006
1467087006174419
1467087006276728
1467087006379143
1467087006481542
1467087006583950
1467087006686414
1467087006788745
1467087006891151
1467087006993531
1467087007096022
1467087007198368
1467087007300803
1467087007403226
1467087007505570
1467087007607971
1467087007710406
1467087007812858
1467087007915259
1467087008017628
1467087008120078
1467087008222490
1467087008324855
1467087008427212
1467087008529618
1467087008632031
1467087008734427
1467087008836876
1467087008939215
1467087009041642
1467087009144042
1467087009246420
1467087009348850
1467087009451236
1467087009553641
1467087009656047
1467087009758389
1467087009860811
1467087009963248
1467087010065593
1467087010168003
1467087010270412
1467087010372864
1467087010475208
1467087010577598
1467087010680019
1467087010782436
1467087010884873
1467087010987252
1467087011089634
1467087011192055
1467087011294512
1467087011396849
1467087011499260
1467087011601678
1467087011704104
1467087011806499
1467087011908932
1467087012011246
1467087012113650
1467087012216059
1467087012318521
1467087012420870
1467087012523270
1467087012625670
1467087012728071
1467087012830543
1467087012932903
1467087013035288
1467087013137681
1467087013240086
1467087013342504
1467087013444896
1467087013547281
1467087013649696
1467087013752188
1467087013854526
1467087013956905
1467087014059324
1467087014161729
1467087014264201
1467087014366559
1467087014468945
1467087014571345
1467087014673813
1467087014776161
1467087014878605
1467087014981023
1467087015083347
1467087015185769
1467087015288166
1467087015390628
1467087015493022
1467087015595391
1467087015697789
1467087015800172
1467087015902663
1467087016004981
1467087016107389
1467087016209717
1467087016312131
1467087016414549
1467087016516936
1467087016619351
1467087016721751
1467087016824209
1467087016926587
1467087017028970
1467087017131371
1467087017233830
1467087017336177
1467087017438582
1467087017540990
1467087017643384
1467087017745856
1467087017848189
1467087017950665
1467087018052989
1467087018155397
1467087018257814
1467087018360214
1467087018462605
1467087018564994
1467087018667406
1467087018769876
1467087018872236
1467087018974647
1467087019077070
1467087019179503
1467087019281862
1467087019384313
1467087019486647
1467087019589067
1467087019691456
1467087019793893
1467087019896314
1467087019998711
1467087020101079
1467087020203476
1467087020305889
1467087020408283
1467087020510691
1467087020613121
1467087020715485
1467087020817942
1467087020920374
1467087021022711
1467087021125114
1467087021227518
1467087021329958
1467087021432296
1467087021534736
1467087021637111
1467087021739540
1467087021841918
1467087021944378
1467087022046729
1467087022251537
1467087022353944
1467087022456386
1467087022558736
1467087022661176
1467087022763494
1467087022865905
1467087022968353
1467087023070708
1467087023173121
1467087023275515
1467087023377928
1467087023480317
1467087023582745
1467087023685141
1467087023787542
1467087023889958
1467087023992371
1467087024094751
1467087024197141
1467087024299560
1467087024402003
1467087024504367
1467087024606769
1467087024709184
1467087024811592
1467087024914066
1467087025016352
1467087025118745
1467087025221168
1467087025323615
1467087025425986
1467087025528397
1467087025630812
1467087025733220
1467087025835611
1467087025938032
1467087026040462
1467087026142827
1467087026245206
1467087026347621
1467087026450004
1467087026552434
1467087026654835
1467087026757225
1467087026859640
1467087026962086
1467087027064455
1467087027166855
1467087027269251
1467087027371644
1467087027474075
1467087027576470
1467087027678851
1467087027781250
1467087027883670
1467087027986092
1467087028088474
1467087028190894
1467087028293297
1467087028395716
1467087028498155
1467087028600486
1467087028702887
1467087028805288
1467087028907692
1467087029010153
1467087029112519
1467087029214934
1467087029317269
1467087029419663
1467087029522076
1467087029624467
1467087029726850
1467087029829250
1467087029931701
1467087030034126
1467087030136494
1467087030238894
1467087030341293
1467087030443809
1467087030546104
1467087030648491
1467087030750894
1467087030853291
1467087030955710
1467087031058172
1467087031160517
1467087031262915
1467087031365355
1467087031467712
