1467141491798307
1467141491900719
1467141492105544
1467141492207919
1467141492412725
1467141492617511
1467141492719903
1467141492822449
1467141492924759
1467141493027161
1467141493129571
1467141493334319
1467141493436704
1467141493539232
1467141493641527
1467141493743910
1467141493846363
1467141493948788
1467141494051142
1467141494255905
1467141494358437
1467141494460734
1467141494563127
1467141494665537
1467141494767922
1467141494870339
1467141494972717
1467141495075135
1467141495177565
1467141495279994
1467141495382394
1467141495484753
1467141495587155
1467141495689539
1467141495791939
1467141495894333
1467141495996752
1467141496099146
1467141496201541
1467141496303944
1467141496406434
1467141496508769
1467141496611249
1467141496713566
1467141496815967
1467141496918457
1467141497020757
1467141497123337
1467141497225588
1467141497328015
1467141497430373
1467141497532779
1467141497635269
1467141497737565
1467141497839959
1467141497942391
1467141498147190
1467141498250049
1467141498351999
1467141498556785
1467141498659155
1467141498762079
1467141498863995
1467141498966368
1467141499068790
1467141499171192
1467141499273613
1467141499376029
1467141499478449
1467141499580814
1467141499683181
1467141499785608
1467141499888059
1467141499990423
1467141500092801
1467141500195182
1467141500297589
1467141500400008
1467141500502450
1467141500604797
1467141500707234
1467141500809656
1467141500912078
1467141501014448
1467141501116918
1467141501219267
1467141501321611
1467141501424014
1467141501526416
1467141501628812
1467141501731205
1467141501833605
1467141501936020
1467141502038418
1467141502140809
1467141502243200
1467141502345782
1467141502448013
1467141502550408
1467141502652810
1467141502755230
1467141502857622
1467141502960014
1467141503062420
1467141503164834
1467141503267222
1467141503369663
1467141503472024
1467141503574460
1467141503676832
1467141503779239
1467141503881716
1467141503984046
1467141504188880
1467141504291649
1467141504393654
1467141504496041
1467141504598440
1467141504700878
1467141504803272
1467141504905668
1467141505008045
1467141505110481
1467141505212905
1467141505315290
1467141505417700
1467141505520118
1467141505622455
1467141505724911
1467141505827261
1467141505929655
1467141506032126
1467141506134452
1467141506236879
1467141506339332
1467141506441723
1467141506544092
1467141506646481
1467141506748886
1467141506851294
1467141506953716
1467141507056092
1467141507158537
1467141507260868
1467141507363288
1467141507465708
1467141507568090
1467141507670474
1467141507875316
1467141507979819
1467141508080096
1467141508186141
1467141508284903
1467141508387318
1467141508489719
1467141508592104
1467141508694574
1467141508796949
1467141508899302
1467141509001709
1467141509104131
1467141509206490
1467141509308908
1467141509411306
1467141509513710
1467141509616098
1467141509718510
1467141509820913
1467141509923325
1467141510025720
1467141510128096
1467141510230528
1467141510332912
1467141510435326
1467141510537728
1467141510640138
1467141510742520
1467141510844929
1467141510947323
1467141511049851
1467141511152244
1467141511254581
1467141511356991
1467141511459331
1467141511561728
1467141511664150
1467141511766539
1467141511868946
1467141511971357
1467141512176162
1467141512278592
1467141512380958
1467141512483343
1467141512585807
1467141512688147
1467141512790539
1467141512892951
1467141512995380
1467141513097776
1467141513200204
1467141513302595
1467141513405016
1467141513507380
1467141513609797
1467141513712161
1467141513814557
1467141513917017
1467141514019416
1467141514224174
1467141514326560
1467141514428957
1467141514531431
1467141514633824
1467141514736190
1467141514838572
1467141514941033
1467141515043380
1467141515145826
1467141515248183
1467141515350581
1467141515453011
1467141515555434
1467141515657827
1467141515760218
1467141515862612
1467141515965985
1467141516067398
1467141516169778
1467141516272244
1467141516374581
1467141516476955
1467141516579396
1467141516681788
1467141516886651
1467141516989027
1467141517091451
1467141517193846
1467141517296217
1467141517398608
1467141517501002
1467141517603376
1467141517705815
1467141517808239
1467141517910674
1467141518013075
1467141518115400
1467141518217832
1467141518320222
1467141518422638
1467141518525079
1467141518627472
1467141518729873
1467141518832324
1467141518934635
1467141519037035
1467141519139476
1467141519241811
1467141519344280
1467141519446699
1467141519549039
1467141519651471
1467141519754009
1467141519856313
1467141519958637
1467141520061172
1467141520163436
1467141520265827
1467141520368227
1467141520470642
1467141520573103
1467141520675465
1467141520777892
1467141520880267
1467141520982664
1467141521085049
1467141521187460
1467141521289892
1467141521494705
1467141521597050
1467141522006724
1467141522211544
1467141522313866
1467141522416261
1467141522518661
1467141522621116
1467141522723482
1467141522825914
1467141522928283
1467141523133063
1467141523235519
1467141523337876
1467141523440329
1467141523542725
1467141523645142
1467141523747539
1467141523952348
1467141524054700
1467141524157089
1467141524259474
1467141524361950
1467141524464377
1467141524669085
1467141524771539
1467141524873954
1467141525181095
1467141525283507
1467141525385911
1467141525488361
1467141525590690
1467141525693113
1467141525795498
1467141525897922
1467141526000369
1467141526102764
1467141526205166
1467141526307495
1467141526409956
1467141526512311
1467141526614736
1467141526717168
1467141526819533
1467141526921954
1467141527024368
1467141527126736
1467141527229187
1467141527331551
1467141527436441
1467141527536326
1467141527638741
1467141527741187
1467141527945984
1467141528150763
1467141528253125
1467141528355563
1467141528457999
1467141528560330
1467141528662744
1467141528765176
1467141528867601
1467141528969947
1467141529072396
1467141529174743
1467141529277154
1467141529379566
1467141529481957
1467141529584347
1467141529686760
1467141529789209
1467141529891571
1467141529993999
1467141530198765
1467141530301143
1467141530403594
1467141530505959
1467141530608376
1467141530710810
1467141530813203
1467141530915564
1467141531017994
1467141531120381
1467141531222788
1467141531325187
1467141531427558
1467141531530019
1467141531632383
1467141531734796
1467141531837267
1467141531939588
1467141532042003
1467141532144457
1467141532246798
1467141532349198
1467141532451614
1467141532553999
1467141532658857
1467141532758819
1467141532861254
1467141532963607
1467141533065995
1467141533168424
1467141533270825
1467141533373250
1467141533475577
1467141533578029
1467141533680456
1467141533782793
1467141533885219
1467141533987630
1467141534090012
1467141534192409
1467141534294849
1467141534397241
1467141534499810
1467141534602001
1467141534704475
1467141534806832
1467141534909239
1467141535011608
1467141535114052
1467141535216477
1467141535318872
1467141535421223
1467141535728453
1467141535830876
1467141535933284
1467141536035672
1467141536138050
1467141536240444
1467141536342893
1467141536445230
1467141536547664
1467141536650059
1467141536752468
1467141536854870
1467141536957248
1467141537059625
1467141537162062
1467141537264468
1467141537366864
1467141537469246
1467141537571659
1467141537674079
1467141537776459
1467141537878894
1467141538083708
1467141538186051
1467141538288501
1467141538390861
1467141538493312
1467141538595647
1467141538698076
1467141538800480
1467141538902855
1467141539005252
1467141539107677
1467141539210075
1467141539312537
1467141539414867
1467141539517270
1467141539619694
1467141539722097
1467141539926920
1467141540029302
1467141540131689
1467141540234079
1467141540336489
1467141540541330
1467141540746119
1467141540848478
1467141540950976
1467141541053322
1467141541155738
1467141541258096
1467141541360559
1467141541462911
1467141541565299
1467141541667686
1467141541770112
1467141541872580
1467141541974914
1467141542077307
1467141542179749
1467141542282171
1467141542384554
1467141542486957
1467141542589297
1467141542692200
1467141542896579
1467141542998905
1467141543203723
1467141543306169
1467141543408502
1467141543510936
1467141543613307
1467141543818136
1467141543920520
1467141544022979
1467141544125329
1467141544330156
1467141544432582
1467141544534935
1467141544637363
1467141544739793
1467141544842172
1467141544944590
1467141545049320
1467141545251747
1467141545354129
1467141545456545
1467141545558954
1467141545763760
1467141545866163
1467141545968549
1467141546070968
1467141546173384
1467141546275751
1467141546378179
1467141546480560
1467141546582987
1467141546685367
1467141546787752
1467141546890144
1467141546992633
1467141547094960
1467141547197373
1467141547299796
1467141547402203
1467141547504597
1467141547606984
1467141547709392
1467141547811789
1467141547914186
1467141548016600
1467141548118964
1467141548221395
1467141548323769
1467141548426174
1467141548528583
1467141548631073
1467141548835788
1467141548938204
1467141549040584
1467141549142997
1467141549245396
1467141549347793
1467141549450251
1467141549552650
1467141549655060
1467141549757414
1467141549859817
1467141549962208
1467141550064612
1467141550167034
1467141550269455
1467141550371811
1467141550474213
1467141550576618
1467141550679087
1467141550781429
1467141550883830
1467141550986232
1467141551088634
1467141551191038
1467141551293432
1467141551395880
1467141551498211
1467141551600608
1467141551703053
1467141551805424
1467141551907818
1467141552010219
1467141552112643
1467141552215041
1467141552317432
1467141552419878
1467141552522247
1467141552624639
1467141552727062
1467141553034233
1467141553136634
1467141553239044
1467141553341440
1467141553443836
1467141553648628
1467141553751042
1467141553853436
1467141553955861
1467141554058277
1467141554160652
1467141554263069
1467141554365470
1467141554467852
1467141554570268
1467141554672654
1467141554775041
1467141554877523
1467141554979867
1467141555082362
1467141555184711
1467141555287126
1467141555491920
1467141555594291
1467141555696809
1467141555799141
1467141555901464
1467141556003908
1467141556106335
1467141556208704
1467141556311083
1467141556413496
1467141556515930
1467141556618283
1467141556720672
1467141556823115
1467141556925494
1467141557027937
1467141557130299
1467141557232690
1467141557335086
1467141557437544
1467141557539966
1467141557642356
1467141557744753
1467141557847237
1467141558051897
1467141558154316
1467141558256707
1467141558359151
1467141558461563
1467141558563907
1467141558871182
1467141559075935
1467141559178329
1467141559280719
1467141559383112
1467141559485541
1467141559690378
1467141559792746
1467141559895120
1467141559997542
1467141560202316
1467141560304715
1467141560509586
1467141560611936
1467141560714333
1467141560816739
1467141560919171
1467141561021534
1467141561123949
1467141561226363
1467141561328798
1467141561431159
1467141561533546
1467141561635957
1467141561738398
1467141561840749
1467141561943209
1467141562045607
1467141562147950
1467141562250337
1467141562352767
1467141562455155
1467141562557541
1467141562659964
1467141562762362
1467141562864773
1467141562967166
1467141563069748
1467141563172024
1467141563274369
1467141563376790
1467141563479163
1467141563581560
1467141563683988
1467141563786361
1467141563888792
1467141564093581
1467141564196000
1467141564298381
1467141564400832
1467141564605572
1467141564708043
1467141564810382
1467141564912827
1467141565117615
1467141565219999
1467141565322457
1467141565424801
1467141565527195
1467141565629618
1467141565732015
1467141565834393
1467141565936873
1467141566039198
1467141566141693
1467141566244004
1467141566346464
1467141566448824
1467141566551187
1467141566653653
1467141566756029
1467141566960813
1467141567063230
1467141567165668
1467141567268008
1467141567370417
1467141567472808
1467141567575217
1467141567677643
1467141567780044
1467141567882427
1467141567984841
1467141568087224
1467141568189714
1467141568292220
1467141568394485
1467141568496825
1467141568599246
1467141568804028
1467141568906466
1467141569008863
1467141569111310
1467141569213647
1467141569316029
1467141569418458
1467141569520866
1467141569623402
1467141569725656
1467141569828071
1467141569930462
1467141570032871
1467141570135241
1467141570340058
1467141570544901
1467141570647294
1467141570749695
1467141570852148
1467141570954462
1467141571056897
1467141571159253
1467141571364073
1467141571466477
1467141571568922
1467141571671302
1467141571773671
1467141571876140
1467141571978479
1467141572080866
1467141572285674
1467141572490509
1467141572797756
1467141572900067
1467141573002482
1467141573107838
1467141573207272
1467141573309667
1467141573412222
1467141573514632
1467141573616915
1467141573719308
1467141573821758
1467141573924115
1467141574026546
1467141574128967
1467141574231323
1467141574333693
1467141574538563
1467141574640900
1467141574743380
1467141574845763
1467141575050522
1467141575255329
1467141575357994
1467141575460110
1467141575562536
1467141575664987
1467141575767652
1467141575869738
1467141575972110
1467141576074503
1467141576176985
1467141576279399
1467141576484132
1467141576586556
1467141576688936
1467141576791383
1467141576996157
1467141577098539
1467141577303423
1467141577405750
1467141577508170
1467141577610580
1467141577815403
1467141577917799
1467141578020170
1467141578122550
1467141578224944
1467141578327341
1467141578429773
1467141578532217
1467141578634617
1467141578737125
1467141578941783
1467141579044211
1467141579146557
1467141579248973
1467141579351356
1467141579453792
1467141579556161
1467141579658587
1467141579863368
1467141579965772
1467141580068425
1467141580170567
1467141580375366
1467141580477812
1467141580580240
1467141580682579
1467141580784999
1467141580887384
1467141580989796
1467141581092191
1467141581194648
1467141581296996
1467141581399394
1467141581501841
1467141581706613
1467141581808983
1467141581911377
1467141582013802
1467141582116221
1467141582218652
1467141582321049
1467141582423406
1467141582525873
1467141582628349
1467141582730604
1467141582833036
1467141582935401
1467141583037812
1467141583140209
1467141583242646
1467141583345076
1467141583549835
1467141583652737
1467141583754613
1467141583959603
1467141584061813
1467141584164219
1467141584266628
1467141584369039
1467141584471455
1467141584573852
1467141584676223
1467141584778665
1467141584881076
1467141585188256
1467141585290692
1467141585495445
1467141585597930
1467141585700263
1467141585802691
1467141585905040
1467141586007463
1467141586109868
1467141586212264
1467141586314730
1467141586417065
1467141586519440
1467141586621855
1467141586724272
1467141586826718
1467141586929061
1467141587031473
1467141587133873
1467141587236281
1467141587338712
1467141587441066
1467141587543496
1467141587645869
1467141587748284
1467141587850856
1467141587953091
1467141588055476
1467141588157880
1467141588260340
1467141588362708
1467141588465089
1467141588669893
1467141588874700
1467141588977088
1467141589079595
1467141589284343
1467141589386704
1467141589591523
1467141589693888
1467141589796289
1467141589898710
1467141590001153
1467141590103503
1467141590205946
1467141590308319
1467141590513093
1467141590615518
1467141590717897
1467141590820302
1467141590922693
1467141591025088
1467141591127511
1467141591229907
1467141591332320
1467141591434711
1467141591537131
1467141591639601
1467141591741947
1467141591946747
1467141592049169
1467141592151525
1467141592356336
1467141592458718
1467141592561137
1467141592663542
1467141592765935
1467141592970823
1467141593073350
1467141593175541
1467141593277926
1467141593380321
1467141593482775
1467141593585197
1467141593687562
1467141593789933
1467141593892355
1467141593994763
1467141594097150
1467141594199587
1467141594302009
1467141594404353
1467141594506737
1467141594609221
1467141594711584
1467141594814014
1467141594916405
1467141595018839
1467141595121174
1467141595223589
1467141595326011
1467141595428387
1467141595530838
1467141595633337
1467141595735588
1467141595837969
1467141595940363
1467141596042838
1467141596145192
1467141596247587
1467141596349987
1467141596452365
1467141596554798
1467141596657176
1467141596759635
1467141596867425
1467141596964549
1467141597169208
1467141597271653
1467141597476447
1467141597681196
1467141597783589
1467141597886072
1467141597988397
1467141598090799
1467141598193213
1467141598295597
1467141598397984
1467141598500441
1467141598602801
1467141598705191
1467141598807624
1467141598910130
1467141599012416
1467141599114814
1467141599217202
1467141599422031
1467141599626850
1467141599729225
1467141599831679
1467141599934046
1467141600036436
1467141600138892
1467141600241235
1467141600343632
1467141600446024
1467141600548489
1467141600650837
1467141600753253
1467141600855613
1467141600958025
1467141601060422
1467141601162827
1467141601265231
1467141601367644
1467141601470042
1467141601572435
1467141601674843
1467141601777264
1467141601879677
1467141601982090
1467141602084478
1467141602186903
1467141602289239
1467141602391683
1467141602494116
1467141602596466
1467141602698857
1467141602801306
1467141602903783
1467141603006116
1467141603210912
1467141603313268
1467141603415671
