1466965966456922
1466965967170350
1466965967272385
1466965967683479
1466965967990718
1466965968091283
1466965969217657
1466965971777610
1466965971882106
1466965971982481
1466965972596804
1466965972699663
1466965972801678
1466965973006402
1466965973518412
1466965975058635
1466965977307649
1466965978025470
1466965978131229
1466965978228768
1466965978435629
1466965978843163
1466965978946305
1466965979050480
1466965982427105
1466965982734315
1466965982847035
1466965983144501
1466965983247738
1466965983553700
1466965983655900
1466965983963105
1466965984066638
1466965984372763
1466965984475716
1466965985499100
1466965987752122
1466965987854861
1466965988161518
1466965988264610
1466965988571092
1466965988980654
1466965989083051
1466965989390948
1466965989492716
1466965989902433
1466965990926225
1466965991028681
1466965993691914
1466965993793450
1466965994407818
1466965994511040
1466965994614815
1466965994920639
1466965995229770
1466965995329445
1466965996458870
1466965999015767
1466965999119605
1466965999221105
1466965999838335
1466965999937415
1466966000040036
1466966000244580
1466966000347424
1466966000449333
1466966000654173
1466966000761391
1466966001985375
1466966005366742
1466966005466959
1466966005673404
1466966005774150
1466966005876485
1466966006081341
1466966006183688
1466966006288215
1466966009255874
1466966009973711
1466966010074892
1466966010791797
1466966010894103
1466966011201243
1466966011303706
1466966011610899
1466966011713289
1466966012532494
1466966012740264
1466966014580559
1466966014785276
1466966014990072
1466966015399846
1466966015503394
1466966016218801
1466966016321272
1466966016732194
1466966017038042
1466966017140424
1466966018369225
1466966020418614
1466966020623123
1466966020826813
1466966020929205
1466966021033055
1466966021645998
1466966021748406
1466966021851828
1466966022055583
1466966022466170
1466966022568769
1466966026356285
1466966026459333
1466966026868323
1466966027178350
1466966027277943
1466966027482678
1466966027585105
1466966027995293
1466966028097105
1466966029122818
1466966031783468
1466966031885903
1466966032296771
1466966032602663
1466966032705099
1466966032911590
1466966033013506
1466966033319630
1466966033421862
1466966033526135
1466966036493850
1466966037210602
1466966037313048
1466966038030453
1466966038132616
1466966038439441
1466966038850494
1466966038951424
1466966042023403
1466966042638190
1466966042742261
1466966042844564
1466966043459929
1466966043560397
1466966043867772
1466966043971069
1466966044276173
1466966044378582
1466966045506287
1466966047348997
1466966048067507
1466966048167348
1466966048269741
1466966048884564
1466966048986512
1466966049091278
1466966049293919
1466966049396510
1466966049704209
1466966049806663
1466966053594457
1466966053697076
1466966054311844
1466966054416001
1466966054517893
1466966054925809
1466966055133596
1466966055232940
1466966055336340
1466966056361458
1466966056461617
1466966059024043
1466966059125022
1466966059841326
1466966059943478
1466966060355206
1466966060660020
1466966060763340
1466966061786349
1466966061891179
1466966061991210
1466966063117582
1466966064141884
1466966064448718
1466966064551165
1466966064653588
1466966065267970
1466966065374239
1466966065473373
1466966065677537
1466966066087606
1466966066192074
1466966067316502
1466966067418410
1466966069159132
1466966069978329
1466966070082205
1466966070695707
1466966070797525
1466966070899913
1466966071104708
1466966071207983
1466966071514228
1466966071619166
1466966071719107
1466966074995817
1466966075098224
1466966075405482
1466966075507865
1466966076122199
1466966076226026
1466966076327051
1466966076533353
1466966076634266
1466966076736650
1466966076941396
1466966077044682
1466966077146569
1466966078170237
1466966079501410
1466966080422995
1466966080832537
1466966081242166
1466966081653160
1466966081755052
1466966082063239
1466966082371502
1466966082470973
1466966082573350
1466966083189537
1466966083699810
1466966083802158
1466966084928569
1466966085440579
1466966085952554
1466966086054966
1466966086261437
1466966086362328
1466966086464538
1466966086771862
1466966087078948
1466966087181357
1466966087591534
1466966087898753
1466966088000477
1466966089024501
1466966091687621
1466966091789323
1466966091893282
1466966092508078
1466966092608510
1466966092710901
1466966093018661
1466966093325295
1466966093428856
1466966094656459
1466966096397222
1466966096909262
1466966097216498
1466966097320933
1466966097626033
1466966097934508
1466966098036640
1466966098138032
1466966098343714
1466966098445223
1466966098548139
1466966098752420
1466966098856676
1466966098958489
1466966100390829
1466966101517150
1466966102234014
1466966102644928
1466966103462765
1466966103566166
1466966104181657
1466966104384392
1466966105408405
1466966105510718
1466966108074323
1466966108890026
1466966109710659
1466966110835485
1466966112783253
1466966112883598
1466966113293088
1466966113498030
1466966113602042
1466966114419487
1466966114726690
1466966115136417
1466966115240373
1466966116365333
1466966116468627
1466966118208347
1466966118926333
1466966119027371
1466966119131419
1466966119744495
1466966119949040
1466966120256541
1466966120563440
1466966120665730
1466966120768193
1466966121894620
1466966123635406
1466966123737781
1466966124148849
1466966124456249
1466966124556992
1466966125171310
1466966125273784
1466966125580924
1466966125685293
1466966125785786
1466966125990575
1466966126093425
1466966126197467
1466966127219298
1466966129064931
1466966129881739
1466966129986189
1466966130700899
1466966130803594
1466966131110506
1466966131417818
1466966131522128
1466966131622503
1466966132748968
1466966133261452
1466966134594065
1466966135308843
1466966135516218
1466966136130464
1466966136230449
1466966136537648
1466966136947285
1466966138077699
1466966138175985
1466966140738809
1466966140838409
1466966140941058
1466966141555347
1466966141657623
1466966141760044
1466966141967089
1466966142374422
1466966142477928
1466966143705906
1466966145856344
1466966145960757
1466966146267991
1466966146367989
1466966146982307
1466966147085200
1466966147189626
1466966147598302
1466966147803559
1466966147904493
1466966148012615
1466966149030346
1466966150975865
1466966151692931
1466966151795122
1466966152102897
1466966152511837
1466966152614256
1466966153228627
1466966153331054
1466966153433482
1466966157119805
1466966157222220
1466966157324674
1466966157939313
1466966158041521
1466966158349206
1466966158759176
1466966158860647
1466966160089449
1466966161420629
1466966162546958
1466966162650674
1466966162752621
1466966163366546
1466966163468607
1466966163570998
1466966163775801
1466966163878197
1466966164289169
1466966168076555
1466966168178959
1466966168895721
1466966168998105
1466966169305355
1466966169407669
1466966169612488
1466966169715874
1466966169817447
1466966170944283
1466966173197011
1466966173503867
1466966173606114
1466966174324278
1466966174630000
1466966174732987
1466966175245472
1466966176269386
1466966176473337
1466966176678390
1466966178623666
1466966178931905
1466966179036376
1466966179752334
1466966179852797
1466966180263756
1466966180671560
1466966181798863
1466966184153230
1466966184357989
1466966184460401
1466966184562783
1466966184871067
1466966185689161
1466966185996669
1466966186102817
1466966187225181
1466966187328929
1466966189068370
1466966189170886
1466966189887574
1466966189989930
1466966190194668
1466966190605974
1466966190708390
1466966191013909
1466966191424056
1466966191525859
1466966192652312
1466966194905060
1466966195007870
1466966195417304
1466966196237094
1466966196544756
1466966196851752
1466966196956528
1466966198489028
1466966199925068
1466966200028424
1466966200639366
1466966200742167
1466966200844222
1466966201459379
1466966201668858
1466966201870633
1466966201970922
1466966202381551
1466966203506587
1466966204940202
1466966205861801
1466966206066487
1466966206168980
1466966206272071
1466966206992146
1466966207397758
1466966207704910
1466966207807306
1466966207911213
1466966208933889
1466966210776945
1466966211597159
1466966211698504
1466966212416602
1466966212519201
1466966213133618
1466966213234487
1466966213336967
1466966214463304
1466966216205539
1466966216307179
1466966217023302
1466966217126826
1466966217846104
1466966217945877
1466966218252050
1466966218356122
1466966218663766
1466966218764454
1466966222450678
1466966222553567
1466966222656822
1466966223270784
1466966223782341
1466966224090960
1466966224192838
1466966225421296
1466966227980039
1466966228082358
1466966228391512
1466966229108945
1466966229208882
1466966229314841
1466966229618690
1466966229721134
1466966230745259
1466966233104195
1466966233509646
1466966234945615
1466966235045501
1466966235147902
1466966236171999
1466966236274814
1466966238424734
1466966238631304
1466966238836143
1466966238938104
1466966239758208
1466966240063589
1466966240165457
1466966240473549
1466966240575049
1466966241600902
1466966241703278
1466966241803840
1466966242111193
1466966243647003
1466966243853688
1466966244261501
1466966244364044
1466966244466195
1466966245082521
1466966245287397
1466966245592505
1466966245899888
1466966246002181
1466966246719093
1466966247128758
1466966249790955
1466966249894212
1466966250100085
1466966251122141
1466966251328309
1466966251431408
1466966251533597
1466966252658518
1466966254399973
1466966255218111
1466966255321637
1466966256141182
1466966256757067
1466966256958807
1466966259828074
1466966260031900
1466966260647856
1466966260749792
1466966261157236
1466966261976451
1466966262386127
1466966263411328
1466966263512357
1466966263615229
1466966265458006
1466966266072387
1466966266175940
1466966266892519
1466966267099224
1466966267711490
1466966267814191
1466966268942010
1466966269043785
1466966271704398
1466966272321735
1466966272423075
1466966272523855
1466966272728348
1466966273137905
1466966273240254
1466966273344727
1466966276313951
1466966277030945
1466966277131413
1466966277848273
1466966277950688
1466966278360203
1466966278565229
1466966278667412
1466966278772293
1466966279898305
1466966279999450
1466966281229065
1466966281637026
1466966281740460
1466966282456180
1466966282558614
1466966282661676
1466966283275993
1466966283380737
1466966283684951
1466966284096935
1466966284196935
1466966287166588
1466966287268943
1466966287884097
1466966288704971
1466966288804898
1466966288907603
1466966289521701
1466966289624170
1466966290855509
1466966293412918
1466966293515253
1466966294129704
1466966294232103
1466966294334566
1466966294641646
1466966294744092
1466966294949663
1466966295051669
1466966295153691
1466966296178802
1466966298840515
1466966299559528
1466966299659815
1466966299761649
1466966300172659
1466966300478441
1466966300581400
1466966300888652
1466966303447966
1466966303652981
1466966305086347
1466966305188818
1466966305496331
1466966305598330
1466966305803488
1466966305906924
1466966306008565
1466966307033748
1466966308982998
1466966309080048
1466966309284753
1466966309694361
1466966310513856
1466966310617068
1466966310923137
1466966311025876
1466966311333461
1466966311435452
1466966312563865
1466966314508732
1466966315224132
1466966315326281
1466966315432380
1466966315535627
1466966315637580
1466966315841063
1466966315945966
1466966316043103
1466966316250673
1466966316351241
1466966316453734
1466966316555304
1466966316663194
1466966316759975
1466966316863443
1466966316964780
1466966317067385
1466966317172946
1466966317273656
1466966317374302
1466966317479012
1466966317579259
1466966317683279
1466966317786381
1466966317989969
1466966318092443
1466966318193468
1466966318301598
1466966318604696
1466966318809277
1466966318918673
1466966319012796
1466966319422271
1466966319525201
1466966319627674
1466966319731796
1466966319832922
1466966319939204
1466966320038556
1466966320139069
1466966320241464
1466966320549389
1466966320652883
1466966320753446
1466966320856601
1466966320958314
1466966321060882
1466966321369555
1466966321470248
1466966321572641
1466966321675584
1466966321882146
1466966321982245
1466966322084906
1466966322187202
1466966322290790
1466966322393623
1466966322494303
1466966322597406
1466966322701537
1466966322805669
1466966323006340
1466966323213077
1466966323314345
1466966323415957
1466966323620631
1466966323826116
1466966323928331
1466966324137648
1466966324241972
1466966324338015
1466966324441769
1466966324543368
1466966324645270
1466966324754775
1466966324850360
1466966324951817
1466966325054703
1466966325159585
1466966325264487
1466966325361893
1466966325467541
1466966325566134
1466966325670694
1466966325772883
1466966325873395
1466966325987365
1466966326085654
1466966326180624
1466966326283654
1466966326385892
1466966326488157
1466966326590176
1466966326692818
1466966326795066
1466966326899715
1466966327000576
1466966327103230
1466966327205409
1466966327308300
1466966327513238
1466966327617740
1466966327722183
1466966327820093
1466966327923682
1466966328023788
1466966328128587
1466966328234926
1466966328331197
1466966328434999
1466966328539326
1466966328638154
1466966328741235
1466966328843138
1466966328945523
1466966329047768
1466966329150709
1466966329252630
1466966329357343
1466966329459065
1466966329559797
1466966329663468
1466966329764907
1466966329866974
1466966329969349
1466966330074034
1466966330174149
1466966330277726
1466966330379418
1466966330486958
1466966330585507
1466966330687481
1466966330789448
1466966330892314
1466966330993977
1466966331098711
1466966331198359
1466966331300603
1466966331402925
1466966331508158
1466966331613333
1466966331710200
1466966331813063
1466966331916636
1466966332017337
1466966332126998
1466966332223924
1466966332435006
1466966332529294
1466966332631848
1466966332734734
1466966332940723
1466966333041867
1466966333144283
1466966333246712
1466966333349751
1466966333454125
1466966333553434
1466966333658663
1466966333764911
1466966333864488
1466966333962924
1466966334065333
1466966334167723
1466966334270123
1466966334373249
1466966334474915
1466966334577330
1466966334679941
1466966334782488
1466966334884769
1466966334987551
1466966335089309
1466966335191709
1466966335294124
1466966335396501
1466966335500283
1466966335604334
1466966335703738
1466966335806102
1466966335908483
1466966336010892
1466966336215685
1466966336318072
1466966336420472
1466966336625258
1466966336830726
1466966336932497
1466966337034901
1466966337137907
1466966337239685
1466966337342205
1466966337445555
1466966337546883
1466966337649216
1466966337753499
1466966337854073
1466966337957683
1466966338060073
1466966338161197
1466966338264132
1466966338468498
1466966338571804
1466966338673279
1466966338775677
1466966338880248
1466966339083009
1466966339186187
1466966339287695
1466966339390079
1466966339492474
1466966339595494
1466966339697265
1466966339799678
1466966339902078
1466966340004464
1466966340108928
1466966340211027
1466966340414076
1466966340516412
1466966340618867
1466966340722935
1466966340824751
1466966340926055
1466966341028460
1466966341130845
1466966341233233
1466966341336978
1466966341439147
1466966341540452
1466966341745185
1466966341950052
1466966342053141
1466966342257232
1466966342360501
1466966342462036
1466966342566122
1466966342667981
1466966342769208
1466966342871612
1466966342975002
1466966343076447
1466966343180259
1466966343282872
1466966343383625
1466966343486673
1466966343588426
1466966343691942
1466966343794289
1466966343895630
1466966343998022
1466966344101832
1466966344204535
1466966344305459
1466966344408842
1466966344512966
1466966344613005
1466966344714769
1466966344817899
1466966344919625
1466966345022504
1466966345124420
1466966345226810
1466966345332001
1466966345432137
1466966345534005
1466966345636474
1466966345738845
1466966345841147
1466966345945823
1466966346148415
1466966346250737
1466966346353203
1466966346455599
1466966346559365
1466966346661551
1466966346762795
1466966346865156
1466966346967601
1466966347069993
1466966347173756
1466966347278186
1466966347377446
1466966347482196
1466966347583900
1466966347686081
1466966347788910
1466966347889168
1466966347991876
1466966348095204
1466966348197948
1466966348299571
1466966348401354
1466966348505047
1466966348605982
1466966348709842
1466966348810775
1466966348913981
1466966349016952
1466966349117946
1466966349220313
1466966349323933
1466966349425153
1466966349527741
1466966349632356
1466966349732315
1466966349834782
1466966349937338
1466966350039554
1466966350141952
1466966350244379
1466966350347060
1466966350449845
1466966350553029
1466966350654054
1466966350756349
1466966350858739
1466966350961158
1466966351063555
1466966351167472
1466966351370737
1466966351473150
1466966351575559
1466966351677954
1466966351781010
1466966351882732
1466966351985720
1466966352087530
1466966352189931
1466966352297086
1466966352394711
1466966352497972
1466966352599550
1466966352701953
1466966352805207
1466966352906721
1466966353011863
1466966353112047
1466966353213950
1466966353316340
1466966353420469
1466966353521066
1466966353625226
1466966353725966
1466966353829055
1466966353931612
1466966354033101
1466966354135615
1466966354239240
1466966354442707
