1466964980145032
1466964980962610
1466964981987295
1466964982396017
1466964982499756
1466964982602108
1466964983729349
1466964983830974
1466964984853592
1466964985263321
1466964985572578
1466964985775175
1466964985879701
1466964986491966
1466964987311188
1466964987925541
1466964988131784
1466964988642345
1466964988849399
1466964988951710
1466964989154348
1466964989256759
1466964989566167
1466964990589976
1466964990692664
1466964991510996
1466964992331058
1466964993762299
1466964994786289
1466964995402083
1466964996527537
1466964998472582
1466964999086963
1466964999189448
1466964999291984
1466964999396610
1466964999497705
1466964999701373
1466964999803903
1466964999906232
1466965000315779
1466965001034651
1466965001442229
1466965001547081
1466965001649509
1466965002466217
1466965002877222
1466965003082896
1466965003184819
1466965003285430
1466965003389781
1466965004311011
1466965004412127
1466965004514139
1466965004821381
1466965005128597
1466965006050209
1466965006254987
1466965006357898
1466965006869372
1466965006972449
1466965007076535
1466965007178433
1466965007483777
1466965008406691
1466965008814957
1466965008917362
1466965009021678
1466965009122158
1466965009326949
1466965009634166
1466965009737754
1466965009943326
1466965010146139
1466965010350952
1466965010862949
1466965010965353
1466965011070038
1466965011272523
1466965011787327
1466965011989333
1466965012299001
1466965012400895
1466965012501324
1466965012603721
1466965013115731
1466965013525326
1466965013832500
1466965013936947
1466965014037301
1466965014651709
1466965014754116
1466965014856503
1466965014958900
1466965015061361
1466965015165820
1466965015470884
1466965015880439
1466965016187705
1466965016699686
1466965017009001
1466965017109253
1466965017211755
1466965017416477
1466965018030865
1466965018133280
1466965018338349
1466965018645214
1466965019057752
1466965019669280
1466965020078851
1466965020795805
1466965021307635
1466965021512576
1466965021616183
1466965021922057
1466965022024438
1466965022638836
1466965022741389
1466965023150804
1466965023663220
1466965024074685
1466965024174819
1466965024381908
1466965024481997
1466965024584584
1466965024689067
1466965024789234
1466965024891920
1466965025198748
1466965025710796
1466965025813199
1466965025915598
1466965026529963
1466965026837876
1466965026939609
1466965027042927
1466965027553982
1466965027657202
1466965027758791
1466965028068320
1466965028168378
1466965029089987
1466965029192770
1466965029502100
1466965029604390
1466965029704385
1466965029807195
1466965029911567
1466965030011574
1466965030318677
1466965030523587
1466965030728788
1466965031752352
1466965031957600
1466965032161953
1466965032264283
1466965032776248
1466965033083540
1466965033186377
1466965033290793
1466965033390723
1466965033493152
1466965033595528
1466965033800300
1466965035438733
1466965035541112
1466965036155501
1466965036565739
1466965036667502
1466965036772810
1466965037077306
1466965037179628
1466965037384306
1466965037589067
1466965037693112
1466965037998693
1466965038203482
1466965038409934
1466965038510693
1466965039023213
1466965039432269
1466965040252236
1466965040355270
1466965040456267
1466965040661070
1466965040763464
1466965041071229
1466965041480256
1466965041582661
1466965041685730
1466965041889860
1466965042504254
1466965042709624
1466965043118640
1466965043630677
1466965043835421
1466965043937832
1466965044142637
1466965044245336
1466965044654654
1466965044757530
1466965044861766
1466965044961819
1466965045269011
1466965045373891
1466965045473935
1466965045678602
1466965046088220
1466965046703391
1466965046805039
1466965046908247
1466965048033796
1466965048853780
1466965049364976
1466965050082639
1466965050491361
1466965050593780
1466965051003316
1466965051822572
1466965051924951
1466965053154572
1466965053256134
1466965053462211
1466965054894548
1466965054997558
1466965055099333
1466965055201726
1466965055305141
1466965055508931
1466965055612959
1466965055816102
1466965056020934
1466965056430520
1466965056532924
1466965056636766
1466965056841414
1466965057147300
1466965057352251
1466965057659300
1466965057864102
1466965058273717
1466965058990458
1466965059400085
1466965059502461
1466965059604858
1466965059912749
1466965060118558
1466965060219429
1466965060321692
1466965060426282
1466965060631108
1466965061040690
1466965061246608
1466965061347926
1466965061454050
1466965061757508
1466965061962677
1466965062168641
1466965062576732
1466965062889541
1466965063088780
1466965063191209
1466965063293973
1466965063600784
1466965063704216
1466965064420021
1466965064524270
1466965064727224
1466965064829635
1466965064932067
1466965065136995
1466965065445812
1466965065546436
1466965066059560
1466965066469302
1466965066672908
1466965066977601
1466965067082466
1466965067184890
1466965067492042
1466965067594393
1466965067902923
1466965068413684
1466965068619110
1466965068720920
1466965068823689
1466965068925712
1466965069028116
1466965069133105
1466965069235856
1466965069540531
1466965070052197
1466965070152858
1466965070462311
1466965070668564
1466965070973824
1466965071485821
1466965071588578
1466965071793404
1466965071997853
1466965072407757
1466965072511877
1466965073022236
1466965073126159
1466965073329107
1466965073431491
1466965073636605
1466965074045990
1466965074253366
1466965074354712
1466965074455476
1466965074557841
1466965075274691
1466965075581909
1466965075684292
1466965075890187
1466965075994580
1466965076093867
1466965076298731
1466965076607794
1466965076913151
1466965077220496
1466965077524730
1466965077733990
1466965078348586
1466965078446309
1466965078651088
1466965078753507
1466965078859176
1466965079163035
1466965079572705
1466965080596655
1466965080699105
1466965080806881
1466965080903891
1466965081112700
1466965081518238
1466965081928010
1466965082033236
1466965082132681
1466965082340860
1466965083668714
1466965083771052
1466965083873427
1466965084184263
1466965084798462
1466965084999855
1466965085204888
1466965085413945
1466965085511814
1466965086433445
1466965086535880
1466965086848892
1466965087047821
1466965087457438
1466965087662245
1466965087764611
1466965088075420
1466965088178866
1466965088379012
1466965088481416
1466965088689814
1466965088993418
1466965089095793
1466965089198321
1466965089304260
1466965089407558
1466965089713819
1466965090426985
1466965090535566
1466965090636073
1466965091456501
1466965091655697
1466965091758167
1466965091864340
1466965091962963
1466965092478760
1466965093089368
1466965093396801
1466965093499107
1466965093601401
1466965093703799
1466965093806158
1466965094015169
1466965094113361
1466965094625684
1466965094830305
1466965095035112
1466965095143069
1466965095244117
1466965095444541
1466965095956529
1466965096058932
1466965096263750
1466965096570941
1466965096679466
1466965097086888
1466965097185317
1466965097294308
1466965097902123
1466965098106917
1466965098209315
1466965098623508
1466965099134968
1466965099233467
1466965099540476
1466965099643377
1466965099749336
1466965099851682
1466965099950096
1466965100666875
1466965100872195
1466965101080780
1466965101281279
1466965101486083
1466965101588476
1466965101694973
1466965101793283
1466965102202981
1466965102407679
1466965102516277
1466965102817323
1466965102923770
1466965103231045
1466965103431666
1466965103943651
1466965104046075
1466965104148474
1466965104357490
1466965104459888
1466965104660429
1466965104762872
1466965104865257
1466965104971909
1466965105074313
1466965105274870
1466965105381501
1466965105480288
1466965105786849
1466965106094264
1466965106202797
1466965106305398
1466965106503626
1466965106708432
1466965106810836
1466965106917514
1466965107425574
1466965107531917
1466965107630021
1466965107834844
1466965108040370
1466965108244416
1466965108346821
1466965108551604
1466965108653999
1466965108756413
1466965109268436
1466965109370822
1466965109580002
1466965109682397
1466965109882828
1466965110194454
1466965110292389
1466965110706865
1466965110804771
1466965110906841
1466965111009200
1466965111111619
1466965111218655
1466965111525899
1466965111725972
1466965111930787
1466965112352586
1466965112442770
1466965112647914
1466965112954768
1466965113159550
1466965113365049
1466965113483379
1466965113569145
1466965113773943
1466965114082130
1466965114188120
1466965114290864
1466965114593167
1466965114797956
1466965114904859
1466965115207557
1466965115309962
1466965115719549
1466965115924657
1466965116134141
1466965116645426
1466965116744768
1466965117255557
1466965117362640
1466965117460366
1466965117569325
1466965117870394
1466965117976994
1466965118183864
1466965118284249
1466965118381920
1466965118689144
1466965118791495
1466965118996302
1466965119410288
1466965119514733
1466965119713195
1466965119815948
1466965119918189
1466965120020569
1466965120429893
1466965120839497
1466965120941882
1466965121044301
1466965121255063
1466965121556266
1466965121761501
1466965121870075
1466965122170681
1466965122273096
1466965122477964
1466965122580293
1466965123194684
1466965123297071
1466965123404030
1466965123911496
1466965124013866
1466965124117900
1466965124735650
1466965124935479
1466965125247681
1466965125350075
1466965125549856
1466965125652268
1466965125754654
1466965125961074
1466965126472618
1466965126579394
1466965126886076
1466965126984276
1466965127085899
1466965127605754
1466965128417013
1466965128519357
1466965128725815
1466965128826607
1466965129236204
1466965129339554
1466965130260199
1466965130367979
1466965130465573
1466965130572598
1466965130875621
1466965130976989
1466965131080200
1466965131183507
1466965131693819
1466965131801390
1466965132108863
1466965132308520
1466965132512976
1466965132717774
1466965133024979
1466965133434557
1466965133537802
1466965134356173
1466965134458580
1466965134562682
1466965134663368
1466965134971270
1466965135180681
1466965135482545
1466965135585639
1466965135794788
1466965135994551
1466965136096969
1466965136405912
1466965136506555
1466965137024028
1466965137223397
1466965137429252
1466965137531982
1466965137632861
1466965137837721
1466965137940133
1466965138459172
1466965138556772
1466965138760323
1466965138870910
1466965140295493
1466965140403375
1466965140704911
1466965140807532
1466965141319315
1466965141421701
1466965141728894
1466965141831285
1466965142037190
1466965142243176
1466965142855290
1466965142957699
1466965143060119
1466965143162500
1466965143265550
1466965143572195
1466965143674653
1466965144802170
1466965145007885
1466965145210472
1466965145312868
1466965145517896
1466965145622351
1466965145927279
1466965146234456
1466965146644047
1466965146748790
1466965147259279
1466965147465591
1466965147772749
1466965147983057
1466965148590391
1466965148794872
1466965148897152
1466965149408827
1466965149819997
1466965150125674
1466965150740371
1466965150842924
1466965150944889
1466965151047203
1466965151149627
1466965151360024
1466965151559186
1466965151970866
1466965152276003
1466965152379074
1466965152589794
1466965152890415
1466965153197871
1466965153607190
1466965153916999
1466965154221697
1466965155042103
1466965155145032
1466965155245568
1466965155347998
1466965155757556
1466965155964452
1466965156168977
1466965156269514
1466965156577598
1466965156781565
1466965156986376
1466965157088828
1466965157193273
1466965157606749
1466965158010477
1466965158215838
1466965158420884
1466965158727141
1466965158829578
1466965159034825
1466965159344529
1466965159450186
1466965159650589
1466965159854119
1466965160058315
1466965160264541
1466965160467923
1466965160775060
1466965161903982
1466965162003904
1466965162208702
1466965162311079
1466965162521920
1466965162618364
1466965162927596
1466965163132852
1466965163335059
1466965163542100
1466965163643125
1466965163847030
1466965163949488
1466965164462764
1466965164564400
1466965164973402
1466965165280656
1466965165587852
1466965165895057
1466965166202274
1466965166409005
1466965166611780
1466965166714247
1466965167022659
1466965167840652
1466965167943569
1466965168045454
1466965168149330
1466965168352648
1466965168659853
1466965168763887
1466965168967071
1466965169069439
1466965169274244
1466965169581367
1466965169684551
1466965169991025
1466965170707833
1466965170810247
1466965170912651
1466965171015202
1466965171117431
1466965171322247
1466965171424620
1466965171630876
1466965171731845
1466965171936625
1466965172039022
1466965172142057
1466965172244544
1466965172653390
1466965172756191
1466965172858360
1466965172960687
1466965173063066
1466965173165632
1466965173473374
1466965173780429
1466965173882159
1466965173984726
1466965174189357
1466965174291808
1466965174394169
1466965174496574
1466965174598965
1466965174906858
1466965175009232
1466965175110960
1466965175932033
1466965176237589
1466965176544561
1466965176646980
1466965176750691
1466965177056569
1466965177261355
1466965177364462
1466965177469250
1466965177568541
1466965177670968
1466965177875754
1466965178182950
1466965178388036
1466965178490158
1466965178593751
1466965178797355
1466965179310031
1466965179514080
1466965179718957
1466965179824428
1466965179925539
1466965180026132
1466965180129857
1466965180231691
1466965180333343
1466965180640548
1466965180845569
1466965181153333
1466965181664523
1466965181972979
1466965182278918
1466965182587379
1466965182893301
1466965183098138
1466965183611686
1466965183713030
1466965183917593
1466965184019929
1466965184839328
1466965184941307
1466965185248764
1466965185658661
1466965186170087
1466965186376973
1466965186682376
1466965187306919
1466965187809278
1466965188013252
1466965188218056
1466965188320452
1466965188425300
1466965188627589
1466965188832890
1466965188934875
1466965189038607
1466965189242063
1466965189344454
1466965189447685
1466965190163654
1466965190370355
1466965190676882
1466965190983316
1466965191495033
1466965192109229
1466965192211634
1466965192520527
1466965192723859
1466965193235604
1466965193645766
1466965194055460
1466965194464423
1466965194771593
1466965194874710
1466965194979805
1466965195078799
1466965195181164
1466965195488771
1466965195796627
1466965195901087
1466965196410928
1466965196717502
1466965196921985
1466965197127279
1466965197229180
1466965197331576
1466965197433964
1466965197536388
1466965197844602
1466965197945977
1466965198254042
1466965198356464
1466965198457973
1466965198560365
1466965199072300
1466965199277212
1466965199379566
1466965199483880
1466965199686678
1466965200301148
1466965200608332
1466965200710734
1466965200815158
1466965200915556
1466965201019063
1466965201123931
1466965202451520
1466965202758724
1466965203065928
1466965203270720
1466965203578893
1466965203782717
1466965203987503
1466965204091088
1466965204294709
1466965204500109
1466965204601902
1466965204807755
1466965205011502
1466965205320562
1466965205523468
1466965205625838
1466965205933444
1466965206035484
1466965206137812
1466965206548061
1466965206649846
1466965206856015
1466965206957667
1466965207059473
1466965207162445
1466965207366684
1466965207572127
1466965207673801
1466965207878670
1466965208595739
1466965208697885
1466965208801301
1466965209107469
1466965209313225
1466965209415303
1466965209721901
1466965209825088
1466965210131471
1466965210337722
1466965210438661
1466965210542643
1466965210647620
1466965211155682
1466965211257838
1466965211566167
1466965212180074
1466965212486641
1466965212589020
1466965212896160
1466965213101041
1466965213203373
1466965213612999
1466965213817815
1466965213922177
1466965214227413
1466965214329823
1466965214432289
1466965214640226
1466965215252577
1466965215456213
1466965215660966
1466965215866523
1466965216070596
1466965216172991
1466965216582572
1466965216890011
1466965216993007
1466965217307404
1466965217402761
1466965217607931
1466965218426757
1466965218528362
1466965219246817
1466965219449737
1466965219552159
1466965219654534
1466965219860427
1466965220167010
1466965220268959
1466965220678889
1466965220782131
1466965221089432
1466965221395819
1466965221497689
1466965221600925
1466965221702551
1466965221804988
1466965222013186
1466965222523171
1466965222726534
1466965222932018
1466965223033741
1466965223136135
1466965223444058
1466965223545745
1466965224057720
1466965224365468
1466965224569713
1466965225086767
1466965225389145
1466965225594263
1466965225900909
1466965226617639
1466965226823088
1466965226924892
1466965227027302
1466965227745352
1466965227846596
1466965227948867
1466965228153667
1466965228256072
1466965228358466
1466965228461749
1466965228563231
1466965228665675
1466965228974739
1466965229382473
1466965229484862
1466965229588553
1466965229792067
1466965229894464
1466965229996861
1466965230099260
1466965230202690
1466965230406449
1466965230714446
1466965231020841
1466965231432270
1466965231737636
1466965231839981
1466965231942437
1466965232045561
1466965232455863
1466965233072295
1466965233171212
1466965233274787
1466965234197179
1466965234301667
1466965234502411
1466965234604814
1466965234811027
1466965235014399
1466965235219200
1466965235425121
1466965235527380
1466965235731203
1466965235833616
1466965236040364
1466965236141783
1466965236551192
1466965236755588
1466965236959973
1466965237471962
