1467286558160662
1467286558263032
1467286558365456
1467286558467856
1467286558672708
1467286558775058
1467286558877453
1467286558979969
1467286559184783
1467286559287063
1467286559389454
1467286559491850
1467286559594284
1467286559696617
1467286559799642
1467286559901450
1467286560003820
1467286560106266
1467286560208663
1467286560311620
1467286560413399
1467286560515851
1467286560618261
1467286560720664
1467286560823057
1467286560925452
1467286561134098
1467286561232636
1467286561334995
1467286561437756
1467286561642319
1467286561848016
1467286561949560
1467286562051851
1467286562154268
1467286562256663
1467286562362327
1467286562461454
1467286562563850
1467286562666247
1467286562768664
1467286562871018
1467286562973500
1467286563075816
1467286563281138
1467286563383057
1467286563587923
1467286563690255
1467286563792663
1467286563895018
1467286563997456
1467286564099852
1467286564206264
1467286564304663
1467286564611807
1467286564718514
1467286564816912
1467286564919059
1467286565021433
1467286565123822
1467286565226247
1467286565328583
1467286565533454
1467286565635852
1467286565738267
1467286565840690
1467286565943057
1467286566045406
1467286566147850
1467286566253489
1467286566352652
1467286566557459
1467286566661577
1467286566762188
1467286566864646
1467286566967184
1467286567069421
1467286567171851
1467286567274246
1467286567376659
1467286567581459
1467286567786247
1467286567888585
1467286567991059
1467286568093455
1467286568195812
1467286568298245
1467286568400933
1467286568503006
1467286568605454
1467286568707896
1467286568810246
1467286568915079
1467286569015039
1467286569117421
1467286569219851
1467286569322208
1467286569424976
1467286569527701
1467286569629396
1467286569731856
1467286570039118
1467286570141457
1467286570244469
1467286570346219
1467286570448644
1467286570551038
1467286570653434
1467286570755793
1467286570858247
1467286570960661
1467286571267878
1467286571370271
1467286571472643
1467286571578634
1467286571677456
1467286571779804
1467286571882211
1467286571984583
1467286572087177
1467286572189436
1467286572291850
1467286572394243
1467286572496827
1467286572599039
1467286572701478
1467286572804132
1467286572910102
1467286573111038
1467286573213396
1467286573320235
1467286573421968
1467286573520599
1467286573623028
1467286573725403
1467286573832265
1467286573930212
1467286574032644
1467286574135039
1467286574237387
1467286574339839
1467286574442187
1467286574544621
1467286574647712
1467286574749434
1467286574851802
1467286574954321
1467286575056647
1467286575159028
1467286575261669
1467286575363831
1467286575466318
1467286575568644
1467286575671038
1467286575773406
1467286575875799
1467286575978181
1467286576080664
1467286576183038
1467286576285435
1467286576387831
1467286576490811
1467286576592986
1467286576695203
1467286576797545
1467286576899803
1467286577002191
1467286577107040
1467286577321560
1467286577538414
1467286577723540
1467286577832711
1467286577924365
1467286578026227
1467286578128601
1467286578230987
1467286578334267
1467286578435801
1467286578649729
1467286578744036
1467286578845381
1467286578947801
1467286579050664
1467286579257286
1467286579357744
1467286579459833
1467286579562170
1467286579664631
1467286579767041
1467286579870000
1467286580074269
1467286580176644
1467286580278974
1467286580381460
1467286580483927
1467286580586332
1467286580688626
1467286580792359
1467286580893412
1467286580995776
1467286581200622
1467286581303039
1467286581405438
1467286581507832
1467286581610229
1467286581712580
1467286581917437
1467286582019981
1467286582122228
1467286582228769
1467286582429656
1467286582531938
1467286582634230
1467286582736624
1467286582839007
1467286582941437
1467286583043959
1467286583146170
1467286583248629
1467286583351106
1467286583453746
1467286583555833
1467286583760622
1467286583862964
1467286583965436
1467286584067888
1467286584170230
1467286584272630
1467286584375020
1467286584480895
1467286584579833
1467286584682236
1467286584784655
1467286584887038
1467286584989397
1467286585094042
1467286585194355
1467286585305271
1467286585404470
1467286585501605
1467286585603787
1467286585830186
1467286585915224
1467286586019856
1467286586133289
1467286586237290
1467286587037416
1467286587242888
1467286587344573
1467286587446973
1467286587651835
1467286587754233
1467286587856682
1467286587959143
1467286588061385
1467286588163843
1467286588266229
1467286588368729
1467286588471020
1467286588573415
1467286588675834
1467286588780300
1467286588884017
1467286588983017
1467286589085746
1467286589187812
1467286589290230
1467286589392561
1467286589494955
1467286589597503
1467286589699814
1467286589802210
1467286589904601
1467286590006978
1467286590109418
1467286590314202
1467286590418960
1467286590519019
1467286590621500
1467286590723814
1467286590826228
1467286590928582
1467286591030962
1467286591236211
1467286591338231
1467286591459852
1467286591543027
1467286591645375
1467286591747777
1467286591850211
1467286591952627
1467286592055021
1467286592157418
1467286592259750
1467286592362151
1467286592464607
1467286592567087
1467286592669417
1467286592771830
1467286592874242
1467286592976626
1467286593181417
1467286593283814
1467286593386232
1467286593488629
1467286593590980
1467286593693437
1467286593795763
1467286593898210
1467286594000585
1467286594102989
1467286594205425
1467286594307983
1467286594410210
1467286594614974
1467286594717457
1467286594819888
1467286595024604
1467286595126968
1467286595229362
1467286595331814
1467286595434227
1467286595540417
1467286595639025
1467286595741430
1467286595843939
1467286595946166
1467286596048606
1467286596151125
1467286596253418
1467286596355859
1467286596458232
1467286596560607
1467286596663105
1467286596765418
1467286596867814
1467286596970208
1467286597175021
1467286597277419
1467286597379756
1467286597485795
1467286597584614
1467286597687000
1467286597789423
1467286597891813
1467286597997793
1467286598096564
1467286598199002
1467286598506229
1467286598610041
1467286598711003
1467286598813423
1467286599018859
1467286599120605
1467286599223001
1467286599325417
1467286599430279
1467286599632754
1467286599735002
1467286599837418
1467286599940603
1467286600147916
1467286600246947
1467286600349426
1467286600451815
1467286600656577
1467286600861415
1467286601168606
1467286601475812
1467286601685064
1467286601782950
1467286601885416
1467286601987961
1467286602090209
1467286602192606
1467286602294945
1467286602397401
1467286602506942
1467286602602209
1467286602704561
1467286602807002
1467286602909491
1467286603011753
1467286603114542
1467286603216577
1467286603318977
1467286603728546
1467286603831003
1467286603933398
1467286604035793
1467286604138299
1467286604240607
1467286604343001
1467286604445354
1467286604547796
1467286604650211
1467286604756707
1467286604855002
1467286604957398
1467286605059764
1467286605264794
1467286605367002
1467286605469400
1467286605571797
1467286605674214
1467286605776609
1467286605878961
1467286605981399
1467286606083753
1467286606189072
1467286606288735
1467286606391333
1467286606493400
1467286606698179
1467286606903003
1467286607005405
1467286607214545
1467286607312549
1467286607414948
1467286607517401
1467286607619792
1467286607722194
1467286607824603
1467286607927066
1467286608029346
1467286608234157
1467286608336606
1467286608746242
1467286608848613
1467286608951003
1467286609053361
1467286609155795
1467286609258203
1467286609565400
1467286609667787
1467286609770544
1467286609873108
1467286610077425
1467286610179756
1467286610282191
1467286610487037
1467286610589783
1467286610691797
1467286610794203
1467286610896734
1467286610999012
1467286611104672
1467286611203803
1467286611306191
1467286611408586
1467286611514065
1467286611613403
1467286611920586
1467286612023057
1467286612227797
1467286612330160
1467286612640420
1467286612739735
1467286612842191
1467286612944534
1467286613052277
1467286613149401
1467286613254902
1467286613358104
1467286613456589
1467286613558982
1467286613661400
1467286613763764
1467286613866193
1467286613968588
1467286614070933
1467286614176755
1467286614275785
1467286614378147
1467286614480862
1467286614586329
1467286614689698
1467286614890191
1467286614992588
1467286615094985
1467286615197399
1467286615299748
1467286615402193
1467286615504590
1467286615606982
1467286615712498
1467286615914296
1467286616016586
1467286616118985
1467286616221463
1467286616323797
1467286616528531
1467286616631236
1467286616835796
1467286616938398
1467286617044173
1467286617142983
1467286617245370
1467286617347901
1467286617450190
1467286617552588
1467286617758021
1467286617962135
1467286618166982
1467286618371744
1467286618474202
1467286618576649
1467286618781504
1467286618883776
1467286618986205
1467286619088588
1467286619293324
1467286619395721
1467286619498195
1467286619600604
1467286619702992
1467286620010193
1467286620214983
1467286620522186
1467286620624589
1467286620726983
1467286620829335
1467286620934587
1467286621034193
1467286621136589
1467286621238992
1467286621341381
1467286621443793
1467286621546353
1467286621648642
1467286621750991
1467286621853379
1467286621955777
1467286622160612
1467286622365368
1467286622979741
1467286623184583
1467286623287026
1467286623389381
1467286623491777
1467286623901384
1467286624003722
1467286624106172
1467286624310998
1467286624515805
1467286624618171
1467286624720592
1467286625027730
1467286625130173
1467286625232736
1467286625334984
1467286625437385
1467286625539882
1467286625954219
1467286626055464
1467286626359144
1467286626464503
1467286626609133
1467286626666547
1467286626778171
1467286626874798
1467286626983423
1467286627092408
1467286627180479
1467286627382984
1467286627599631
1467286627894946
1467286628069547
1467286628110675
1467286628313739
1467286628407069
1467286628611719
1467286629025001
1467286629230577
1467286629333528
1467286629635778
1467286630071637
1467286630352568
1467286630465259
1467286630882360
1467286631082737
1467286631278684
1467286631393484
1467286631585317
1467286631792362
1467286631888955
1467286631991831
1467286632093548
1467286632402029
1467286632511239
1467286633029100
1467286633125302
1467286633220138
1467286633526986
1467286633629319
1467286633731732
1467286633861861
1467286634550965
1467286634653367
1467286634775489
1467286635482132
1467286635581613
1467286635677355
1467286635800713
1467286635884673
1467286636189364
1467286636315306
1467286636599037
1467286636709216
1467286636803782
1467286636919174
1467286637232742
1467286637316259
1467286637530300
1467286638032571
1467286638544570
1467286638753264
1467286638855016
1467286638971612
1467286639056567
1467286639275569
1467286639376719
1467286639686879
1467286639780284
1467286639882071
1467286640088129
1467286640184698
1467286640288801
1467286640388673
1467286640513337
1467286640606906
1467286640797362
1467286640900632
1467286641002907
1467286641309376
1467286641414633
1467286641514153
1467286641616570
1467286641718964
1467286641934410
1467286642026113
1467286642128516
1467286642234162
1467286642435760
1467286642538156
1467286642742966
1467286642845308
1467286643062918
1467286643169395
1467286643254965
1467286643459761
1467286643562106
1467286643687365
1467286643971759
1467286644074166
1467286644176550
1467286644278918
1467286644381362
1467286644483827
1467286644693306
1467286644790924
1467286645104256
1467286645200556
1467286645302969
1467286645405364
1467286645510904
1467286645610155
1467286645712496
1467286645814970
1467286645917616
1467286646019752
1467286646122156
1467286646224552
1467286646326968
1467286646429459
1467286646533527
1467286646634154
1467286646736558
1467286646838981
1467286647043758
1467286647146099
1467286647350966
1467286647453368
1467286647555759
1467286647658177
1467286647763058
1467286647875385
1467286648082339
1467286648196304
1467286648486244
1467286648784583
1467286648989638
1467286649093279
1467286649195691
1467286649296503
1467286649398922
1467286649515133
1467286649617304
1467286650013304
1467286650115758
1467286650218127
1467286650320553
1467286650422949
1467286650627769
1467286650731472
1467286650832526
1467286650934988
1467286651037365
1467286651139757
1467286651242156
1467286651344556
1467286651446919
1467286651549292
1467286652061368
1467286652163760
1467286652376325
1467286652470905
1467286652675719
1467286652778118
1467286652880498
1467286653392586
1467286653495001
1467286653600846
1467286653699763
1467286653904551
1467286654007732
1467286654214508
1467286654314155
1467286654416551
1467286654518950
1467286654621343
1467286654724992
1467286654826166
1467286654928562
1467286655031051
1467286655133296
1467286655235751
1467286655338158
1467286655440555
1467286655645370
1467286655747823
1467286655850157
1467286655952579
1467286656055031
1467286656157346
1467286656362129
1467286656566962
1467286656771731
1467286657078903
1467286657181344
1467286657283759
1467286657386159
1467286657594266
1467286657693343
1467286657795707
1467286658000797
1467286658102889
1467286658205470
1467286658307731
1467286658412634
1467286658512615
1467286658614927
1467286658719099
1467286658819742
1467286658922221
1467286659024553
1467286659130136
1467286659229288
1467286659331759
1467286659434160
1467286659536557
1467286659638947
1467286659741343
1467286659843739
1467286659959219
1467286660048553
1467286660150949
1467286660355738
1467286660560560
1467286660665549
1467286660765315
1467286660867740
1467286660970134
1467286661073235
1467286661174945
1467286661277386
1467286661379814
1467286661482168
1467286661584553
1467286661686949
1467286661789345
1467286661891739
1467286661994161
1467286662096511
1467286662301347
1467286662403747
1467286662506135
1467286662608618
1467286662713997
1467286662813344
1467286663018137
1467286663120529
1467286663222962
1467286663325362
1467286663427764
1467286663530369
1467286663632595
1467286663734949
1467286663837491
1467286663939951
1467286664042156
1467286664144549
1467286664247035
1467286664349303
1467286664451746
1467286664554636
1467286664661592
1467286664758950
1467286664861360
1467286664963684
1467286665066087
1467286665168531
1467286665270949
1467286665373361
1467286665475824
1467286665578149
1467286665680533
1467286665782950
1467286665885352
1467286665987739
1467286666090135
1467286666294951
1467286666397345
1467286666499746
1467286666602139
1467286666807075
1467286666909363
1467286667011715
1467286667114200
1467286667216534
1467286667318970
1467286667421346
1467286667523744
1467286667626136
1467286667728488
1467286667830950
1467286667933343
1467286668035739
1467286668138134
1467286668240531
1467286668342930
1467286668445479
1467286668547740
1467286668650135
1467286668752533
1467286668855109
1467286668957355
1467286669059770
1467286669163592
1467286669264535
1467286669366931
1467286669571740
1467286669674350
1467286669777081
1467286669878873
1467286669981365
1467286670083740
1467286670288476
1467286670390930
1467286670498684
1467286670595709
1467286670700877
1467286670800534
1467286670902930
1467286671005347
1467286671107889
1467286671210079
1467286671312659
1467286671517339
1467286671619727
1467286671722094
1467286671930172
1467286672029283
1467286672131746
1467286672234140
1467286672336534
1467286672439032
1467286672541453
1467286672643741
1467286672746202
1467286672848539
1467286672950930
1467286673155993
1467286673258135
1467286673360535
1467286673462866
1467286673565336
1467286673667740
1467286673770373
1467286673872536
1467286673974931
1467286674077802
1467286674179896
1467286674282135
1467286674384647
1467286674486934
1467286674589343
1467286674794135
1467286674896482
1467286675003033
1467286675203745
1467286675306222
1467286675408532
1467286675510933
1467286675613969
1467286675818157
1467286676022930
1467286676127242
1467286676227740
1467286676330100
1467286676432536
1467286676637410
1467286676739741
1467286676842137
1467286676944549
1467286677046932
1467286677149516
1467286677251685
1467286677354138
1467286677456599
1467286677558931
1467286677661333
1467286677763827
1467286677968534
1467286678070901
1467286678173326
1467286678275755
1467286678480535
1467286678582931
1467286678685324
1467286678787740
1467286678893930
1467286678992536
1467286679095228
1467286679197282
1467286679299914
1467286679402123
1467286679504552
1467286679609780
1467286679709350
1467286679818808
1467286679914111
1467286680016547
1467286680221782
1467286680323722
1467286680428464
1467286680528485
1467286680630932
1467286680733326
1467286680835721
1467286680938138
1467286681040535
1467286681145265
1467286681450119
1467286681555011
1467286681654933
1467286681760283
1467286681859789
1467286681962071
1467286682064538
1467286682166934
1467286682269323
1467286682474117
1467286682576540
1467286682678873
1467286682782134
1467286682883728
1467286682986139
1467286683088620
1467286683190932
1467286683293326
1467286683395689
1467286683498119
1467286683600612
1467286683702965
1467286683805259
1467286684010122
1467286684214936
1467286684317252
1467286684419756
1467286684522138
1467286684624553
1467286684726982
1467286684829352
1467286684931727
1467286685034118
1467286685136753
1467286685238933
1467286685341333
1467286685445786
