1466988552306656
1466988552409071
1466988552613875
1466988552716277
1466988552818677
1466988552921091
1466988553023400
1466988553125875
1466988553228266
1466988553330676
1466988553433088
1466988553535427
1466988553637893
1466988553740303
1466988553842685
1466988553945096
1466988554047485
1466988554149892
1466988554252291
1466988554354686
1466988554457091
1466988554559473
1466988554661909
1466988554764297
1466988554866725
1466988554969091
1466988555071486
1466988555173906
1466988555276297
1466988555378712
1466988555481010
1466988555583407
1466988555890723
1466988555993030
1466988556300293
1466988556402724
1466988556505027
1466988556607489
1466988556709900
1466988556812296
1466988556914664
1466988557017060
1466988557119491
1466988557324322
1466988557426697
1466988557631469
1466988557733921
1466988557836322
1466988557938717
1466988558041077
1466988558245925
1466988558348327
1466988558450708
1466988558553107
1466988558757902
1466988558860325
1466988558962716
1466988559065105
1466988559167508
1466988559269920
1466988559372329
1466988559781916
1466988560293919
1466988560396313
1466988560703533
1466988560908346
1466988561010741
1466988561113127
1466988561215520
1466988561317958
1466988561522656
1466988561625120
1466988561727524
1466988562034706
1466988562137137
1466988562239536
1466988562445824
1466988562546700
1466988562649138
1466988562751547
1466988562853945
1466988562956347
1466988563058729
1466988563161130
1466988563263539
1466988563365946
1466988563468354
1466988563570750
1466988563673155
1466988563775547
1466988563877949
1466988563980346
1466988564082759
1466988564185171
1466988564389961
1466988564492329
1466988564594747
1466988564697146
1466988564799542
1466988564901972
1466988565004350
1466988565106770
1466988565209164
1466988565311564
1466988565413977
1466988565516325
1466988565618726
1466988565823565
1466988565925972
1466988566028378
1466988566233157
1466988566335556
1466988566437955
1466988566540356
1466988566745158
1466988566847601
1466988567052357
1466988567154773
1466988567359573
1466988567461957
1466988567564354
1466988567666769
1466988567769174
1466988567871591
1466988567973974
1466988568076320
1466988568178806
1466988568281190
1466988568383590
1466988568485972
1466988568588331
1466988568690779
1466988569202745
1466988569305188
1466988569407582
1466988569510004
1466988569612320
1466988569714772
1466988569817172
1466988569919573
1466988570124401
1466988570226787
1466988570329198
1466988570431595
1466988570533980
1466988570636384
1466988570738797
1466988570841201
1466988570943606
1466988571148400
1466988571250806
1466988571455612
1466988571762765
1466988571865219
1466988571967627
1466988572070023
1466988572172611
1466988572274822
1466988572377229
1466988572582006
1466988572684416
1466988572786804
1466988572889219
1466988572991633
1466988573093985
1466988573196440
1466988573298823
1466988573401205
1466988573503611
1466988573606018
1466988573708424
1466988573810816
1466988573913220
1466988574015629
1466988574118022
1466988574322859
1466988574425221
1466988574527580
1466988574629968
1466988574732428
1466988574834845
1466988574937223
1466988575141946
1466988575244436
1466988575346851
1466988575449237
1466988575551618
1466988575653989
1466988575756412
1466988575858828
1466988575961239
1466988576063608
1466988576165984
1466988576268429
1466988576370834
1466988576473231
1466988576575645
1466988576780471
1466988577087653
1466988577190060
1466988577292470
1466988577394850
1466988577497241
1466988577599635
1466988577702036
1466988577804476
1466988577906852
1466988578009248
1466988578111647
1466988578214054
1466988578316471
1466988578418845
1466988578521239
1466988578726058
1466988578828458
1466988579033277
1466988579135663
1466988579238093
1466988579647685
1466988579750055
1466988579852472
1466988580057283
1466988580159683
1466988580262093
1466988580364469
1466988580466880
1466988580569282
1466988580671688
1466988580774098
1466988580876476
1466988580978873
1466988581081277
1466988581183617
1466988581388478
1466988581490880
1466988581695590
1466988581798093
1466988581900490
1466988582002869
1466988582207627
1466988582310096
1466988582412500
1466988582822105
1466988583026899
1466988583129306
1466988583334093
1466988583436488
1466988583641297
1466988583846076
1466988583948458
1466988584050897
1466988584153303
1466988584255736
1466988584358054
1466988584562902
1466988584665305
1466988584767720
1466988584972503
1466988585074849
1466988585177302
1466988585484522
1466988585586894
1466988585689305
1466988585791719
1466988585894128
1466988585996518
1466988586098901
1466988586201301
1466988586406128
1466988586508490
1466988586713307
1466988586918112
1466988587020475
1466988587122931
1466988587225323
1466988587327653
1466988587430110
1466988587532519
1466988587636351
1466988587737269
1466988587839727
1466988587942118
1466988588044525
1466988588146925
1466988588556530
1466988588761265
1466988588863730
1466988588966142
1466988589068534
1466988589170858
1466988589273274
1466988589376105
1466988589478142
1466988589580545
1466988589785336
1466988589887744
1466988589990154
1466988590092543
1466988590194950
1466988590297354
1466988590604533
1466988590809356
1466988590911745
1466988591014141
1466988591116560
1466988591218953
1466988591321296
1466988591423750
1466988591526147
1466988591628513
1466988591730946
1466988591833337
1466988591935724
1466988592038129
1466988592140534
1466988592242951
1466988592345352
1466988592447741
1466988592550166
1466988592652543
1466988592754923
1466988592857359
1466988592959769
1466988593062171
1466988593164567
1466988593266951
1466988593369353
1466988593471780
1466988593574177
1466988593778920
1466988593881307
1466988594086167
1466988594188568
1466988594290910
1466988594495769
1466988594598153
1466988594802893
1466988595110161
1466988595314901
1466988595519705
1466988595622178
1466988595724569
1466988595826984
1466988595929380
1466988596031772
1466988596236606
1466988596338992
1466988596441381
1466988596543785
1466988596646154
1466988596748544
1466988596953383
1466988597260603
1466988597362984
1466988597567778
1466988598079775
1466988598182136
1466988598694206
1466988598796597
1466988598899006
1466988599001402
1466988599513354
1466988599718199
1466988599820597
1466988599923012
1466988600025413
1466988600127823
1466988600230223
1466988600332540
1466988600537403
1466988600639830
1466988600742227
1466988600844567
1466988600947006
1466988601049405
1466988601151822
1466988601254227
1466988601459050
1466988601663830
1466988601766225
1466988601868631
1466988601971029
1466988602073442
1466988602175818
1466988602278227
1466988602585425
1466988602687826
1466988602790235
1466988603302225
1466988603404629
1466988603507026
1466988603609432
1466988603711825
1466988603814228
1466988603916636
1466988604019031
1466988604121437
1466988604223850
1466988604326257
1466988604531012
1466988604633429
1466988604940618
1466988605043017
1466988605145435
1466988605247858
1466988605452645
1466988605555019
1466988605657457
1466988605862258
1466988605964661
1466988606169480
1466988606271869
1466988606374239
1466988606476648
1466988606681435
1466988606783862
1466988606886183
1466988606988668
1466988607091055
1466988607193470
1466988607295855
1466988607398198
1466988607500656
1466988607705457
1466988607807832
1466988607910169
1466988608012640
1466988608115040
1466988608217457
1466988608422211
1466988608524649
1466988608627040
1466988608729477
1466988608831876
1466988609036689
1466988609139104
1466988609241476
1466988609343879
1466988609446191
1466988609548695
1466988609651104
1466988609753476
1466988609958266
1466988610060681
1466988610163098
1466988610265477
1466988610367875
1466988610470261
1466988610675103
1466988610777478
1466988610982275
1466988611084687
1466988611187098
1466988611289505
1466988611494259
1466988611596671
1466988611699096
1466988611903906
1466988612006297
1466988612211096
1466988612313498
1466988612415911
1466988612518238
1466988612620731
1466988612723108
1466988612825499
1466988612927907
1466988613030285
1466988613132707
1466988613337504
1466988613439836
1466988613542301
1466988613747097
1466988613849494
1466988613951832
1466988614054226
1466988614156721
1466988614259099
1466988614463828
1466988614566305
1466988614873521
1466988614975855
1466988615078311
1466988615180722
1466988615283120
1466988615487903
1466988615590322
1466988615692725
1466988615795121
1466988615897525
1466988615999887
1466988616102322
1466988616204683
1466988616307111
1466988616409530
1466988616614312
1466988616716728
1466988616819123
1466988616921533
1466988617023928
1466988617126335
1466988617228731
1466988617331132
1466988617433507
1466988617535929
1466988617638289
1466988617740723
1466988617843120
1466988617945521
1466988618047930
1466988618150339
1466988618252733
1466988618355161
1466988618457552
1466988618559912
1466988618662312
1466988618764747
1466988618867147
1466988618969549
1466988619071967
1466988619174354
1466988619276746
1466988619379155
1466988619481544
1466988619583958
1466988619891103
1466988619993495
1466988620095957
1466988620198359
1466988620300749
1466988620403145
1466988620505505
1466988620607951
1466988620710355
1466988620812745
1466988620915133
1466988621017507
1466988621119900
1466988621222303
1466988621324729
1466988621427131
1466988621529484
1466988621631938
1466988621734358
1466988621836773
1466988621939157
1466988622041552
1466988622143959
1466988622246360
1466988622348776
1466988622451181
1466988622553558
1466988622655969
1466988622758362
1466988622963172
1466988623065565
1466988623167957
1466988623270358
1466988623372779
1466988623475179
1466988623577572
1466988623679984
1466988623884712
1466988623987182
1466988624191920
1466988624294305
1466988624396758
1466988624499158
1466988624601553
1466988624703990
1466988624806381
1466988625011172
1466988625215982
1466988625420779
1466988625523118
1466988625727967
1466988625830367
1466988625932803
1466988626035143
1466988626137564
1466988626239938
1466988626342383
1466988626444807
1466988626751990
1466988626854391
1466988626956800
1466988627059140
1466988627161605
1466988627264005
1466988627366381
1466988627673583
1466988627776003
1466988627878409
1466988627980801
1466988628287927
1466988628390419
1466988628492807
1466988628697557
1466988628800010
1466988629004820
1466988629107127
1466988629209519
1466988629312009
1466988629414418
1466988629516772
1466988629619119
1466988629721647
1466988629824011
1466988629926415
1466988630031146
1466988630336006
1466988630438449
1466988630540811
1466988630643158
1466988630745598
1466988630848012
1466988630950411
1466988631052832
1466988631155205
1466988631257636
1466988631360033
1466988631462437
1466988631564834
1466988631667233
1466988631769649
1466988631872051
1466988631974437
1466988632076829
1466988632179234
1466988632281635
1466988632384049
1466988632486444
1466988632588753
1466988632691210
1466988632998434
1466988633100753
1466988633203240
1466988633305642
1466988633408044
1466988633510440
1466988633612830
1466988633715265
1466988633817635
1466988633920044
1466988634022442
1466988634124802
1466988634227255
1466988634329637
1466988634432065
1466988634636843
1466988634739236
1466988634841661
1466988634944060
1466988635046463
1466988635148788
1466988635251240
1466988635353664
1466988635456048
1466988635558463
1466988635660837
1466988635865660
1466988635968062
1466988636070486
1466988636172792
1466988636275252
1466988636480014
1466988636582462
1466988636684840
1466988636889664
1466988636992054
1466988637094845
1466988637196851
1466988637299253
1466988637401670
1466988637504072
1466988637606485
1466988637708865
1466988637811265
1466988637913648
1466988638016063
1466988638118481
1466988638323284
1466988638425697
1466988638630469
1466988638732881
1466988638835291
1466988638937698
1466988639040109
1466988639142409
1466988639244803
1466988639347185
1466988639654416
1466988639756881
1466988639859282
1466988640064089
1466988640371296
1466988640473683
1466988640576101
1466988640678435
1466988640780792
1466988640883282
1466988640985690
1466988641088112
1466988641190502
1466988641395304
1466988641600086
1466988641702503
1466988641907315
1466988642009688
1466988642214506
1466988642316907
1466988642419318
1466988642624112
1466988642726438
1466988642828909
1466988642931315
1466988643033729
1466988643136104
1466988643340918
1466988643545734
1466988643648102
1466988643750527
1466988643852911
1466988643955327
1466988644057729
1466988644160105
1466988644364903
1466988644467317
1466988644569735
1466988644672129
1466988644876942
1466988644979311
1466988645081729
1466988645184127
1466988645286541
1466988645388932
1466988645491319
1466988645593728
1466988645696078
1466988645798527
1466988645900942
1466988646105728
1466988646208078
1466988646310527
1466988646412940
1466988646515290
1466988646617734
1466988646720089
1466988646822527
1466988646924934
1466988647027335
1466988647129727
1466988647232073
1466988647334535
1466988647436938
1466988647539364
1466988647641727
1466988647744146
1466988647846560
1466988647948943
1466988648051342
1466988648153762
1466988648256160
1466988648358558
1466988648460945
1466988648563333
1466988648665761
1466988648768136
1466988649075370
1466988649177752
1466988649280149
1466988649382481
1466988649484946
1466988649587348
1466988649792136
1466988649894536
1466988649996951
1466988650099344
1466988650304935
1466988650406562
1466988650508958
1466988650611326
1466988650713749
1466988650816145
1466988650918556
1466988651020972
1466988651123370
1466988651225756
1466988651328186
1466988651430581
1466988651532946
1466988651635343
1466988651737752
1466988651840135
1466988651942524
1466988652044967
1466988652147368
1466988652249721
1466988652352179
1466988652454589
1466988652556983
1466988652659347
1466988652761783
1466988652864134
1466988652966576
1466988653068994
1466988653171395
1466988653273736
1466988653478582
1466988653683388
1466988653785739
1466988653888186
1466988653990578
1466988654195398
1466988654400188
1466988654502591
1466988654604983
1466988654707387
1466988654809786
1466988654912183
1466988655014603
1466988655219395
1466988655424196
1466988655936200
1466988656140989
1466988656243390
1466988656345812
1466988656448213
1466988656653029
1466988656755416
1466988656960207
1466988657062599
1466988657165006
1466988657267392
1466988657369800
1466988657472195
1466988657574589
1466988657676995
1466988657779424
1466988657881795
1466988657984207
1466988658086621
1466988658189013
1466988658291356
1466988658393810
1466988658701021
1466988658803359
1466988658905813
1466988659008215
1466988659110624
1466988659315354
1466988659417814
1466988659520220
1466988659725023
1466988659827341
1466988660032242
1466988660237047
1466988660339404
1466988660441819
1466988660544206
1466988660749035
1466988661158640
1466988661568215
1466988661670629
1466988661773024
1466988662080217
1466988662182621
1466988662285024
1466988662387427
1466988662489814
1466988662694630
1466988662899443
1466988663001861
1466988663104253
1466988663206630
1466988663309025
1466988663411425
1466988663513803
1466988663616243
1466988663718654
1466988663821048
1466988663923463
1466988664025843
1466988664128260
1466988664230667
1466988664333073
1466988664435489
1466988664537864
1466988664640191
1466988664742652
1466988664947482
1466988665049842
1466988665254654
1466988665459481
1466988665561850
1466988665664245
1466988665766651
1466988665869005
1466988665971386
1466988666073862
1466988666176261
1466988666278673
1466988666381069
1466988666483484
1466988666585858
1466988666691437
1466988666790669
1466988666892983
1466988666995483
1466988667097884
1466988667507398
1466988667609868
1466988667712269
1466988667814669
1466988668224208
1466988668326680
1466988668429045
1466988668531406
1466988668633863
1466988668736270
1466988668838677
1466988668941094
1466988669043466
1466988669145903
1466988669248287
1466988669350695
1466988669453093
1466988669555491
1466988669657881
1466988669862701
1466988669965042
1466988670067472
1466988670272321
1466988670374692
1466988670477107
1466988670579459
1466988670681842
1466988670784296
1466988670886677
1466988671501041
1466988671603459
1466988671705898
1466988671910649
1466988672013092
1466988672320312
1466988672627490
1466988672729893
1466988672832296
1466988672934664
1466988673139535
1466988673241910
1466988673344315
1466988673446665
1466988673549138
1466988673856311
1466988673958668
1466988674061138
1466988674163534
1466988674267076
1466988674470663
1466988674573121
1466988674675535
1466988674777940
1466988674880346
1466988674982665
1466988675085116
1466988675187527
1466988675289938
1466988675494670
1466988675699542
1466988675904346
1466988676006738
1466988676211533
1466988676416332
1466988676723572
1466988676825939
1466988676928340
1466988677030732
1466988677133154
1466988677952368
1466988678054760
1466988678771568
1466988678976365
1466988679283561
1466988679385914
1466988679590758
1466988679693158
1466988679795569
1466988680000326
1466988680102765
1466988680205181
1466988680307581
1466988680512372
1466988680717191
1466988680819581
1466988680921976
1466988681024379
1466988681229194
1466988681331587
1466988681433964
