1467284790281883
1467284790384314
1467284790486693
1467284790590976
1467284790691503
1467284790793909
1467284790896239
1467284790998696
1467284791102736
1467284791203503
1467284791305988
1467284791408278
1467284791510697
1467284791613040
1467284791716821
1467284791817893
1467284791920350
1467284792022697
1467284792125091
1467284792227486
1467284792329999
1467284792432291
1467284792534699
1467284792637090
1467284792739485
1467284792841879
1467284792944278
1467284793047421
1467284793149133
1467284793253822
1467284793353883
1467284793456210
1467284793558693
1467284793661197
1467284793764113
1467284793865882
1467284793968257
1467284794070676
1467284794174544
1467284794278174
1467284794383340
1467284794480216
1467284794582690
1467284794685096
1467284794787613
1467284794892473
1467284794992246
1467284795094676
1467284795198805
1467284795299487
1467284795504284
1467284795608486
1467284795711719
1467284795811744
1467284795913882
1467284796016339
1467284796118716
1467284796224434
1467284796323490
1467284796425902
1467284796528286
1467284796630673
1467284796734776
1467284796835486
1467284796937884
1467284797042886
1467284797142675
1467284797245029
1467284797348113
1467284797449884
1467284797552280
1467284797654675
1467284797757089
1467284797859487
1467284797961922
1467284798065630
1467284798166620
1467284798270531
1467284798371482
1467284798473888
1467284798576279
1467284798678619
1467284798781203
1467284798883477
1467284798985884
1467284799088280
1467284799190675
1467284799293072
1467284799395429
1467284799497883
1467284799600279
1467284799702691
1467284799805080
1467284799907468
1467284800009829
1467284800112279
1467284800218236
1467284800317072
1467284800419483
1467284800521815
1467284800625468
1467284800726693
1467284800829038
1467284800931724
1467284801035989
1467284801137006
1467284801238674
1467284801342359
1467284801443469
1467284801545920
1467284801648282
1467284801853070
1467284801955468
1467284802057862
1467284802160364
1467284802264320
1467284802365072
1467284802467583
1467284802569901
1467284802672364
1467284802775217
1467284802878596
1467284802979531
1467284803081887
1467284803184284
1467284803286682
1467284803389073
1467284803491799
1467284803593887
1467284803697547
1467284803798675
1467284803901090
1467284804003516
1467284804106768
1467284804208385
1467284804310689
1467284804413021
1467284804515530
1467284804618095
1467284804720299
1467284804822796
1467284804925178
1467284805027468
1467284805129807
1467284805234117
1467284805334681
1467284805437072
1467284805539531
1467284805641907
1467284805744293
1467284805846773
1467284805951749
1467284806051488
1467284806155321
1467284806260562
1467284806358719
1467284806565821
1467284806665862
1467284806768293
1467284806870684
1467284806973061
1467284807075466
1467284807180216
1467284807280217
1467284807382686
1467284807485074
1467284807587469
1467284807691823
1467284807792261
1467284807894703
1467284807997014
1467284808099474
1467284808201832
1467284808304261
1467284808406677
1467284808510166
1467284808611428
1467284808713863
1467284808816807
1467284808918679
1467284809021071
1467284809123466
1467284809226554
1467284809330909
1467284809430635
1467284809533093
1467284809635595
1467284809843635
1467284809942888
1467284810045074
1467284810147468
1467284810249839
1467284810352429
1467284810454737
1467284810557083
1467284810659543
1467284810761866
1467284810864259
1467284810966677
1467284811071364
1467284811171468
1467284811273884
1467284811377498
1467284811478697
1467284811581779
1467284811683569
1467284811785898
1467284811888715
1467284811990936
1467284812093090
1467284812210316
1467284812297991
1467284812400262
1467284812502679
1467284812605154
1467284812809905
1467284812912221
1467284813014656
1467284813117485
1467284813219467
1467284813321829
1467284813424277
1467284813526657
1467284813629009
1467284813731469
1467284813833873
1467284813936261
1467284814038675
1467284814141047
1467284814245247
1467284814346311
1467284814448262
1467284814550663
1467284814653019
1467284814756636
1467284814858416
1467284814960263
1467284815065614
1467284815165032
1467284815267531
1467284815369891
1467284815472262
1467284815574679
1467284815677054
1467284815779495
1467284815881949
1467284815984306
1467284816086657
1467284816190014
1467284816291783
1467284816393867
1467284816500913
1467284816598629
1467284816701182
1467284816803469
1467284816905872
1467284817008450
1467284817110666
1467284817213008
1467284817315470
1467284817417865
1467284817520326
1467284817622661
1467284817725053
1467284817827441
1467284817929823
1467284818032303
1467284818135774
1467284818241511
1467284818339577
1467284818441865
1467284818544262
1467284818646642
1467284818749063
1467284818853742
1467284818953868
1467284819056718
1467284819159135
1467284819261741
1467284819363436
1467284819465824
1467284819568282
1467284819670914
1467284819773054
1467284819875451
1467284819977867
1467284820080262
1467284820182711
1467284820285119
1467284820387468
1467284820489868
1467284820694658
1467284820797017
1467284820899450
1467284821004179
1467284821104661
1467284821206795
1467284821309110
1467284821411449
1467284821513966
1467284821616264
1467284821718660
1467284821821468
1467284821923452
1467284822025911
1467284822128267
1467284822230603
1467284822333056
1467284822435524
1467284822540431
1467284822640281
1467284822742658
1467284822845039
1467284822947409
1467284823049874
1467284823152265
1467284823255310
1467284823357065
1467284823459741
1467284823561795
1467284823664218
1467284823768641
1467284823869097
1467284823971451
1467284824073847
1467284824176364
1467284824278665
1467284824381097
1467284824483453
1467284824585860
1467284824688295
1467284824790662
1467284824893069
1467284824995392
1467284825097909
1467284825200268
1467284825302660
1467284825405057
1467284825507451
1467284825609968
1467284825712188
1467284825814658
1467284826019451
1467284826121852
1467284826224499
1467284826326660
1467284826431811
1467284826532828
1467284826633848
1467284826736782
1467284826838679
1467284826941058
1467284827043452
1467284827145790
1467284827248245
1467284827350806
1467284827453578
1467284827555473
1467284827657849
1467284827760218
1467284827862619
1467284827965063
1467284828067451
1467284828271750
1467284828374156
1467284828476767
1467284828578891
1467284828681805
1467284828786909
1467284828886679
1467284828989074
1467284829091464
1467284829193850
1467284829296762
1467284829398637
1467284829501832
1467284829603482
1467284829705847
1467284829808365
1467284829910660
1467284830013010
1467284830116383
1467284830217848
1467284830320252
1467284830422641
1467284830525037
1467284830627574
1467284830730716
1467284830832245
1467284830934641
1467284831037054
1467284831139453
1467284831241855
1467284831344578
1467284831446607
1467284831549059
1467284831753848
1467284831958698
1467284832061059
1467284832164212
1467284832265850
1467284832368245
1467284832470657
1467284832574018
1467284832675931
1467284832777804
1467284832880244
1467284832982846
1467284833086524
1467284833188408
1467284833289851
1467284833392245
1467284833499950
1467284833596995
1467284833699442
1467284833801847
1467284833904243
1467284834011795
1467284834109933
1467284834211731
1467284834314001
1467284834416252
1467284834518644
1467284834621143
1467284834734886
1467284834827784
1467284834934306
1467284835039222
1467284835135204
1467284835247120
1467284835337850
1467284835440248
1467284835542670
1467284835649182
1467284835759835
1467284835853287
1467284836057048
1467284836262002
1467284836372999
1467284836469826
1467284836567245
1467284836673620
1467284836783102
1467284836873846
1467284836976246
1467284837078705
1467284837182161
1467284837283446
1467284837385817
1467284837489059
1467284837590659
1467284837693009
1467284837897844
1467284838003370
1467284838102643
1467284838205051
1467284838307460
1467284838409844
1467284838512218
1467284838614643
1467284838718185
1467284838821032
1467284838921847
1467284839024264
1467284839126641
1467284839228981
1467284839331432
1467284839433845
1467284839537474
1467284839640055
1467284839741807
1467284839843376
1467284839945801
1467284840048264
1467284840150661
1467284840253034
1467284840355599
1467284840458494
1467284840560283
1467284840662599
1467284840765678
1467284840867434
1467284840969847
1467284841072911
1467284841174638
1467284841277056
1467284841379386
1467284841481845
1467284841584991
1467284841686841
1467284841789039
1467284841891435
1467284841993829
1467284842097001
1467284842198647
1467284842301047
1467284842407982
1467284842505845
1467284842608251
1467284842710707
1467284842813829
1467284842915439
1467284843017846
1467284843120392
1467284843222641
1467284843325038
1467284843427436
1467284843529790
1467284843632250
1467284843734646
1467284843837140
1467284843939576
1467284844042331
1467284844144247
1467284844246698
1467284844349030
1467284844452273
1467284844553847
1467284844656680
1467284844758704
1467284844965043
1467284845066409
1467284845168539
1467284845270645
1467284845372993
1467284845475388
1467284845578804
1467284845680580
1467284845782721
1467284845987392
1467284846089851
1467284846192229
1467284846294726
1467284846397038
1467284846499395
1467284846601826
1467284846704226
1467284846806662
1467284846909034
1467284847011434
1467284847113801
1467284847216225
1467284847318638
1467284847421033
1467284847523390
1467284847625912
1467284847728312
1467284847830615
1467284847934758
1467284848035435
1467284848137846
1467284848241580
1467284848342654
1467284848444998
1467284848547430
1467284848649846
1467284848752241
1467284848854627
1467284848957039
1467284849059442
1467284849161792
1467284849264223
1467284849366639
1467284849469041
1467284849571436
1467284849673856
1467284849776244
1467284849878673
1467284849981809
1467284850083437
1467284850185862
1467284850288538
1467284850391244
1467284850493036
1467284850595367
1467284850697833
1467284850807161
1467284850906352
1467284851111823
1467284851312183
1467284851417223
1467284851517028
1467284851623852
1467284851721851
1467284851824232
1467284851926607
1467284852029873
1467284852131811
1467284852234365
1467284852345603
1467284852440615
1467284852541032
1467284852643441
1467284852746164
1467284852848308
1467284852950585
1467284853060077
1467284853158579
1467284853270143
1467284853370393
1467284853465829
1467284853565205
1467284853673430
1467284853771436
1467284853872257
1467284853986102
1467284854080582
1467284854189294
1467284854281825
1467284854387871
1467284854487056
1467284854595988
1467284854696806
1467284854899812
1467284854998563
1467284855119706
1467284855213976
1467284855515627
1467284855613055
1467284855722187
1467284855817850
1467284855920193
1467284856022620
1467284856125015
1467284856227436
1467284856329785
1467284856438728
1467284856534617
1467284856637070
1467284856739420
1467284856842057
1467284856944230
1467284857046581
1467284857155060
1467284857252207
1467284857353829
1467284857460719
1467284857558623
1467284857661065
1467284857763392
1467284857865828
1467284857968264
1467284858071921
1467284858173020
1467284858275425
1467284858385632
1467284858480592
1467284858583998
1467284858684984
1467284859096328
1467284859201015
1467284859302436
1467284859411565
1467284859504197
1467284859606644
1467284859709029
1467284859913911
1467284860016226
1467284860130062
1467284860323414
1467284860432432
1467284860538874
1467284860631624
1467284860733417
1467284860835437
1467284860937811
1467284861040227
1467284861142622
1467284861245138
1467284861347411
1467284861450000
1467284861552243
1467284861654623
1467284861757019
1467284861859412
1467284861961821
1467284862066562
1467284862166624
1467284862269019
1467284862371412
1467284862478185
1467284862576228
1467284862703187
1467284862787394
1467284862883411
1467284862985808
1467284863088230
1467284863190710
1467284863294010
1467284863395437
1467284863497807
1467284863600183
1467284863702678
1467284863805023
1467284863909166
1467284864009811
1467284864112893
1467284864214623
1467284864317031
1467284864419421
1467284864521828
1467284864624895
1467284864726714
1467284864831833
1467284864931817
1467284865033765
1467284865136205
1467284865243400
1467284865341018
1467284865444683
1467284865556522
1467284865648262
1467284865751603
1467284865853020
1467284865955418
1467284866059042
1467284866160212
1467284866262569
1467284866365022
1467284866578647
1467284866673815
1467284866784938
1467284866883937
1467284866979389
1467284867081854
1467284867184216
1467284867286666
1467284867389030
1467284867498042
1467284867593833
1467284867697353
1467284867805014
1467284867901813
1467284868003415
1467284868105916
1467284868211811
1467284868310607
1467284868412960
1467284868515412
1467284868617809
1467284868731849
1467284868931979
1467284869028916
1467284869133812
1467284869232226
1467284869339131
1467284869448885
1467284869641812
1467284869748071
1467284869846543
1467284869953461
1467284870051416
1467284870153817
1467284870256205
1467284870358602
1467284870471894
1467284870563387
1467284870665813
1467284870768211
1467284870874770
1467284870972999
1467284871075349
1467284871177812
1467284871284939
1467284871382948
1467284871485024
1467284871587368
1467284871695239
1467284871798078
1467284871894601
1467284871996942
1467284872104106
1467284872204976
1467284872304225
1467284872406604
1467284872622416
1467284872713832
1467284872816227
1467284872918603
1467284873032747
1467284873227940
1467284873328210
1467284873430597
1467284873636977
1467284873846670
1467284873942607
1467284874046710
1467284874158023
1467284874255802
1467284874456144
1467284874558227
1467284874663142
1467284874762230
1467284874867398
1467284874966725
1467284875280961
1467284875388143
1467284875485013
1467284875582852
1467284875694757
1467284875888348
1467284876095207
1467284876195363
1467284876298138
1467284876400236
1467284876502689
1467284876605001
1467284876707403
1467284876809880
1467284876912169
1467284877014599
1467284877117303
1467284877225477
1467284877321793
1467284877424873
1467284877526610
1467284877628942
1467284877732107
1467284877833859
1467284877936209
1467284878038606
1467284878141017
1467284878243335
1467284878347459
1467284878448228
1467284878550653
1467284878653031
1467284878755395
1467284878857783
1467284878960190
1467284879062552
1467284879165000
1467284879269191
1467284879369794
1467284879472273
1467284879574647
1467284879677000
1467284879779343
1467284879881792
1467284879984211
1467284880086603
1467284880189006
1467284880291728
1467284880393812
1467284880496133
1467284880598687
1467284880701007
1467284880803398
1467284880905789
1467284881012145
1467284881216904
1467284881326321
1467284881520162
1467284881622606
1467284881725003
1467284881827407
1467284881939835
1467284882032191
1467284882134611
1467284882247769
1467284882339994
1467284882441779
1467284882544185
1467284882646564
1467284882749003
1467284882851399
1467284882954856
1467284883056188
1467284883158650
1467284883261001
1467284883363373
1467284883465858
1467284883568190
1467284883670585
1467284883773108
1467284883876898
1467284883977810
1467284884080149
1467284884182579
1467284884285036
1467284884387423
1467284884491712
1467284884592200
1467284884694602
1467284884798897
1467284884899398
1467284885001835
1467284885104250
1467284885208192
1467284885309007
1467284885411397
1467284885513767
1467284885616273
1467284885722191
1467284885821003
1467284885923398
1467284886025799
1467284886128203
1467284886230619
1467284886332983
1467284886435399
1467284886537794
1467284886640190
1467284886742591
1467284886844983
1467284886947452
1467284887049795
1467284887152191
1467284887254587
1467284887356990
1467284887459402
1467284887561760
1467284887664191
1467284887768271
1467284887868991
1467284887971398
1467284888073795
1467284888183002
1467284888278543
1467284888380982
1467284888487602
1467284888585757
1467284888688191
1467284888892982
1467284888995568
1467284889097796
1467284889203977
1467284889302522
1467284889404982
1467284889507379
1467284889609838
1467284889712237
1467284889814585
1467284889917007
1467284890021752
1467284890121794
1467284890224195
1467284890326587
1467284890428932
1467284890531377
1467284890633808
1467284890747313
1467284890838589
1467284890944038
1467284891145874
1467284891256959
1467284891453898
1467284891556517
1467284891658884
1467284891760130
1467284891862530
1467284891972314
1467284892067382
1467284892279303
1467284892377963
1467284892476983
1467284892584336
1467284892784278
1467284892886567
1467284892988983
1467284893091379
1467284893194256
1467284893296148
1467284893398671
1467284893502539
1467284893603401
1467284893705794
1467284893808195
1467284893912490
1467284894012940
1467284894115385
1467284894217804
1467284894320204
1467284894422588
1467284894525030
1467284894627380
1467284894729735
1467284894832262
1467284894934589
1467284895036983
1467284895139774
1467284895241781
1467284895344171
1467284895455980
1467284895548983
1467284895651380
1467284895753818
1467284895856173
1467284895958592
1467284896060999
1467284896163338
1467284896265792
1467284896368172
1467284896470588
1467284896573943
1467284896675404
1467284896777770
1467284896880117
1467284896982574
1467284897085001
