1467381290879146
1467381291182312
1467381291284729
1467381291387066
1467381291489518
1467381291592078
1467381291694314
1467381291796711
1467381291899115
1467381292001502
1467381292103915
1467381292308706
1467381292411048
1467381292513458
1467381292615915
1467381292718308
1467381292820643
1467381292923102
1467381293127854
1467381293332696
1467381293537545
1467381293742689
1467381293947104
1467381294049447
1467381294151914
1467381294254302
1467381294356689
1467381294561482
1467381294766297
1467381294868692
1467381294971049
1467381295073487
1467381295175904
1467381295278292
1467381295380652
1467381295483231
1467381295585479
1467381295687819
1467381295790319
1467381295892691
1467381296097477
1467381296199827
1467381296302240
1467381296404646
1467381296507086
1467381296609489
1467381296711876
1467381296815467
1467381296916650
1467381297019040
1467381297121422
1467381297428672
1467381297531084
1467381297633481
1467381297735877
1467381297838218
1467381298043067
1467381298145427
1467381298247878
1467381298556208
1467381298759841
1467381298862274
1467381299067083
1467381299169478
1467381299271818
1467381299476670
1467381299681419
1467381299783871
1467381299886273
1467381299988668
1467381300091087
1467381300194794
1467381300295855
1467381300400835
1467381300603062
1467381300705460
1467381300807814
1467381300910208
1467381301012671
1467381301115068
1467381301217458
1467381301319827
1467381301422252
1467381301524627
1467381301627062
1467381301729463
1467381301831861
1467381301934253
1467381302036648
1467381302139075
1467381302241422
1467381302343856
1467381302446253
1467381302548659
1467381302651062
1467381302753483
1467381302855859
1467381302958213
1467381303265446
1467381303367837
1467381303470197
1467381303572647
1467381303674996
1467381303777412
1467381303879832
1467381304084650
1467381304289396
1467381304391777
1467381304494255
1467381304596617
1467381304699047
1467381304801441
1467381304903873
1467381305006253
1467381305108649
1467381305210988
1467381305518229
1467381305620603
1467381305723042
1467381305825383
1467381305927794
1467381306030200
1467381306234982
1467381306337408
1467381306439820
1467381306542183
1467381306644597
1467381306951825
1467381307156630
1467381307258967
1467381307463817
1467381307566200
1467381307668592
1467381307770984
1467381307874003
1467381308078200
1467381308180599
1467381308283038
1467381308385362
1467381308590305
1467381308795031
1467381309102211
1467381309206178
1467381309306963
1467381309409419
1467381309614172
1467381309716761
1467381309819030
1467381310023817
1467381310126214
1467381310228630
1467381310535773
1467381310638174
1467381310740608
1467381310843006
1467381310945341
1467381311047758
1467381311150169
1467381311252540
1467381311354953
1467381311457347
1467381311764611
1467381311866993
1467381311969354
1467381312174194
1467381312276552
1467381312482783
1467381312583797
1467381312686162
1467381312788574
1467381312890959
1467381312993404
1467381313095797
1467381313300595
1467381313403002
1467381313505400
1467381313607748
1467381313710672
1467381313812606
1467381313914959
1467381314119798
1467381314222163
1467381314324553
1467381314529399
1467381314734201
1467381314836591
1467381314938981
1467381315041347
1467381315143798
1467381315246211
1467381315348590
1467381315450935
1467381315553384
1467381315655797
1467381315758162
1467381315860607
1467381315962992
1467381316065385
1467381316270149
1467381316372536
1467381316474929
1467381316577377
1467381316884589
1467381316986987
1467381317089341
1467381317191776
1467381317294134
1467381317601348
1467381317703780
1467381317806182
1467381318010929
1467381318113380
1467381318318129
1467381318420572
1467381318522981
1467381318932601
1467381319137876
1467381319239778
1467381319342122
1467381319546938
1467381319649378
1467381319751781
1467381319854973
1467381319956566
1467381320058981
1467381320161303
1467381320366107
1467381320468567
1467381320570952
1467381320673358
1467381320775729
1467381320878112
1467381320980566
1467381321082964
1467381321185373
1467381321287732
1467381321390159
1467381321492504
1467381321594923
1467381321697364
1467381321799756
1467381321902096
1467381322106965
1467381322311756
1467381322414153
1467381322516549
1467381322618962
1467381322721312
1467381322826109
1467381322926169
1467381323028556
1467381323130892
1467381323335755
1467381323438097
1467381323540525
1467381323642945
1467381323745340
1467381323847742
1467381323950165
1467381324052503
1467381324257753
1467381324359724
1467381324462146
1467381324564516
1467381324871691
1467381325076535
1467381325179193
1467381325281343
1467381325486134
1467381325588534
1467381325690945
1467381325793357
1467381325895693
1467381326100486
1467381326202924
1467381326407680
1467381326510133
1467381326612487
1467381326717095
1467381326919709
1467381327022134
1467381327124474
1467381327227405
1467381327329341
1467381327431739
1467381327534118
1467381327636530
1467381328250925
1467381328353287
1467381328558082
1467381328660530
1467381328967682
1467381329070083
1467381329172529
1467381329274871
1467381329377323
1467381329479715
1467381329684531
1467381329786925
1467381329889317
1467381329991696
1467381330298860
1467381330401309
1467381330503685
1467381330606079
1467381331015713
1467381331118134
1467381331220451
1467381331527655
1467381331630074
1467381331734620
1467381331834881
1467381331937318
1467381332039643
1467381332142133
1467381332244454
1467381332346903
1467381332449302
1467381332551698
1467381332654112
1467381332756513
1467381332858905
1467381332961300
1467381333063708
1467381333166112
1467381333268474
1467381333370895
1467381333473304
1467381333575684
1467381333882906
1467381333986105
1467381334089936
1467381334190077
1467381334292456
1467381334395317
1467381334497269
1467381334599669
1467381334702094
1467381334906883
1467381335316489
1467381335418884
1467381335521221
1467381335623674
1467381335726092
1467381335930886
1467381336033249
1467381336135668
1467381336238034
1467381336545300
1467381336647643
1467381336954842
1467381337159679
1467381337262016
1467381337364538
1467381337569529
1467381337774029
1467381337876468
1467381337978853
1467381338081268
1467381338183695
1467381338695678
1467381338798077
1467381338900465
1467381339002852
1467381339207633
1467381339310050
1467381339412462
1467381339514881
1467381339617307
1467381339719679
1467381339822083
1467381339924414
1467381340029551
1467381340129231
1467381340231628
1467381340334073
1467381340436470
1467381340538827
1467381340641217
1467381340743655
1467381340850612
1467381340948499
1467381341050862
1467381341153267
1467381341255685
1467381341358020
1467381341460431
1467381341562863
1467381341665239
1467381341767658
1467381341972408
1467381342177261
1467381342279627
1467381342382049
1467381342484406
1467381342586860
1467381342689279
1467381342791621
1467381342894049
1467381342996448
1467381343098860
1467381343303655
1467381343406056
1467381343508446
1467381343610790
1467381343713199
1467381343815970
1467381343918075
1467381344020415
1467381344225241
1467381344430057
1467381344532448
1467381344634843
1467381344737207
1467381345044411
1467381345249238
1467381345351572
1467381345556445
1467381345658841
1467381345761174
1467381345965993
1467381346068446
1467381346170798
1467381346273241
1467381346375931
1467381346477976
1467381346580432
1467381346682812
1467381346785253
1467381347092387
1467381347194822
1467381347297535
1467381347399604
1467381347502028
1467381347604362
1467381347706812
1467381347809220
1467381348218848
1467381348526011
1467381348628392
1467381348833220
1467381348935625
1467381349140430
1467381349345189
1467381349447614
1467381349550012
1467381349652359
1467381349754765
1467381349857217
1467381349959637
1467381350061965
1467381350164351
1467381350266777
1467381350369219
1467381350471572
1467381350574013
1467381350676405
1467381350778802
1467381350881208
1467381350983558
1467381351085952
1467381351188410
1467381351290762
1467381351495619
1467381351700403
1467381351802824
1467381352007560
1467381352109969
1467381352314755
1467381352417739
1467381352622015
1467381352826750
1467381353338809
1467381353543537
1467381353645989
1467381353748397
1467381353850812
1467381353953202
1467381354260394
1467381354362806
1467381354465200
1467381354570680
1467381354669987
1467381354772329
1467381354874762
1467381354977694
1467381355079603
1467381355181993
1467381355284388
1467381355386744
1467381355489215
1467381355591605
1467381355796367
1467381355898780
1467381356205957
1467381356410745
1467381356513182
1467381356615535
1467381356717943
1467381356820324
1467381356922746
1467381357127538
1467381357229934
1467381357332347
1467381357434742
1467381357537179
1467381357639579
1467381357741976
1467381357844336
1467381358049133
1467381358151578
1467381358253944
1467381358458737
1467381358561152
1467381358663605
1467381358765923
1467381358868371
1467381358970735
1467381359073184
1467381359277937
1467381359380336
1467381359482712
1467381359585157
1467381359688189
1467381359789975
1467381359892370
1467381359994775
1467381360100829
1467381360199518
1467381360301912
1467381360404309
1467381360506780
1467381360609147
1467381360711555
1467381360813934
1467381360916365
1467381361018763
1467381361121116
1467381361223555
1467381361325953
1467381361428350
1467381361633175
1467381361735503
1467381361837914
1467381361941138
1467381362145596
1467381362247517
1467381362452294
1467381362554712
1467381362861897
1467381362964330
1467381363066711
1467381363169178
1467381363271509
1467381363373927
1467381363578753
1467381363681087
1467381363783556
1467381363988323
1467381364194138
1467381364602756
1467381364807493
1467381364909922
1467381365012351
1467381365114703
1467381365217137
1467381365319556
1467381365524289
1467381365626754
1467381365831492
1467381365933896
1467381366138743
1467381366445898
1467381366548326
1467381366650734
1467381366753137
1467381366855479
1467381366957878
1467381367162749
1467381367265166
1467381367367534
1467381367469881
1467381367572290
1467381367674682
1467381367777138
1467381367879516
1467381368289049
1467381368493934
1467381368596340
1467381368698728
1467381368903461
1467381369005886
1467381369108324
1467381369210708
1467381369313119
1467381369517924
1467381369620308
1467381369722760
1467381369825091
1467381369927460
1467381370029886
1467381370132324
1467381370234724
1467381370337060
1467381370541877
1467381370644267
1467381370746661
1467381371156311
1467381371361057
1467381371565909
1467381371668305
1467381371770703
1467381371873100
1467381371975495
1467381372082828
1467381372282640
1467381372385106
1467381372487460
1467381372589913
1467381372692255
1467381372794654
1467381372897101
1467381372999514
1467381373204232
1467381373306672
1467381373511525
1467381373613888
1467381373716453
1467381373818721
1467381373921056
1467381374023492
1467381374125892
1467381374228289
1467381374330703
1467381374535468
1467381374842659
1467381374945106
1467381375047493
1467381375149896
1467381375252243
1467381375354637
1467381375457053
1467381375559496
1467381375661908
1467381375764270
1467381375868647
1467381375969032
1467381376174039
1467381376276254
1467381376481078
1467381376788230
1467381376890652
1467381376993037
1467381377095654
1467381377197869
1467381377402697
1467381377505078
1467381377709870
1467381377812201
1467381377914624
1467381378221848
1467381378324226
1467381378529068
1467381379041128
1467381379348266
1467381379450642
1467381379553221
1467381379655453
1467381379757823
1467381379962666
1467381380065058
1467381380167459
1467381380269869
1467381380474626
1467381380577118
1467381380682287
1467381380781867
1467381380884249
1467381380986626
1467381381089019
1467381381293867
1467381381396266
1467381381498659
1467381381601063
1467381381703465
1467381381805794
1467381381908247
1467381382010622
1467381382113056
1467381382215451
1467381382317871
1467381382420216
1467381382522636
1467381382625058
1467381382727432
1467381382829880
1467381382932207
1467381383035495
1467381383341865
1467381383444211
1467381383648984
1467381383751435
1467381383853810
1467381383956247
1467381384058644
1467381384365778
1467381384570609
1467381384673040
1467381384878890
1467381384984226
1467381385184982
1467381385287404
1467381385389796
1467381385492229
1467381385594647
1467381385697039
1467381385799380
1467381386106622
1467381386209042
1467381386413799
1467381386516229
1467381386720990
1467381386823407
1467381386925778
1467381387028245
1467381387130599
1467381387232987
1467381387335435
1467381387541169
1467381387642624
1467381387745025
1467381387847414
1467381388257015
1467381388461836
1467381388564205
1467381388769081
1467381388973808
1467381389076180
1467381389178620
1467381389280973
1467381389383382
1467381389485807
1467381389588211
1467381389690637
1467381389793017
1467381389895412
1467381389997840
1467381390100204
1467381390202620
1467381390305022
1467381390407373
1467381390509775
1467381390714603
1467381390816991
1467381391021854
1467381391124152
1467381391226603
1467381391328995
1467381391431414
1467381391533785
1467381391636237
1467381391738607
1467381391943407
1467381392045803
1467381392150143
1467381392250574
1467381392353000
1467381392557776
1467381392660208
1467381392864996
1467381392967395
1467381393069797
1467381393172132
1467381393378244
1467381393479336
1467381393684139
1467381393786605
1467381393888995
1467381393991395
1467381394093792
1467381394196187
1467381394401003
1467381394605800
1467381394708188
1467381394810551
1467381395117763
1467381395220157
1467381395322581
1467381395629789
1467381395732203
1467381395936974
1467381396039374
1467381396346581
1467381396448961
1467381396551370
1467381396653729
1467381396756203
1467381396858894
1467381397063337
1467381397165780
1467381397268126
1467381397370521
1467381397472979
1467381397575338
1467381397677768
1467381397882521
1467381397984950
1467381398189771
1467381398292108
1467381398394586
1467381399009008
1467381399213788
1467381399418571
1467381399520918
1467381399623354
1467381399725736
1467381399930516
1467381400135308
1467381400237725
1467381400340169
1467381400442573
1467381400544983
1467381400647327
1467381400749725
1467381400852163
1467381400954509
1467381401057698
1467381401159300
1467381401261692
1467381401466541
1467381401568961
1467381401671324
1467381401876285
1467381401978556
1467381402080915
1467381402183321
1467381402388147
1467381402592933
1467381402910043
1467381403002542
1467381403309750
1467381403412385
1467381403616936
1467381403719289
1467381403821698
1467381404026541
1467381404129127
1467381404231335
1467381404335273
1467381404436141
1467381404949624
1467381405055010
1467381405158902
1467381405256749
1467381405460126
1467381405562517
1467381405664949
1467381405767959
1467381405872230
1467381405972125
1467381406074484
1467381406176937
1467381406484111
1467381406588938
1467381406688893
1467381406791333
1467381406893735
1467381407303313
1467381407406985
1467381407508087
1467381407717575
1467381407815278
1467381407917702
1467381408429666
1467381408532064
1467381408942409
1467381409044117
1467381409146487
1467381409250348
1467381409354828
1467381409561866
1467381409659144
1467381409865397
1467381409965709
1467381410272897
1467381410375328
1467381410477675
1467381410580130
1467381410682517
1467381410784847
1467381410887301
1467381411194504
1467381411296896
1467381411501710
1467381411604127
1467381411706470
1467381411911298
1467381412015239
1467381412116051
1467381412218445
1467381412423293
1467381412527562
1467381412628087
1467381412730455
1467381412833033
1467381413037627
1467381413140086
1467381413242497
1467381413447294
1467381413652018
1467381413755151
1467381413856897
1467381413959301
1467381414061689
1467381414164089
1467381414266430
1467381414471238
1467381414573688
1467381414676077
1467381415085692
1467381415188086
1467381415290439
1467381415392878
1467381415495290
1467381415597670
1467381415700059
1467381415802475
1467381415904829
1467381416109668
1467381416212084
1467381416314510
1467381416416879
1467381416519269
1467381416621666
1467381416826481
1467381416928838
1467381417236024
1467381417440843
1467381417543277
1467381417645694
1467381417748065
1467381417850459
1467381418157632
1467381418260078
1467381418362460
1467381418464860
1467381418567284
1467381418772006
1467381418874460
1467381418976864
1467381419079269
1467381419181690
1467381419284031
1467381419386965
1467381419491903
1467381419594256
1467381419693669
1467381419796010
1467381419898465
1467381420000849
1467381420103233
1467381420205606
1467381420308061
1467381420410420
1467381420512791
1467381420615265
1467381420717670
1467381420819991
1467381420922457
1467381421024855
1467381421127200
1467381421229700
1467381421332000
1467381421434414
1467381421536859
1467381421639250
1467381421741610
1467381421843995
1467381422048858
1467381422151252
1467381422253601
1467381422356043
1467381422458438
1467381422560803
1467381422663251
1467381422765650
1467381422868043
1467381422970394
1467381423072839
1467381423175191
1467381423380045
1467381423482441
1467381423584832
1467381423687179
1467381423789608
1467381423891989
1467381423994440
1467381424096782
1467381424199234
1467381424301584
