1467164705079871
1467164705103748
1467164705181892
1467164705206228
1467164705284313
1467164705386725
1467164705411368
1467164705489148
1467164705513422
1467164705591596
1467164705615791
1467164705693971
1467164705718208
1467164705796289
1467164705820546
1467164705898702
1467164705923022
1467164706001185
1467164706025390
1467164706103587
1467164706127745
1467164706205915
1467164706230174
1467164706308311
1467164706411212
1467164706435624
1467164706513191
1467164706537396
1467164706615586
1467164706639776
1467164706718303
1467164706742539
1467164706820319
1467164706844597
1467164706922814
1467164706946940
1467164707025163
1467164707049353
1467164707127557
1467164707151793
1467164707230021
1467164707254438
1467164707332377
1467164707356569
1467164707434803
1467164707458996
1467164707537168
1467164707561336
1467164707639849
1467164707663939
1467164707742024
1467164707766186
1467164707844403
1467164707868611
1467164707946838
1467164707970950
1467164708049611
1467164708073600
1467164708151797
1467164708175931
1467164708254044
1467164708278186
1467164708356420
1467164708380583
1467164708458875
1467164708483329
1467164708561292
1467164708585467
1467164708664335
1467164708687727
1467164708766034
1467164708790136
1467164708868417
1467164708892540
1467164708970854
1467164709073295
1467164709097892
1467164709175643
1467164709199768
1467164709278050
1467164709302237
1467164709380437
1467164709404554
1467164709483291
1467164709507687
1467164709609378
1467164709687627
1467164709711768
1467164709790040
1467164709814136
1467164709892954
1467164709917141
1467164709995614
1467164710018892
1467164710097312
1467164710121349
1467164710199707
1467164710223773
1467164710302019
1467164710326126
1467164710404419
1467164710428562
1467164710506873
1467164710530992
1467164710609209
1467164710633330
1467164710711612
1467164710814030
1467164710838117
1467164710916480
1467164710940567
1467164711018861
1467164711042959
1467164711121248
1467164711145850
1467164711224095
1467164711248136
1467164711326103
1467164711350128
1467164711428457
1467164711452564
1467164711530896
1467164711554968
1467164711633580
1467164711657317
1467164711735718
1467164711759748
1467164711838108
1467164711862105
1467164711940483
1467164711964543
1467164712042851
1467164712067064
1467164712145767
1467164712248274
1467164712271717
1467164712350084
1467164712452468
1467164712476545
1467164712555241
1467164712579479
1467164712657295
1467164712681259
1467164712759658
1467164712783752
1467164712862084
1467164712886116
1467164712964470
1467164712988499
1467164713067600
1467164713090866
1467164713170692
1467164713193748
1467164713295733
1467164713398145
1467164713477231
1467164713500470
1467164713578915
1467164713602866
1467164713681309
1467164713705338
1467164713783782
1467164713807896
1467164713886164
1467164713910097
1467164713988547
1467164714012523
1467164714091058
1467164714115273
1467164714193313
1467164714217291
1467164714295750
1467164714319660
1467164714398149
1467164714500608
1467164714524477
1467164714603002
1467164714626885
1467164714705376
1467164714729284
1467164714807724
1467164714831679
1467164714910225
1467164714934097
1467164715012555
1467164715036477
1467164715115022
1467164715138875
1467164715217348
1467164715241254
1467164715320221
1467164715343639
1467164715422194
1467164715524571
1467164715626995
1467164715730136
1467164715832417
1467164715934254
1467164715958080
1467164716036622
1467164716060442
1467164716139251
1467164716163217
1467164716242064
1467164716265277
1467164716343826
1467164716368213
1467164716446277
1467164716470105
1467164716548619
1467164716572816
1467164716651019
1467164716674855
1467164716753437
1467164716777293
1467164716855778
1467164716879631
1467164716958166
1467164716982239
1467164717061086
1467164717084457
1467164717163025
1467164717186859
1467164717265441
1467164717289293
1467164717367784
1467164717391629
1467164717470278
1467164717494079
1467164717572912
1467164717597080
1467164717674991
1467164717698845
1467164717777408
1467164717801292
1467164717879858
1467164717903630
1467164717985300
1467164718009603
1467164718084852
1467164718109023
1467164718187022
1467164718213098
1467164718289439
1467164718313275
1467164718391837
1467164718415624
1467164718494951
1467164718518043
1467164718596630
1467164718620437
1467164718699073
1467164718722853
1467164718801568
1467164718825620
1467164718903825
1467164718927884
1467164719006563
1467164719030337
1467164719108656
1467164719132446
1467164719211088
1467164719234835
1467164719313488
1467164719337271
1467164719415836
1467164719439630
1467164719518381
1467164719542272
1467164719620708
1467164719644417
1467164719723596
1467164719747241
1467164719825892
1467164719849228
1467164719928435
1467164719951631
1467164720030338
1467164720054064
1467164720132685
1467164720156467
1467164720235109
1467164720337521
1467164720361565
1467164720439896
1467164720463698
1467164720542338
1467164720566039
1467164720644673
1467164720668655
1467164720747104
1467164720770806
1467164720849663
1467164720873212
1467164720951943
1467164720975649
1467164721054984
1467164721077987
1467164721156687
1467164721180851
1467164721259454
1467164721282808
1467164721361569
1467164721385251
1467164721463918
1467164721487594
1467164721566292
1467164721590000
1467164721668703
1467164721692774
1467164721771114
1467164721794857
1467164721873567
1467164721897199
1467164721976452
1467164721999574
1467164722078358
1467164722102003
1467164722180742
1467164722204387
1467164722283161
1467164722306821
1467164722385604
1467164722409233
1467164722488416
1467164722511623
1467164722590578
1467164722614711
1467164722692814
1467164722716449
1467164722795231
1467164722818855
1467164722897546
1467164722921385
1467164722999953
1467164723024158
1467164723102728
1467164723125974
1467164723204784
1467164723228394
1467164723307164
1467164723330789
1467164723409851
1467164723433366
1467164723511952
1467164723536010
1467164723614350
1467164723637978
1467164723716742
1467164723740632
1467164723819150
1467164723842769
1467164723921667
1467164724023938
1467164724048485
1467164724126358
1467164724149975
1467164724228727
1467164724331123
1467164724354852
1467164724433609
1467164724457160
1467164724536002
1467164724559578
1467164724638358
1467164724662519
1467164724740783
1467164724764350
1467164724843469
1467164724866995
1467164724945639
1467164724969207
1467164725048028
1467164725071567
1467164725150380
1467164725174269
1467164725252816
1467164725276788
1467164725355298
1467164725378745
1467164725457578
1467164725481148
1467164725560500
1467164725583544
1467164725662797
1467164725685932
1467164725764801
1467164725788328
1467164725867291
1467164725890772
1467164725969595
1467164725993228
1467164726072020
1467164726095551
1467164726174419
1467164726197979
1467164726276807
1467164726300373
1467164726379243
1467164726402736
1467164726481623
1467164726505550
1467164726584476
1467164726607523
1467164726687087
1467164726709934
1467164726788836
1467164726812345
1467164726891259
1467164726914735
1467164726993631
1467164727017964
1467164727097842
1467164727119533
1467164727198486
1467164727221970
1467164727324402
1467164727403255
1467164727426747
1467164727505642
1467164727529793
1467164727608108
1467164727631535
1467164727710523
1467164727734000
1467164727813489
1467164727836349
1467164727915522
1467164727938748
1467164728018172
1467164728041894
1467164728120067
1467164728143608
1467164728222533
1467164728324873
1467164728348770
1467164728450740
1467164728529702
1467164728553111
1467164728632083
1467164728655560
1467164728735125
1467164728757938
1467164728836960
1467164728860856
1467164728939613
1467164728962705
1467164729041772
1467164729065137
1467164729144122
1467164729167494
1467164729246501
1467164729269891
1467164729349517
1467164729372288
1467164729451378
1467164729474790
1467164729553776
1467164729577170
1467164729656130
1467164729679857
1467164729758752
1467164729781920
1467164729884312
1467164729963268
1467164729986710
1467164730066355
1467164730089122
1467164730168076
1467164730192032
1467164730270891
1467164730293962
1467164730372906
1467164730396357
1467164730475341
1467164730499126
1467164730578141
1467164730601087
1467164730680455
1467164730703476
1467164730782512
1467164730805938
1467164730884969
1467164730908336
1467164730987316
1467164731010921
1467164731089712
1467164731113671
1467164731192667
1467164731294509
1467164731317878
1467164731396890
1467164731420359
1467164731522715
1467164731601726
1467164731625364
1467164731704128
1467164731727503
1467164731806561
1467164731829909
1467164731909693
1467164731932294
1467164732012840
1467164732035106
1467164732113752
1467164732137097
1467164732216130
1467164732239485
1467164732318861
1467164732444339
1467164732524025
1467164732546713
1467164732625770
1467164732649128
1467164732728163
1467164732751857
1467164732830588
1467164732853975
1467164732932991
1467164732956268
1467164733035362
1467164733058675
1467164733137779
1467164733240172
1467164733263499
1467164733342597
1467164733365881
1467164733468254
1467164733570710
1467164733649797
1467164733673084
1467164733752386
1467164733775890
1467164733854594
1467164733957013
1467164733980291
1467164734059417
1467164734082680
1467164734161811
1467164734185058
1467164734264209
1467164734287528
1467164734366691
1467164734389874
1467164734469023
1467164734492319
1467164734571925
1467164734594645
1467164734673809
1467164734697036
1467164734776250
1467164734799483
1467164734878702
1467164734981090
1467164735005072
1467164735083463
1467164735106818
1467164735186267
1467164735209112
1467164735288301
1467164735311518
1467164735390718
1467164735413922
1467164735493318
1467164735516270
1467164735595508
1467164735618640
1467164735697882
1467164735721057
1467164735800319
1467164735823498
1467164735902672
1467164736005067
1467164736028258
1467164736107458
1467164736130714
1467164736209925
1467164736233061
1467164736335442
1467164736415080
1467164736437898
1467164736517029
1467164736540229
1467164736619425
1467164736642654
1467164736721837
1467164736824244
1467164736847435
1467164736926653
1467164736949870
1467164737029017
1467164737052959
1467164737131438
1467164737154695
1467164737233901
1467164737257034
1467164737336429
1467164737359435
1467164737438946
1467164737461866
1467164737541088
1467164737564226
1467164737643482
1467164737666642
1467164737745872
1467164737769038
1467164737848872
1467164737871430
1467164737973897
1467164738053815
1467164738076235
1467164738155477
1467164738178617
1467164738257890
1467164738281367
1467164738364351
1467164738383428
1467164738462665
1467164738485877
1467164738565095
1467164738588234
1467164738667479
1467164738690602
1467164738769891
1467164738793020
1467164738872367
1467164738895463
1467164738974748
1467164738997845
1467164739077098
1467164739100444
1467164739179979
1467164739202668
1467164739281978
1467164739305069
1467164739384392
1467164739407468
1467164739486724
1467164739510478
1467164739589129
1467164739612268
1467164739692208
1467164739714602
1467164739793997
1467164739817074
1467164739896338
1467164739919422
1467164739998744
1467164740021811
1467164740101157
1467164740203955
1467164740226607
1467164740305966
1467164740329019
1467164740408360
1467164740431399
1467164740533942
1467164740613332
1467164740636252
1467164740715613
1467164740738651
1467164740818047
1467164740921048
1467164740943411
1467164741045801
1467164741125197
1467164741148240
1467164741227614
1467164741250610
1467164741330733
1467164741353037
1467164741432394
1467164741455387
1467164741534789
1467164741557793
1467164741637205
1467164741660187
1467164741739609
1467164741762703
1467164741842006
1467164741865169
1467164741967391
1467164742046818
1467164742069797
1467164742149199
1467164742172181
1467164742274749
1467164742354031
1467164742377512
1467164742456865
1467164742479416
1467164742558886
1467164742581861
1467164742661295
1467164742684189
1467164742763635
1467164742786572
1467164742866486
1467164742889115
1467164742968485
1467164742991424
1467164743070788
1467164743093782
1467164743173191
1467164743196189
1467164743275604
1467164743298580
1467164743377981
1467164743400983
1467164743480420
1467164743503382
1467164743582797
1467164743605759
1467164743685240
1467164743708871
1467164743787604
1467164743810829
1467164743890007
1467164743912973
1467164743992381
1467164744015391
1467164744094819
1467164744117876
1467164744197608
1467164744299647
1467164744322555
1467164744402038
1467164744424976
1467164744505151
1467164744527351
1467164744607456
1467164744629857
1467164744709281
1467164744811633
1467164744834567
1467164744914080
1467164744936984
1467164745016485
1467164745119116
1467164745141816
1467164745221243
1467164745244124
1467164745323636
1467164745346534
1467164745426586
1467164745448965
1467164745528473
1467164745551358
1467164745630843
1467164745653755
1467164745733286
1467164745756211
1467164745835643
1467164745858617
1467164745938060
1467164745960919
1467164746040670
1467164746063374
1467164746142925
1467164746165768
1467164746245341
1467164746268611
1467164746347692
1467164746370602
1467164746450710
1467164746472924
1467164746552490
1467164746575319
1467164746654915
1467164746677738
1467164746758168
1467164746780409
1467164746860327
1467164746882635
1467164746962119
1467164746984951
1467164747064536
1467164747087388
1467164747166927
1467164747189707
1467164747269332
1467164747292323
1467164747371980
1467164747394516
1467164747474111
1467164747496925
1467164747576509
1467164747599356
1467164747678942
1467164747804131
1467164747883736
1467164747906518
1467164747986132
1467164748008902
1467164748089102
1467164748111338
1467164748190947
1467164748214192
1467164748293353
1467164748316124
1467164748395758
1467164748418600
1467164748498123
1467164748520923
1467164748600570
1467164748623956
1467164748703039
1467164748725716
1467164748805361
1467164748828175
1467164748907781
1467164748930520
1467164749010161
1467164749032916
1467164749113177
1467164749135330
1467164749215000
1467164749237732
1467164749317396
1467164749340152
1467164749419856
1467164749442518
1467164749522172
1467164749544912
1467164749624503
1467164749647351
1467164749726989
1467164749749726
1467164749829357
1467164749852211
1467164749932457
1467164749954834
1467164750034126
1467164750056893
1467164750136549
1467164750159283
1467164750239002
1467164750261722
1467164750341352
1467164750364792
1467164750443749
1467164750546149
1467164750568906
1467164750648612
1467164750671297
1467164750750956
1467164750773671
1467164750853358
1467164750876118
1467164750955772
1467164750978493
1467164751061300
1467164751080912
1467164751160653
1467164751183299
1467164751262979
1467164751285685
1467164751365396
1467164751388082
1467164751467794
1467164751490497
1467164751570235
1467164751592912
1467164751673109
1467164751797662
1467164751877481
1467164751900100
1467164751979819
1467164752082700
1467164752104874
1467164752185058
1467164752207271
1467164752287005
1467164752310301
1467164752389427
1467164752412097
1467164752491859
1467164752514481
1467164752594228
1467164752616858
1467164752696848
1467164752719280
1467164752799106
1467164752828171
1467164752901423
1467164752924069
1467164753003835
1467164753026994
1467164753106816
1467164753129634
1467164753209030
1467164753231280
1467164753311070
1467164753333657
1467164753413475
1467164753436061
1467164753516031
1467164753618377
1467164753640849
1467164753720660
1467164753823074
1467164753845651
1467164753925461
1467164753948038
1467164754027878
1467164754050750
1467164754130301
1467164754152853
1467164754232701
1467164754255280
1467164754335082
1467164754358408
1467164754437477
1467164754460136
1467164754539880
1467164754642300
1467164754664839
1467164754744725
1467164754767231
1467164754847801
1467164754870320
1467164754949477
1467164754972036
1467164755051903
1467164755074425
1467164755154324
1467164755176838
1467164755256731
1467164755279225
1467164755359104
1467164755381626
1467164755461521
1467164755484028
1467164755563989
1467164755586449
1467164755666534
1467164755688904
1467164755768785
1467164755791985
1467164755871138
1467164755893623
1467164755973535
1467164755996031
1467164756075922
1467164756098415
1467164756182369
1467164756200868
1467164756280699
1467164756303573
1467164756383080
1467164756405630
1467164756485488
1467164756508030
1467164756587878
1467164756610421
1467164756690302
1467164756712947
1467164756792705
1467164756815217
1467164756895094
1467164756917605
1467164756997499
1467164757020251
1467164757099930
1467164757122892
1467164757202333
1467164757224858
1467164757304786
1467164757327279
1467164757407182
1467164757430109
1467164757509655
1467164757532020
1467164757612064
1467164757634416
1467164757714318
1467164757736871
1467164757816776
1467164757919194
1467164757941646
1467164758021556
1467164758044029
1467164758123939
1467164758146414
1467164758226344
1467164758248801
1467164758328740
1467164758351189
1467164758431207
1467164758453602
1467164758533583
1467164758556029
1467164758658428
1467164758738383
1467164758840754
1467164758943185
1467164758966022
1467164759045581
1467164759068006
1467164759147982
