1466987767821334
1466987767923745
1466987768026170
1466987768130950
1466987768230947
1466987768333351
1466987768435769
1466987768538072
1466987768640561
1466987768743307
1466987768845333
1466987768947774
1466987769050145
1466987769152526
1466987769255586
1466987769357883
1466987769461586
1466987769562144
1466987769664527
1466987769766957
1466987769869355
1466987769971862
1466987770076297
1466987770176555
1466987770278954
1466987770381356
1466987770483768
1466987770586151
1466987770690676
1466987770790954
1466987770893358
1466987770995761
1466987771098168
1466987771200540
1466987771405349
1466987771509742
1466987771816714
1466987771917333
1466987772019673
1466987772124525
1466987772224528
1466987772326950
1466987772634157
1466987772736542
1466987772838964
1466987773043667
1466987773146152
1466987773248552
1466987773351386
1466987773453337
1466987773555746
1466987773658144
1466987773760525
1466987773862936
1466987773965713
1466987774067692
1466987774170116
1466987774272542
1466987774374955
1466987774580685
1466987774784534
1466987774886963
1466987775299001
1466987775398951
1466987775501346
1466987775603686
1466987775706102
1466987775808541
1466987775911078
1466987776115667
1466987776218168
1466987776320542
1466987776525347
1466987776627745
1466987776732223
1466987776832524
1466987776934937
1466987777037347
1466987777139745
1466987777242583
1466987777346987
1466987777446946
1466987777549336
1466987777651794
1466987777856525
1466987777958947
1466987778368540
1466987778470963
1466987778573291
1466987778675736
1466987778778134
1466987778880541
1466987778982953
1466987779085322
1466987779188196
1466987779290133
1466987779392527
1466987779494941
1466987779597283
1466987779699716
1466987779802116
1466987779906245
1466987780006955
1466987780109294
1466987780211674
1466987780314127
1466987780416637
1466987780521092
1466987780621336
1466987780723738
1466987780826123
1466987780928537
1466987781030952
1466987781235723
1466987781338130
1466987781440525
1466987781542938
1466987781646660
1466987781747716
1466987781850207
1466987781954650
1466987782054945
1466987782157315
1466987782259735
1466987782465102
1466987782771716
1466987782874322
1466987782976485
1466987783078958
1466987783181343
1466987783283736
1466987783386142
1466987783488553
1466987783590957
1466987783795742
1466987783898134
1466987784000485
1466987784102963
1466987784205329
1466987784307734
1466987784412183
1466987784512535
1466987784614944
1466987784717330
1466987784819737
1466987784922136
1466987785024544
1466987785229333
1466987785331689
1466987785434119
1466987785843739
1466987785946147
1466987786150959
1466987786357870
1466987786458140
1466987786560535
1466987786662938
1466987786765320
1466987786867728
1466987786970130
1466987787072665
1466987787174956
1466987787277322
1466987787379688
1466987787483988
1466987787584526
1466987787687408
1466987787891717
1466987788096742
1466987788201169
1466987788301321
1466987788403732
1466987788506133
1466987788608552
1466987788710953
1466987788915709
1466987789121217
1466987789222952
1466987789325327
1466987789427717
1466987789530097
1466987789632541
1466987789734956
1466987789837333
1466987789939738
1466987790042149
1466987790144551
1466987790246958
1466987790351092
1466987790451750
1466987790554125
1466987790656543
1466987790758945
1466987790861342
1466987790965919
1466987791066139
1466987791168520
1466987791270972
1466987791373333
1466987791475822
1466987791580222
1466987791782940
1466987791987721
1466987792090122
1466987792194203
1466987792295059
1466987792397333
1466987792499744
1466987792602070
1466987792706333
1466987792806945
1466987792909932
1466987793216470
1466987793318925
1466987793421320
1466987793523668
1466987793626148
1466987793728517
1466987793830921
1466987793933410
1466987794240522
1466987794547673
1466987794650119
1466987794752526
1466987794854913
1466987794957341
1466987795059749
1466987795162143
1466987795264523
1466987795469335
1466987795878925
1466987796083752
1466987796186145
1466987796288520
1466987796494084
1466987796595722
1466987796698139
1466987796801087
1466987796902921
1466987797005331
1466987797107744
1466987797414902
1466987797619720
1466987797722087
1466987797824516
1466987798234079
1466987798438905
1466987798541439
1466987798645992
1466987798746076
1466987798848529
1466987799360537
1466987799462918
1466987799667712
1466987799770107
1466987799872527
1466987799974931
1466987800181379
1466987800282107
1466987800384525
1466987800591742
1466987800691720
1466987800795986
1466987800896527
1466987800998917
1466987801101335
1466987801203720
1466987801307715
1466987801410682
1466987801510921
1466987801613338
1466987801715716
1466987801818109
1466987801920612
1466987802025069
1466987802125284
1466987802227714
1466987802330113
1466987802432604
1466987802534903
1466987802637300
1466987802740296
1466987802944529
1466987803151245
1466987803251713
1466987803457428
1466987803558915
1466987803661342
1466987803763845
1466987804275869
1466987804378112
1466987804480483
1466987804582916
1466987804787673
1466987804890119
1466987804992528
1466987805094924
1466987805197342
1466987805299633
1466987805504508
1466987805709337
1466987805811683
1466987805914109
1466987806118920
1466987806221343
1466987806733344
1466987806835721
1466987806938111
1466987807245336
1466987807347716
1466987807450098
1466987807552502
1466987807654928
1466987807962496
1466987808064526
1466987808476313
1466987808577254
1466987808678932
1466987808781336
1466987808883708
1466987808986222
1466987809088589
1466987809190925
1466987809293348
1466987809395711
1466987809498113
1466987809600521
1466987809702921
1466987809805334
1466987809907708
1466987810012330
1466987810112521
1466987810214875
1466987810317324
1466987810419694
1466987810522046
1466987810626197
1466987810726921
1466987810829262
1466987810931700
1466987811034112
1466987811240635
1466987811648513
1466987811751010
1466987811855459
1466987812365306
1466987812469841
1466987812570116
1466987812672524
1466987812774933
1466987812877339
1466987812980819
1466987813082113
1466987813184930
1466987813286923
1466987813389336
1466987813492503
1466987813596046
1466987813698670
1466987813800417
1466987814311086
1466987814413332
1466987814515655
1466987814618100
1466987814720509
1466987814822924
1466987814925341
1466987815028585
1466987815130063
1466987815334927
1466987815437289
1466987815642125
1466987815848590
1466987815949345
1466987816051719
1466987816154118
1466987816256496
1466987816358922
1466987816463021
1466987816563705
1466987816666105
1466987816768479
1466987816870920
1466987816973719
1466987817178115
1466987817280501
1466987817382842
1466987817587698
1466987817690097
1466987817792505
1466987817894835
1466987817997293
1466987818099717
1466987818203193
1466987818304496
1466987818407301
1466987818509301
1466987818611650
1466987818818433
1466987818918829
1466987819021297
1466987819535479
1466987819635698
1466987819738104
1466987819840486
1466987819942893
1466987820045298
1466987820147718
1466987820250135
1466987820352498
1466987820457062
1466987820557288
1466987820659717
1466987820762116
1466987820966880
1466987821070963
1466987821274105
1466987821376504
1466987821478897
1466987821786113
1466987822195716
1466987822300597
1466987822400495
1466987822502895
1466987822605246
1466987822707730
1466987822810098
1466987822914619
1466987823014902
1466987823117298
1466987823219718
1466987823322118
1466987823425608
1466987823526897
1466987823629819
1466987823731716
1466987823834092
1466987823936433
1466987824039516
1466987824346094
1466987824448439
1466987824550888
1466987824654618
1466987824757804
1466987824858102
1466987824960487
1466987825062900
1466987825165300
1466987825267691
1466987825472440
1466987825575146
1466987825779192
1466987826189221
1466987826291229
1466987826393617
1466987826496019
1466987826598368
1466987826700795
1466987826803388
1466987826905590
1466987827008018
1466987827110387
1466987827213435
1466987827316846
1466987827418084
1466987827521146
1466987827622878
1466987827725308
1466987827827689
1466987828032493
1466987828442096
1466987828647998
1466987828954089
1466987829159127
1466987829261299
1466987829363689
1466987829467101
1466987829568421
1466987829670900
1466987829773304
1466987829876690
1466987829980298
1466987830080500
1466987830182900
1466987830287274
1466987830387693
1466987830490038
1466987830592490
1466987830694880
1466987830797401
1466987830899898
1466987831002096
1466987831104464
1466987831206892
1466987831309301
1466987831411686
1466987831616482
1466987831718899
1466987831821301
1466987831923700
1466987832130194
1466987832230897
1466987832333307
1466987832435689
1466987832538094
1466987832640510
1466987832745174
1466987832845309
1466987832947687
1466987833050096
1466987833152503
1466987833459686
1466987833562073
1466987833870417
1466987833971672
1466987834074717
1466987834176502
1466987834278905
1466987834483906
1466987834586076
1466987834790911
1466987834995690
1466987835098190
1466987835202644
1466987835302902
1466987835405306
1466987835507705
1466987835610097
1466987835712503
1466987835814905
1466987835917302
1466987836429298
1466987836531618
1466987836634096
1466987836838897
1466987837043653
1466987837146096
1466987837248502
1466987837350898
1466987837453298
1466987837555683
1466987837658086
1466987837760502
1466987837862901
1466987837965392
1466987838477308
1466987838784499
1466987838886899
1466987839092851
1466987839194095
1466987839296502
1466987839398889
1466987839501265
1466987839603682
1466987840013582
1466987840115681
1466987840218083
1466987840322515
1466987840525280
1466987840627698
1466987840730097
1466987841346962
1466987841446883
1466987841651684
1466987841754080
1466987841856498
1466987841960543
1466987842061301
1466987842163698
1466987842266094
1466987842368504
1466987842470870
1466987842575001
1466987842675692
1466987842778103
1466987842880506
1466987842982875
1466987843085211
1466987843189725
1466987843392484
1466987843597206
1466987843699725
1466987843804172
1466987843904511
1466987844006878
1466987844109274
1466987844416484
1466987844723613
1466987844826198
1466987844930693
1466987845030872
1466987845134419
1466987845235696
1466987845338097
1466987845542951
1466987845647426
1466987845747691
1466987846464504
1466987846566974
1466987846874098
1466987846976506
1466987847488513
1466987847898095
1466987848000414
1466987849026592
1466987849126875
1466987849229275
1466987849331665
1466987849536452
1466987849638805
1466987849742068
1466987849946102
1466987850458074
1466987850562676
1466987850662986
1466987851072511
1466987851584450
1466987851687140
1466987851789539
1466987851891676
1466987852096475
1466987852198877
1466987852301279
1466987852405303
1466987852506078
1466987852710859
1466987852813277
1466987852915668
1466987853019772
1466987853120469
1466987853222884
1466987853325275
1466987853427650
1466987853530085
1466987853634575
1466987853734860
1466987853837260
1466987854042049
1466987854144451
1466987854248950
1466987854349261
1466987854451651
1466987854554071
1466987854656482
1466987854760391
1466987854861285
1466987854964529
1466987855066070
1466987855168470
1466987855270929
1466987855375374
1466987855475668
1466987855578062
1466987855782869
1466987855885272
1466987856294879
1466987856397276
1466987856499668
1466987856602050
1466987856704466
1466987857011773
1466987857114069
1466987857216479
1466987857318874
1466987857421261
1466987857523639
1466987857627731
1466987857728413
1466987857830881
1466987858138070
1466987858242135
1466987858342886
1466987858445276
1466987858547676
1466987858752474
1466987858857318
1466987858957287
1466987859059666
1466987859162066
1466987859264472
1466987859366877
1466987859471339
1466987859571670
1466987859776472
1466987859878880
1466987859982505
1466987860083671
1466987860186990
1466987860291669
1466987860390892
1466987860597775
1466987860698061
1466987860802695
1466987860902877
1466987861005295
1466987861107677
1466987861314548
1466987861414858
1466987861722061
1466987861824474
1466987861936754
1466987862234683
1466987862336473
1466987862541278
1466987862643672
1466987862848780
1466987862950880
1466987863053281
1466987863155674
1466987863258037
1466987863360478
1466987863464965
1466987863565270
1466987863667664
1466987863770444
1466987863872477
1466987864282023
1466987864384467
1466987864589267
1466987864691660
1466987864794072
1466987864896471
1466987865101254
1466987865203670
1466987865306027
1466987865409428
1466987865510854
1466987865613277
1466987865715751
1466987865820206
1466987866125256
1466987866330069
1466987866637259
1466987866842056
1466987866944470
1466987867046878
1466987867149254
1466987867354058
1466987867456583
1466987867866056
1466987867968471
1466987868072539
1466987868378068
1466987868787584
1466987868890080
1466987868992474
1466987869094859
1466987869197254
1466987869299617
1466987869402067
1466987869504474
1466987869606837
1466987869709235
1466987869811586
1466987869914153
1466987870016473
1466987870118851
1466987870221252
1466987870323612
1466987870426054
1466987870528453
1466987870630834
1466987870733236
1466987870837512
1466987870938055
1466987871042174
1466987871246651
1466987871452428
1466987871655098
1466987871757256
1466987871859676
1466987872064472
1466987872166855
1466987872269257
1466987872371662
1466987872474053
1466987872576454
1466987872678835
1466987872781235
1466987872883663
1466987873088481
1466987873190855
1466987873396159
1466987873499211
1466987873907734
1466987874112457
1466987874214837
1466987874317240
1466987874419661
1466987874522085
1466987874624454
1466987874726836
1466987874829257
1466987874931667
1466987875034416
1466987875138606
1466987875238866
1466987875341195
1466987875443635
1466987875546051
1466987875649731
1466987875853215
1466987876160533
1466987876263376
1466987876365264
1466987876570501
1466987876672469
1466987876774855
1466987876877328
1466987876982131
1466987877184443
1466987877286854
1466987877389255
1466987877491637
1466987877594029
1466987877696455
1466987877798855
1466987877901699
1466987878003643
1466987878208443
1466987878310854
1466987878517239
1466987878617982
1466987878925251
1466987879027629
1466987879130093
1466987879232440
1466987879437238
1466987879539585
1466987879642027
1466987879744785
1466987879848187
1466987879949238
1466987880051643
1466987880256449
1466987880358855
1466987880461240
1466987880563629
1466987880768444
1466987880870853
1466987880973267
1466987881280444
1466987881382918
1466987881486136
1466987881587629
1466987881696716
1466987881793349
1466987881894808
1466987881998952
1466987882099698
1466987882204152
1466987882304391
1466987882406789
1466987882509272
1466987882715683
1466987882816958
1466987882918909
1466987883021264
1466987883123782
1466987883226049
1466987883328446
1466987883533261
1466987883635645
1466987883738139
1466987883840446
1466987883942850
1466987884045257
1466987884147646
1466987884352534
1466987884454846
1466987884557260
1466987884659597
1466987884762102
1466987884864375
1466987885069254
1466987885274054
1466987885376445
1466987885478856
1466987885581339
1466987885683648
1466987885786053
1466987885888570
1466987885990864
1466987886093265
1466987886195691
1466987886298049
1466987886400456
1466987886605300
1466987886810050
1466987886914881
1466987887014852
1466987887117256
1466987887219649
1466987887322108
1466987887526854
1466987887629264
1466987887731654
1466987887834044
1466987888141259
1466987888243649
1466987888346050
1466987888448384
1466987888755661
1466987888858057
1466987888961881
1466987889165255
1466987889370031
1466987889472441
1466987889574932
1466987889677232
1466987889779645
1466987889882054
1466987889984380
1466987890086853
1466987890189354
1466987890395971
1466987890496430
1466987890701786
1466987890805763
1466987890906055
1466987891111978
1466987891213232
1466987891418040
1466987891521702
1466987891622861
1466987891725603
1466987891827731
1466987891932008
1466987892032438
1466987892136510
1466987892339651
1466987892544681
1466987892749979
1466987892851650
1466987892954056
1466987893363650
1466987893466055
1466987893670820
1466987894592444
1466987894694831
1466987894797352
1466987894899650
1466987895002316
1466987895104445
1466987895206968
1466987895309854
1466987895411844
1466987895616426
1466987895821241
1466987895923648
1466987896026240
1466987896128610
1466987896435657
1466987896537977
1466987896640495
1466987896744649
1466987896845231
1466987896947652
1466987897050038
1466987897254831
1466987897357777
1466987897459631
1466987897562034
1466987897871382
1466987897971661
1466987898074050
1466987898176450
1466987898381191
1466987898483658
1466987898586020
1466987898688427
1466987898791159
1466987898893222
1466987898995651
1466987899098049
1466987899200423
1466987899302839
1466987899406867
1466987899610025
1466987899712448
1466987899814822
1466987900019732
1466987900122035
1466987900224446
1466987900532130
1466987900736359
1466987900838836
1466987901146062
1466987901453216
1466987901862836
1466987901966604
1466987902170033
1466987902477228
1466987902580477
1466987902887548
1466987902989604
1466987903296428
1466987903398776
1466987903501232
1466987903706016
