1467379411475535
1467379411577325
1467379411680391
1467379411781966
1467379411884730
1467379411987268
1467379412089559
1467379412192141
1467379412295503
1467379412397118
1467379412498994
1467379412605887
1467379412703711
1467379412806205
1467379412910372
1467379413011059
1467379413113225
1467379413216849
1467379413319171
1467379413420766
1467379413522886
1467379413625353
1467379413729871
1467379413830372
1467379413932767
1467379414034953
1467379414137860
1467379414239914
1467379414342332
1467379414444827
1467379414546886
1467379414658679
1467379414751556
1467379414854282
1467379414956693
1467379415058717
1467379415161361
1467379415264038
1467379415366605
1467379415468453
1467379415571061
1467379415673696
1467379415776666
1467379415877934
1467379415980611
1467379416082956
1467379416185497
1467379416287912
1467379416392322
1467379416492457
1467379416594855
1467379416698513
1467379416800006
1467379416902211
1467379417004322
1467379417107129
1467379417311789
1467379417414350
1467379417516576
1467379417622175
1467379417721770
1467379417823760
1467379417926309
1467379418029069
1467379418130767
1467379418233703
1467379418335774
1467379418437992
1467379418540605
1467379418642720
1467379418745606
1467379418951247
1467379419053303
1467379419155162
1467379419257575
1467379419462248
1467379419564383
1467379419666888
1467379419769262
1467379419907828
1467379419974167
1467379420076581
1467379420178976
1467379420281485
1467379420383839
1467379420486124
1467379420589093
1467379420691310
1467379420793413
1467379420895590
1467379420998915
1467379421101284
1467379421203053
1467379421306042
1467379421407954
1467379421509935
1467379421715019
1467379421817143
1467379421919583
1467379422021920
1467379422124431
1467379422227161
1467379422329807
1467379422432314
1467379422534145
1467379422636627
1467379422738887
1467379422841704
1467379422943952
1467379423052199
1467379423149026
1467379423251349
1467379423353267
1467379423455552
1467379423558403
1467379423660625
1467379423762770
1467379423865708
1467379423968496
1467379424070560
1467379424172457
1467379424275096
1467379424378331
1467379424479982
1467379424584960
1467379424684782
1467379424791438
1467379424890084
1467379424991885
1467379425094611
1467379425196810
1467379425298894
1467379425402103
1467379425505662
1467379425606455
1467379425708414
1467379425811083
1467379425914361
1467379426016352
1467379426118370
1467379426220549
1467379426322709
1467379426425729
1467379426529081
1467379426630457
1467379426732548
1467379426834756
1467379427039965
1467379427141974
1467379427244397
1467379427353539
1467379427451333
1467379427552125
1467379427655125
1467379427757211
1467379427861877
1467379427961620
1467379428063728
1467379428166186
1467379428268378
1467379428370699
1467379428473557
1467379428575783
1467379428678315
1467379428882895
1467379428985169
1467379429088178
1467379429190413
1467379429292872
1467379429395035
1467379429497794
1467379429599730
1467379429702292
1467379429805431
1467379429906747
1467379430009711
1467379430111529
1467379430217735
1467379430316853
1467379430419146
1467379430522622
1467379430623981
1467379430726379
1467379430829713
1467379430931025
1467379431033343
1467379431135917
1467379431238109
1467379431443155
1467379431545896
1467379431648037
1467379431750622
1467379431852984
1467379431954830
1467379432057641
1467379432160768
1467379432262284
1467379432469674
1467379432569483
1467379432671703
1467379432774075
1467379432876438
1467379432980080
1467379433081195
1467379433183772
1467379433388374
1467379433491120
1467379433593832
1467379433698666
1467379433798297
1467379433910150
1467379434003404
1467379434105312
1467379434207749
1467379434412895
1467379434518142
1467379434617703
1467379434721746
1467379434821958
1467379434924731
1467379435026999
1467379435129374
1467379435231583
1467379435333958
1467379435438486
1467379435540095
1467379435643416
1467379435744481
1467379435846287
1467379435949169
1467379436051313
1467379436153828
1467379436255784
1467379436358416
1467379436460725
1467379436563526
1467379436665868
1467379436767680
1467379436870526
1467379436972643
1467379437075103
1467379437177476
1467379437382002
1467379437485271
1467379437587066
1467379437689125
1467379437791582
1467379437894121
1467379437996372
1467379438098887
1467379438201400
1467379438304256
1467379438406392
1467379438511256
1467379438610740
1467379438713371
1467379438918424
1467379439020538
1467379439122775
1467379439225504
1467379439328133
1467379439430086
1467379439634746
1467379439737109
1467379439840087
1467379439942481
1467379440044529
1467379440249390
1467379440351968
1467379440454334
1467379440556756
1467379440659294
1467379440761613
1467379440868602
1467379440966172
1467379441068444
1467379441170819
1467379441273592
1467379441377232
1467379441478255
1467379441580541
1467379441685453
1467379441785644
1467379441887791
1467379442092790
1467379442195338
1467379442298893
1467379442502399
1467379442604759
1467379442707084
1467379442809398
1467379442912240
1467379443014415
1467379443116587
1467379443218924
1467379443321961
1467379443424816
1467379443526188
1467379443731332
1467379443936101
1467379444038321
1467379444142197
1467379444243116
1467379444345294
1467379444447796
1467379444550192
1467379444654296
1467379444755483
1467379444857985
1467379444960231
1467379445062299
1467379445164713
1467379445267280
1467379445477510
1467379445574505
1467379445676398
1467379445779213
1467379445984070
1467379446086077
1467379446188904
1467379446495999
1467379446599684
1467379446700918
1467379446803578
1467379446905769
1467379447008583
1467379447110085
1467379447212586
1467379447318254
1467379447417317
1467379447622596
1467379447724734
1467379447826979
1467379447929730
1467379448031986
1467379448134473
1467379448236916
1467379448339101
1467379448441542
1467379448543734
1467379448646050
1467379448751915
1467379448851234
1467379448960981
1467379449056199
1467379449158265
1467379449260900
1467379449362835
1467379449465710
1467379449567709
1467379449670793
1467379449772774
1467379449875195
1467379449977383
1467379450079831
1467379450182057
1467379450284944
1467379450387064
1467379450489441
1467379450694520
1467379450907899
1467379451002359
1467379451103943
1467379451206762
1467379451308376
1467379451411170
1467379451513972
1467379451615943
1467379451718045
1467379451822816
1467379451923973
1467379452025162
1467379452127777
1467379452229952
1467379452333074
1467379452435377
1467379452537325
1467379452639808
1467379452742309
1467379452947272
1467379453049379
1467379453151569
1467379453254297
1467379453356958
1467379453459295
1467379453663655
1467379453765970
1467379453868917
1467379453972319
1467379454073915
1467379454176002
1467379454278251
1467379454380420
1467379454483015
1467379454585460
1467379454687978
1467379454791130
1467379454892385
1467379454994879
1467379455097400
1467379455200171
1467379455302251
1467379455405194
1467379455508627
1467379455610024
1467379455715241
1467379455816988
1467379455920913
1467379456019502
1467379456121169
1467379456224276
1467379456326632
1467379456431567
1467379456533400
1467379456635376
1467379456735821
1467379456838374
1467379456946262
1467379457145496
1467379457248317
1467379457355823
1467379457455187
1467379457555457
1467379457657742
1467379457862415
1467379457964438
1467379458067265
1467379458169291
1467379458271544
1467379458374243
1467379458476490
1467379458579089
1467379458681231
1467379458784044
1467379458886567
1467379458988382
1467379459090999
1467379459193275
1467379459296815
1467379459398631
1467379459500566
1467379459605348
1467379459705236
1467379459807734
1467379460012560
1467379460115126
1467379460217136
1467379460319880
1467379460422699
1467379460529339
1467379460729539
1467379460834148
1467379461036944
1467379461139519
1467379461241589
1467379461344416
1467379461548916
1467379461753379
1467379461855841
1467379462060891
1467379462265359
1467379462368711
1467379462880207
1467379462986527
1467379463084487
1467379463188233
1467379463291213
1467379463392111
1467379463494552
1467379463596982
1467379463699274
1467379463904167
1467379464006036
1467379464108641
1467379464211047
1467379464313401
1467379464416104
1467379464518191
1467379464620858
1467379464723023
1467379464825485
1467379464928173
1467379465032443
1467379465132663
1467379465235236
1467379465339301
1467379465439691
1467379465646856
1467379465747276
1467379465850252
1467379465952271
1467379466054535
1467379466156482
1467379466259072
1467379466361446
1467379466463654
1467379466566565
1467379466668715
1467379466771133
1467379466975638
1467379467078314
1467379467180484
1467379467282902
1467379467385507
1467379467487877
1467379467590452
1467379467692721
1467379467795043
1467379467907855
1467379468001530
1467379468102335
1467379468204526
1467379468307213
1467379468409229
1467379468511882
1467379468614652
1467379468717072
1467379468818898
1467379468921398
1467379469023773
1467379469126707
1467379469228988
1467379469331004
1467379469434066
1467379469536200
1467379469638480
1467379469740421
1467379469842763
1467379469945606
1467379470047670
1467379470150161
1467379470252779
1467379470355291
1467379470457614
1467379470662381
1467379470764908
1467379470867640
1467379471071844
1467379471174319
1467379471276403
1467379471378884
1467379471486446
1467379471583973
1467379471685994
1467379471788668
1467379471891256
1467379471993132
1467379472197967
1467379472301075
1467379472402944
1467379472608048
1467379472812861
1467379472915089
1467379473017720
1467379473119863
1467379473222031
1467379473324605
1467379473427307
1467379473529195
1467379473631846
1467379473734274
1467379473836982
1467379473939090
1467379474041512
1467379474153818
1467379474246237
1467379474348733
1467379474553507
1467379474655910
1467379474758601
1467379474860920
1467379474963419
1467379475065239
1467379475168004
1467379475270262
1467379475372494
1467379475475277
1467379475578024
1467379475679946
1467379475782112
1467379476089218
1467379476192306
1467379476294096
1467379476396871
1467379476506883
1467379476603963
1467379476705562
1467379476908992
1467379477010906
1467379477215953
1467379477320464
1467379477420455
1467379477523182
1467379477625758
1467379477728175
1467379477830172
1467379477932858
1467379478034836
1467379478137745
1467379478239631
1467379478342234
1467379478445010
1467379478547340
1467379478649529
1467379478753840
1467379478854025
1467379478956436
1467379479059043
1467379479161672
1467379479263840
1467379479366504
1467379479571127
1467379479673212
1467379479776779
1467379479878676
1467379479980404
1467379480082989
1467379480287957
1467379480492969
1467379480799844
1467379480902133
1467379481007571
1467379481107091
1467379481209331
1467379481312069
1467379481414567
1467379481516492
1467379481721414
1467379481823820
1467379482029055
1467379482130779
1467379482233473
1467379482336045
1467379482438782
1467379482540510
1467379482642748
1467379482745697
1467379482848213
1467379482949961
1467379483052923
1467379483155098
1467379483260258
1467379483360038
1467379483462546
1467379483564717
1467379483667121
1467379483769339
1467379483871593
1467379483974590
1467379484076537
1467379484281477
1467379484383606
1467379484487096
1467379484588765
1467379484691007
1467379484793504
1467379484895965
1467379485100487
1467379485203192
1467379485305116
1467379485510195
1467379485612774
1467379485715490
1467379485817569
1467379485919627
1467379486022469
1467379486129484
1467379486226913
1467379486329636
1467379486431755
1467379486534005
1467379486636839
1467379486739177
1467379486841580
1467379486944381
1467379487046088
1467379487148448
1467379487251325
1467379487354327
1467379487455725
1467379487561070
1467379487660724
1467379487763134
1467379488377602
1467379488479906
1467379488582574
1467379488684839
1467379488787146
1467379488907894
1467379488991866
1467379489094070
1467379489205748
1467379489299061
1467379489401790
1467379489503873
1467379489606443
1467379489708388
1467379489811345
1467379489913291
1467379490016035
1467379490220932
1467379490325801
1467379490425384
1467379490527759
1467379490632670
1467379490834775
1467379490939340
1467379491143039
1467379491244449
1467379491346825
1467379491552194
1467379491654185
1467379491756410
1467379491859112
1467379491961363
1467379492064865
1467379492166447
1467379492269012
1467379492371952
1467379492475180
1467379492575537
1467379492679635
1467379492781557
1467379492886883
1467379492985673
1467379493097279
1467379493201672
1467379493292932
1467379493400991
1467379493599994
1467379493807611
1467379493910071
1467379494018804
1467379494115929
1467379494218125
1467379494316768
1467379494521850
1467379494623782
1467379494727932
1467379494828818
1467379494931339
1467379495033613
1467379495136227
1467379495238239
1467379495340385
1467379495443109
1467379495545712
1467379495647864
1467379495750173
1467379495852467
1467379495957845
1467379496057794
1467379496160061
1467379496262839
1467379496364504
1467379496468395
1467379496672204
1467379496774294
1467379496979343
1467379497081239
1467379497183970
1467379497285985
1467379497388442
1467379497491441
1467379497595405
1467379497696461
1467379497799490
1467379497911885
1467379498004530
1467379498207708
1467379498310753
1467379498422739
1467379498515382
1467379498617228
1467379498822336
1467379498924866
1467379499027010
1467379499129611
1467379499231889
1467379499334279
1467379499436743
1467379499539328
1467379499641273
1467379499743847
1467379499846365
1467379499948619
1467379500051138
1467379500153471
1467379500256525
1467379500358378
1467379500463198
1467379500562802
1467379500665582
1467379500768052
1467379500870072
1467379500972584
1467379501076007
1467379501178448
1467379501279735
1467379501382137
1467379501484991
1467379501586806
1467379501791621
1467379501894242
1467379501996579
1467379502098744
1467379502201470
1467379502303612
1467379502409122
1467379502508685
1467379502611053
1467379502713374
1467379502815584
1467379502918945
1467379503020893
1467379503122898
1467379503225842
1467379503327763
1467379503430550
1467379503532593
1467379503635563
1467379503737911
1467379503839702
1467379503942513
1467379504047221
1467379504147010
1467379504249514
1467379504351824
1467379504461993
1467379504556938
1467379504663051
1467379504761490
1467379504907513
1467379504966347
1467379505069278
1467379505173328
1467379505273467
1467379505381427
1467379505584042
1467379505685659
1467379505785456
1467379505990181
1467379506094333
1467379506195022
1467379506297702
1467379506400117
1467379506502242
1467379506604757
1467379506706741
1467379506809512
1467379506911871
1467379507014137
1467379507116786
1467379507321168
1467379507423898
1467379507526203
1467379507633575
1467379507731426
1467379507833640
1467379507935864
1467379508038263
1467379508140830
1467379508242992
1467379508345235
1467379508447971
1467379508549989
1467379508652844
1467379508755032
1467379508959970
1467379509062346
1467379509164727
1467379509267291
1467379509372023
1467379509472140
1467379509574394
1467379509676783
1467379509784523
1467379509907807
1467379509984157
1467379510086548
1467379510188441
1467379510290830
1467379510393217
1467379510495922
1467379510598556
1467379510700774
1467379510802777
1467379511110931
1467379511212720
1467379511315901
1467379511417699
1467379511622602
1467379511726874
1467379511827203
1467379512236366
1467379512338789
1467379512442112
1467379512544058
1467379512748640
1467379512851305
1467379512953494
1467379513056150
1467379513158598
1467379513261034
1467379513364925
1467379513471626
1467379513572010
1467379513675096
1467379513773810
1467379513875378
1467379514188285
1467379514292733
1467379514391349
1467379514493571
1467379514601824
1467379514696551
1467379514796493
1467379514899203
1467379515001733
1467379515104027
1467379515216046
1467379515308433
1467379515411098
1467379515514961
1467379515615802
1467379515720746
1467379515823027
1467379515923936
1467379516025299
1467379516127903
1467379516230098
1467379516332554
1467379516435263
1467379516537381
1467379516640474
1467379516743226
1467379516844803
1467379516946905
1467379517056178
1467379517154721
1467379517254163
1467379517356333
1467379517458888
1467379517561263
1467379517669594
1467379517767694
1467379517872708
1467379518177053
1467379518278302
1467379518387801
1467379518483373
1467379518585455
1467379518688929
1467379518795542
1467379518892975
1467379519405533
1467379519507378
1467379519609223
1467379519711825
1467379519814413
1467379519917078
1467379520019826
1467379520121834
1467379520224141
1467379520326615
1467379520429371
1467379520537168
1467379520633765
1467379520735929
1467379520838178
1467379520940445
1467379521043238
1467379521145694
1467379521257700
1467379521350543
1467379521453051
1467379521555371
1467379521657462
1467379521759854
1467379521861988
1467379521964333
1467379522067164
1467379522178034
1467379522271896
1467379522375660
1467379522476950
1467379522579341
1467379522682431
1467379522784004
1467379522886101
1467379523091117
1467379523193329
1467379523295930
1467379523398124
1467379523500429
1467379523707182
1467379523808573
1467379523910453
1467379524012912
1467379524115095
