1467286051988433
1467286052089621
1467286052191889
1467286052294306
1467286052499512
1467286052703890
1467286052806360
1467286052908681
1467286053011091
1467286053113491
1467286053215886
1467286053420687
1467286053625479
1467286053728764
1467286053832057
1467286054137474
1467286054239890
1467286054342281
1467286054446122
1467286054547048
1467286054649474
1467286054752060
1467286054854298
1467286054957658
1467286055161477
1467286055263863
1467286055368078
1467286055468679
1467286055571088
1467286055675371
1467286055878315
1467286055980682
1467286056083094
1467286056185473
1467286056287887
1467286056390285
1467286056492680
1467286056595094
1467286056799868
1467286057004679
1467286057107078
1467286057209494
1467286057311858
1467286057414250
1467286057516677
1467286057619078
1467286057721464
1467286057823891
1467286057926303
1467286058029306
1467286058234021
1467286058439794
1467286058644785
1467286058849702
1467286058950287
1467286059054473
1467286059155104
1467286059359898
1467286059462224
1467286059667139
1467286059769815
1467286059872510
1467286059975719
1467286060076685
1467286060179040
1467286060281812
1467286060385699
1467286060486390
1467286060589118
1467286060793742
1467286060895841
1467286060998434
1467286061100704
1467286061203099
1467286061407886
1467286061510307
1467286061612643
1467286061715102
1467286061819350
1467286061919890
1467286062022285
1467286062227098
1467286062329454
1467286062534474
1467286062636703
1467286062841491
1467286062944642
1467286063047745
1467286063148706
1467286063353492
1467286063455890
1467286063763038
1467286063865499
1467286063967890
1467286064070287
1467286064172930
1467286064276829
1467286064479844
1467286064582304
1467286064891141
1467286064991887
1467286065094306
1467286065198060
1467286065401543
1467286065503914
1467286065606306
1467286065913438
1467286066220718
1467286066323108
1467286066425503
1467286066527892
1467286066630257
1467286066732718
1467286066835100
1467286066937498
1467286067040477
1467286067347100
1467286067449499
1467286067551935
1467286067654322
1467286067756729
1467286067961497
1467286068063908
1467286068166310
1467286068270102
1467286068371101
1467286068473500
1467286068678247
1467286068781388
1467286068883203
1467286068985498
1467286069087896
1467286069190309
1467286069292660
1467286069395114
1467286069497517
1467286069599864
1467286069804693
1467286069907100
1467286070111853
1467286070216248
1467286070316701
1467286070420501
1467286070623946
1467286070726324
1467286070828661
1467286070931562
1467286071035080
1467286071342550
1467286071443105
1467286071545451
1467286071647916
1467286071852976
1467286071955102
1467286072057476
1467286072159912
1467286072264202
1467286072364710
1467286072467108
1467286072569539
1467286072671914
1467286072774307
1467286072876704
1467286072979043
1467286073081520
1467286073183911
1467286073286308
1467286073390205
1467286073491103
1467286073593519
1467286073800190
1467286073900706
1467286074003099
1467286074107309
1467286074207914
1467286074310316
1467286074412745
1467286074515111
1467286074617561
1467286074719881
1467286074924722
1467286075027136
1467286075129476
1467286075231915
1467286075335849
1467286075436706
1467286075539101
1467286075642939
1467286075743914
1467286075846423
1467286075950541
1467286076051101
1467286076155035
1467286076257788
1467286076358249
1467286076460708
1467286076563079
1467286076767915
1467286076870288
1467286076972705
1467286077075123
1467286077177521
1467286077382247
1467286077587119
1467286077689518
1467286077791937
1467286078201518
1467286078303920
1467286078508729
1467286078611126
1467286078815915
1467286078918310
1467286079020728
1467286079123124
1467286079328099
1467286079430281
1467286079532724
1467286079635124
1467286079839855
1467286079942331
1467286080044686
1467286080147122
1467286080249520
1467286080351941
1467286080455291
1467286080556727
1467286080659129
1467286080761520
1467286080865519
1467286080966313
1467286081070436
1467286081171122
1467286081273518
1467286081376521
1467286081480155
1467286081684456
1467286081887932
1467286081990332
1467286082092723
1467286082195080
1467286082399892
1467286082502311
1467286082708980
1467286082809535
1467286082911851
1467286083116729
1467286083220772
1467286083321520
1467286083425698
1467286083526332
1467286083628681
1467286083731130
1467286083833737
1467286084038327
1467286084140698
1467286084243120
1467286084345498
1467286084448830
1467286084550396
1467286084652726
1467286084765999
1467286084959959
1467286085062274
1467286085166515
1467286085267132
1467286085471889
1467286085574339
1467286085676673
1467286085780893
1467286085881525
1467286085983917
1467286086087771
1467286086188722
1467286086293264
1467286086395551
1467286086495880
1467286086598957
1467286086702559
1467286086803132
1467286086906320
1467286087007936
1467286087315122
1467286087417811
1467286087827145
1467286087931373
1467286088031935
1467286088339155
1467286088441543
1467286088543944
1467286088748730
1467286088954334
1467286089055905
1467286089159805
1467286089260728
1467286089363080
1467286089465512
1467286089567936
1467286089774541
1467286089875335
1467286089977522
1467286090079878
1467286090284726
1467286090489485
1467286090591895
1467286090694333
1467286090796686
1467286090899102
1467286091001565
1467286091103948
1467286091206356
1467286091308734
1467286091411126
1467286091513655
1467286091615954
1467286091718332
1467286092025543
1467286092127964
1467286092332731
1467286092435162
1467286092639948
1467286092844729
1467286092947092
1467286093049541
1467286093153771
1467286093254332
1467286093356747
1467286093459146
1467286093561559
1467286093663943
1467286093868746
1467286093971145
1467286094073579
1467286094175936
1467286094278331
1467286094380731
1467286094483145
1467286094585544
1467286094687951
1467286094790365
1467286094893540
1467286094995096
1467286095097542
1467286095199939
1467286095404750
1467286095609516
1467286095916731
1467286096019144
1467286096121542
1467286096223937
1467286096429565
1467286096532564
1467286096737002
1467286096838352
1467286096940748
1467286097147358
1467286097555146
1467286097657566
1467286097759950
1467286097862276
1467286098169547
1467286098271959
1467286098476753
1467286098579090
1467286098783950
1467286099091150
1467286099295882
1467286099398363
1467286099500765
1467286099603153
1467286099807944
1467286099910366
1467286100012708
1467286100115147
1467286100217584
1467286100319913
1467286100422354
1467286100627107
1467286100729488
1467286100833732
1467286100934354
1467286101036752
1467286101139149
1467286101241561
1467286101343938
1467286101447752
1467286101549641
1467286101651148
1467286101754022
1467286101855940
1467286102163168
1467286102266398
1467286102572751
1467286102675438
1467286102777542
1467286102879901
1467286102982354
1467286103084749
1467286103187126
1467286103289560
1467286103391966
1467286103494358
1467286103597877
1467286103699145
1467286103801566
1467286104006353
1467286104108769
1467286104313535
1467286104415980
1467286104518357
1467286104620748
1467286104827459
1467286104927961
1467286105030357
1467286105442087
1467286105644699
1467286105849561
1467286106054341
1467286106156751
1467286106259151
1467286106361566
1467286106463934
1467286106670162
1467286106873571
1467286107078306
1467286107283170
1467286107487958
1467286107592189
1467286107692753
1467286107795100
1467286107897523
1467286108102311
1467286108204756
1467286108307112
1467286108409586
1467286108511901
1467286108614301
1467286108716749
1467286108820241
1467286108921561
1467286109230046
1467286109331166
1467286109434856
1467286109535968
1467286109638321
1467286109740756
1467286109843166
1467286109945522
1467286110048733
1467286110158831
1467286110252774
1467286110356651
1467286110459650
1467286110559963
1467286110664168
1467286110764790
1467286110969567
1467286111071963
1467286111174357
1467286111276771
1467286111379136
1467286111481565
1467286111583963
1467286112095923
1467286112199138
1467286112300731
1467286112710356
1467286112812744
1467286112915171
1467286113017568
1467286113222442
1467286113631972
1467286113734358
1467286113836776
1467286113939185
1467286114043417
1467286114143963
1467286114246358
1467286114348775
1467286114451171
1467286114553568
1467286114963129
1467286115272250
1467286116089579
1467286117216168
1467286117318380
1467286117420817
1467286117523170
1467286117728162
1467286117830401
1467286117932770
1467286118035188
1467286118137570
1467286118239969
1467286118342382
1467286118649569
1467286118751984
1467286118854380
1467286119775982
1467286119879669
1467286119980722
1467286120083188
1467286120288026
1467286120494443
1467286120595125
1467286120697583
1467286120902359
1467286121107299
1467286121414359
1467286121516777
1467286121619179
1467286121721810
1467286121823985
1467286121926378
1467286122028723
1467286122131170
1467286122233585
1467286122438377
1467286122644593
1467286123052739
1467286123462688
1467286123566234
1467286123667170
1467286123974359
1467286124076741
1467286124179151
1467286124281589
1467286124383984
1467286124486463
1467286124691190
1467286124895926
1467286124998391
1467286125101111
1467286125203193
1467286125305588
1467286125407981
1467286125510396
1467286125613240
1467286125817987
1467286125919985
1467286126022648
1467286126124794
1467286126227519
1467286126331403
1467286126636778
1467286126739607
1467286126842814
1467286126944064
1467286127046774
1467286127148779
1467286127355447
1467286127456210
1467286127559342
1467286127661382
1467286127764912
1467286127866148
1467286127968218
1467286128174645
1467286129503985
1467286129606512
1467286130631174
1467286130732800
1467286130938049
1467286131040465
1467286131244811
1467286131654629
1467286131756844
1467286131961546
1467286132167378
1467286132269335
1467286132371397
1467286132473597
1467286132575988
1467286132678655
1467286132883238
1467286132986143
1467286133089445
1467286133190411
1467286133293661
1467286133600000
1467286133704261
1467286133805064
1467286133907257
1467286134009585
1467286134111971
1467286135136195
1467286135238549
1467286135443198
1467286135955733
1467286136057563
1467286136161379
1467286136262821
1467286136467192
1467286136569670
1467286136674032
1467286136774780
1467286136876795
1467286136979137
1467286137081607
1467286137184010
1467286137286417
1467286137388899
1467286137491213
1467286137593591
1467286137695963
1467286138004608
1467286138208114
1467286138311843
1467286138412974
1467286138515530
1467286138618094
1467286138720004
1467286138822465
1467286138924881
1467286139027213
1467286139129549
1467286139232322
1467286139334408
1467286139436841
1467286139543651
1467286139641621
1467286139745724
1467286139847091
1467286139949300
1467286140052758
1467286140153656
1467286140260067
1467286140358357
1467286140460899
1467286140563445
1467286140665613
1467286140768405
1467286141178222
1467286141383676
1467286141486152
1467286141588334
1467286141894389
1467286141998654
1467286142099300
1467286142306216
1467286142406459
1467286142508799
1467286142612485
1467286142714800
1467286142816093
1467286142920328
1467286143020854
1467286143125093
1467286143328454
1467286143532923
1467286143636504
1467286143737815
1467286143841926
1467286143943612
1467286144456263
1467286144556802
1467286144659928
1467286144763470
1467286144864670
1467286144967068
1467286145070217
1467286145171588
1467286145478416
1467286145581591
1467286145683217
1467286145785564
1467286145888044
1467286146094194
1467286146195215
1467286146399961
1467286146502405
1467286146604821
1467286146707174
1467286146811364
1467286146912464
1467286147117618
1467286147220219
1467286147321884
1467286147423987
1467286147629576
1467286147731280
1467286147833817
1467286148141635
1467286148244260
1467286148449454
1467286148653861
1467286148755489
1467286148857981
1467286148960072
1467286149063121
1467286149164794
1467286149267217
1467286149369723
1467286149472280
1467286149574867
1467286149676827
1467286149779426
1467286149882212
1467286150086407
1467286150188838
1467286150291215
1467286150393676
1467286150495983
1467286150598692
1467286150701718
1467286150803228
1467286151008018
1467286151113627
1467286151417636
1467286151724837
1467286151828606
1467286151929558
1467286152032011
1467286152134448
1467286152339226
1467286152441705
1467286152544032
1467286153260821
1467286153465631
1467286153772831
1467286153875365
1467286153977675
1467286154080259
1467286154284827
1467286154387223
1467286154489783
1467286154592028
1467286154694424
1467286154796788
1467286154899232
1467286155001636
1467286155104033
1467286155411167
1467286155616036
1467286155822763
1467286155923177
1467286156025552
1467286156127971
1467286156230572
1467286156332822
1467286156435237
1467286156537587
1467286156640033
1467286156947159
1467286157152036
1467286157254427
1467286157356828
1467286157459230
1467286157561631
1467286157766417
1467286157868826
1467286157971235
1467286158073637
1467286158176043
1467286158280215
1467286158483233
1467286158585644
1467286158688051
1467286158790430
1467286158894277
1467286158995161
1467286159097636
1467286159201469
1467286159302436
1467286159404823
1467286159509222
1467286159712295
1467286159917285
1467286160019240
1467286160123471
1467286160224029
1467286160531196
1467286160736135
1467286160940841
1467286161043216
1467286161145590
1467286161248026
1467286161350432
1467286161657638
1467286161760029
1467286161862386
1467286162169633
1467286162273656
1467286162374383
1467286162476823
1467286162579197
1467286162681639
1467286162785195
1467286162886701
1467286163193637
1467286163295992
1467286163398429
1467286163503070
1467286163603248
1467286163705643
1467286163808034
1467286163910469
1467286164012785
1467286164116851
1467286164217640
1467286164331490
1467286164423861
1467286164526971
1467286164730757
1467286164832762
1467286164934533
1467286165139207
1467286165241604
1467286165344569
1467286165447073
1467286165550020
1467286165753634
1467286165856039
1467286165958395
1467286166060800
1467286166163197
1467286166268219
1467286166368089
1467286166572797
1467286166675242
1467286167187242
1467286167289657
1467286167392035
1467286167495823
1467286167596793
1467286167699250
1467286167801656
1467286167904034
1467286168006450
1467286168110664
1467286168415995
1467286168518449
1467286168620971
1467286168723340
1467286168825642
1467286168928038
1467286169030449
1467286169134472
1467286169236472
1467286169440033
1467286169542576
1467286169645062
1467286169849640
1467286169952056
1467286170054436
1467286170156843
1467286170261097
1467286170362200
1467286170464119
1467286170566775
1467286170668845
1467286170875619
1467286170976598
1467286171078380
1467286171181425
1467286171283371
1467286171385634
1467286171488498
1467286171692863
1467286171795366
1467286171897639
1467286172001619
1467286172103822
1467286172204846
1467286172411160
1467286172716926
1467286172921651
1467286173024054
1467286173228813
1467286173433641
1467286173638422
1467286173740847
1467286173843248
1467286173945617
1467286174048005
1467286174150420
1467286174252845
1467286174355241
1467286174457639
1467286174560347
1467286174662408
1467286174764845
1467286174970246
1467286175072057
1467286175278077
1467286175379623
1467286175584500
1467286175686464
1467286175789329
1467286175892876
1467286176096298
1467286176199266
1467286176301869
1467286176405039
1467286176505613
1467286176608068
1467286176712304
1467286176812804
1467286176915239
1467286177017657
1467286177120018
1467286177224391
1467286177324843
1467286177529581
1467286177632056
1467286177734452
1467286177836846
1467286178041659
1467286178144057
1467286178348847
1467286178451261
1467286178553670
1467286178656083
1467286178758465
1467286178860847
1467286178963206
1467286179065656
1467286179168235
1467286179372811
1467286179475264
1467286180294426
1467286180397425
1467286180500704
1467286180601661
1467286180704298
1467286180806461
1467286180909307
1467286181012688
1467286181113657
1467286181216058
1467286181320226
1467286181422072
1467286181524766
1467286181627014
1467286181830422
1467286181932977
1467286182240052
1467286182342451
1467286182444864
1467286182854452
1467286182956849
1467286183059242
1467286183264021
1467286183468847
1467286183571266
1467286183673631
1467286183776330
1467286183878403
1467286183980820
1467286184083234
1467286184288024
1467286184390662
1467286184492811
1467286184697611
1467286184800058
1467286184902452
1467286185006263
1467286185109397
1467286185209661
1467286185313456
1467286185414450
1467286185516869
1467286185621142
1467286185722070
1467286185824385
1467286185926763
1467286186029607
1467286186131264
1467286186234227
1467286186336457
1467286186439433
1467286186540869
1467286186643266
1467286186745601
1467286186848003
1467286186950476
1467286187052815
1467286187157158
1467286187257658
1467286187360076
1467286187462415
1467286187667266
1467286187771158
1467286187974472
1467286188076886
1467286188179210
1467286188385485
1467286188588869
1467286188691264
1467286188793659
1467286188895997
1467286189000788
1467286189100871
1467286189203264
1467286189305661
1467286189408076
1467286189510474
1467286189614679
1467286189817658
1467286190022472
1467286190124870
