1466966510908389
1466966511013002
1466966511215821
1466966511319129
1466966511420382
1466966511522795
1466966511625198
1466966511727519
1466966511830646
1466966511932385
1466966512034794
1466966512137204
1466966512240977
1466966512342312
1466966512446393
1466966512649183
1466966512855519
1466966512956343
1466966513061172
1466966513263582
1466966513365983
1466966513470684
1466966513570789
1466966513673142
1466966513775585
1466966513877973
1466966513981513
1466966514082754
1466966514185141
1466966514288799
1466966514389966
1466966514595872
1466966514697096
1466966514903264
1466966515004356
1466966515210808
1466966515312725
1466966515518707
1466966515618965
1466966515823667
1466966515925962
1466966516029028
1466966516130954
1466966516233439
1466966516337931
1466966516440130
1466966516544620
1466966516642759
1466966516745158
1466966516847556
1466966516950734
1466966517052397
1466966517154703
1466966517258409
1466966517359914
1466966517463610
1466966517565151
1466966517668524
1466966517769124
1466966517871535
1466966517975234
1466966518077732
1466966518179939
1466966518283615
1466966518383513
1466966518486619
1466966518588333
1466966518691574
1466966518794399
1466966518897856
1466966518997945
1466966519100353
1466966519203976
1466966519306687
1466966519407526
1466966519510016
1466966519612298
1466966519714657
1466966519818377
1466966519922912
1466966520021985
1466966520125077
1466966520226628
1466966520329083
1466966520431488
1466966520535487
1466966520642838
1466966520739072
1466966520841966
1466966520943517
1466966521045941
1466966521149642
1466966521254906
1466966521354786
1466966521457931
1466966521559407
1466966521661552
1466966521764007
1466966521865085
1466966521967479
1466966522069888
1466966522172281
1466966522278146
1466966522377118
1466966522479486
1466966522581869
1466966522685974
1466966522786664
1466966522891138
1466966522991480
1466966523093894
1466966523197101
1466966523300664
1466966523503479
1466966523605876
1466966523708296
1466966523811536
1466966523913185
1466966524015605
1466966524117887
1466966524220282
1466966524322689
1466966524425048
1466966524527601
1466966524629877
1466966524732263
1466966524834646
1466966524937173
1466966525041428
1466966525143950
1466966525244251
1466966525349132
1466966525449059
1466966525553382
1466966525757946
1466966525858645
1466966525961043
1466966526064393
1466966526165819
1466966526268173
1466966526372743
1466966526473137
1466966526576781
1466966526680530
1466966526782526
1466966526884717
1466966526986372
1466966527087434
1466966527189853
1466966527292225
1466966527395839
1466966527599421
1466966527701943
1466966527804269
1466966527908362
1466966528009482
1466966528111444
1466966528213821
1466966528316233
1466966528419511
1466966528522887
1466966528627260
1466966528728359
1466966528828231
1466966529033939
1466966529137083
1466966529239094
1466966529341978
1466966529442596
1466966529545025
1466966529648782
1466966529751522
1466966529856458
1466966529954848
1466966530057009
1466966530159457
1466966530263232
1466966530364304
1466966530468007
1466966530569012
1466966530671397
1466966530773971
1466966530877863
1466966530978612
1466966531081129
1466966531184985
1466966531289742
1466966531388199
1466966531490731
1466966531594575
1466966531695374
1466966531799203
1466966531900209
1466966532002826
1466966532107897
1466966532208923
1466966532310067
1466966532413539
1466966532514503
1466966532617105
1466966532719513
1466966532821720
1466966532924296
1466966533027985
1466966533131194
1466966533335225
1466966533436166
1466966533538566
1466966533642182
1466966533743917
1466966533949852
1466966534050575
1466966534152976
1466966534256393
1466966534359506
1466966534464051
1466966534562539
1466966534664960
1466966534767356
1466966534871542
1466966534974014
1466966535074558
1466966535178110
1466966535279353
1466966535381752
1466966535487015
1466966535588797
1466966535689061
1466966535793375
1466966535893765
1466966535998381
1466966536098567
1466966536202916
1466966536303360
1466966536407426
1466966536508133
1466966536610534
1466966536714787
1466966536817078
1466966536917735
1466966537020157
1466966537226761
1466966537328808
1466966537430175
1466966537534101
1466966537634517
1466966537736935
1466966537839345
1466966537941797
1466966538044109
1466966538146608
1466966538248933
1466966538351351
1466966538455063
1466966538557783
1466966538658514
1466966538761336
1466966538864240
1466966538967527
1466966539068126
1466966539170564
1466966539272915
1466966539375238
1466966539478876
1466966539580310
1466966539682507
1466966539786851
1466966539887244
1466966539989714
1466966540093736
1466966540196417
1466966540296941
1466966540401338
1466966540501697
1466966540604159
1466966540707969
1466966540811656
1466966540911266
1466966541013729
1466966541116108
1466966541218502
1466966541320894
1466966541423467
1466966541526037
1466966541630092
1466966541731812
1466966541832891
1466966541936812
1466966542039529
1466966542140107
1466966542244848
1466966542344869
1466966542449033
1466966542551244
1466966542653824
1466966542754524
1466966542856892
1466966542959248
1466966543062824
1466966543165415
1466966543266485
1466966543368900
1466966543472829
1466966543578438
1466966543676084
1466966543779943
1466966543880881
1466966543983274
1466966544089691
1466966544189947
1466966544292055
1466966544392901
1466966544495260
1466966544597653
1466966544700415
1466966544802962
1466966544905175
1466966545007419
1466966545109629
1466966545212083
1466966545315413
1466966545519268
1466966545623192
1466966545724047
1466966545930431
1466966546033619
1466966546133645
1466966546338542
1466966546441086
1466966546543297
1466966546645650
1466966546748038
1466966546850611
1466966546954311
1466966547055240
1466966547157749
1466966547262377
1466966547362449
1466966547464781
1466966547567233
1466966547672772
1466966547773624
1466966547876280
1466966547977166
1466966548079317
1466966548183591
1466966548285161
1466966548386492
1466966548591220
1466966548899648
1466966549001477
1466966549112940
1466966549205642
1466966549308080
1466966549410538
1466966549615196
1466966549717629
1466966549820104
1466966549922428
1466966550024816
1466966550127226
1466966550229606
1466966550332027
1466966550434401
1466966550536968
1466966550641084
1466966550742920
1466966550843997
1466966550946541
1466966551048845
1466966551151348
1466966551458404
1466966551560801
1466966551663246
1466966551766392
1466966551970721
1466966552175211
1466966552277587
1466966552394772
1466966552482435
1466966552688843
1466966552789690
1466966552893856
1466966552997039
1466966553097757
1466966553301588
1466966553403965
1466966553507733
1466966553610434
1466966553813578
1466966553917936
1466966554020553
1466966554122021
1466966554224557
1466966554325576
1466966554429559
1466966554530357
1466966554632842
1466966554736814
1466966554837949
1466966554939964
1466966555042399
1466966555144761
1466966555353378
1466966555452292
1466966555554356
1466966555656983
1466966555761015
1466966555861765
1466966555964290
1466966556066350
1466966556168774
1466966556271223
1466966556374400
1466966556476199
1466966556578339
1466966556680775
1466966556783152
1466966556885766
1466966556987989
1466966557090438
1466966557192998
1466966557296470
1466966557399235
1466966557501372
1466966557602420
1466966557707092
1466966557807151
1466966557911231
1466966558014029
1466966558114962
1466966558219747
1466966558321247
1466966558421987
1466966558523879
1466966558626362
1466966558729952
1466966558831132
1466966558933526
1466966559036315
1466966559140159
1466966559242901
1466966559343148
1466966559445584
1466966559547937
1466966559650486
1466966559753964
1466966559855141
1466966559959313
1466966560059858
1466966560162406
1466966560264733
1466966560368455
1466966560471608
1466966560573546
1466966560675645
1466966560776716
1466966560879143
1466966560981501
1466966561086103
1466966561187550
1466966561288654
1466966561391060
1466966561495000
1466966561597774
1466966561701816
1466966561800880
1466966561905010
1466966562005487
1466966562108149
1466966562215110
1466966562312690
1466966562415335
1466966562519758
1466966562621708
1466966562722295
1466966562824861
1466966562927079
1466966563029480
1466966563132102
1466966563234310
1466966563336835
1466966563440866
1466966563541443
1466966563746292
1466966563848691
1466966563952358
1466966564054893
1466966564155885
1466966564258295
1466966564362489
1466966564463596
1466966564566760
1466966564667888
1466966564770405
1466966564874324
1466966564976392
1466966565077428
1466966565179844
1466966565282250
1466966565384649
1466966565487037
1466966565590767
1466966565691883
1466966565794270
1466966565898601
1466966565999072
1466966566101416
1466966566203870
1466966566308551
1466966566410146
1466966566511051
1466966566613534
1466966566716208
1466966566819997
1466966566923296
1466966567025597
1466966567125470
1466966567227973
1466966567330401
1466966567435066
1466966567535095
1466966567638001
1466966567741260
1466966567844170
1466966567944690
1466966568047007
1466966568151814
1466966568253778
1466966568354590
1466966568456636
1466966568559033
1466966568663219
1466966568766193
1466966568866234
1466966568968630
1466966569071013
1466966569175001
1466966569278826
1466966569378240
1466966569480963
1466966569584022
1466966569789513
1466966569892220
1466966569992627
1466966570095375
1466966570198805
1466966570299908
1466966570406215
1466966570504623
1466966570607016
1466966570709423
1466966570813269
1466966570916494
1466966571018529
1466966571118958
1466966571221392
1466966571323978
1466966571428066
1466966571531374
1466966571630934
1466966571733387
1466966571835821
1466966571938271
1466966572040770
1466966572146012
1466966572245407
1466966572347899
1466966572553149
1466966572654908
1466966572757407
1466966572860394
1466966572962388
1466966573066605
1466966573167152
1466966573269489
1466966573374363
1466966573474284
1466966573578470
1466966573678981
1466966573782367
1466966573885676
1466966573991618
1466966574088529
1466966574190942
1466966574293376
1466966574397341
1466966574498174
1466966574600577
1466966574702914
1466966574807771
1466966574910377
1466966575010732
1466966575112696
1466966575317539
1466966575420444
1466966575624864
1466966575731836
1466966575931897
1466966576136613
1466966576239153
1466966576342930
1466966576443758
1466966576546471
1466966576650815
1466966576750954
1466966576854930
1466966576955750
1466966577161180
1466966577264858
1466966577368704
1466966577467817
1466966577572251
1466966577673580
1466966577775567
1466966577878001
1466966577981841
1466966578082789
1466966578493693
1466966578594218
1466966578696548
1466966578799493
1466966578901340
1466966579003994
1466966579208477
1466966579311007
1466966579413357
1466966579515682
1466966579618798
1466966579721600
1466966579822944
1466966579925321
1466966580029783
1466966580130129
1466966580232652
1466966580338594
1466966580437342
1466966580540813
1466966580643617
1466966580747015
1466966580848657
1466966580951456
1466966581051719
1466966581154096
1466966581258026
1466966581358931
1466966581463270
1466966581565856
1466966581666111
1466966581768502
1466966581871111
1466966581973496
1466966582075737
1466966582181820
1466966582281908
1466966582386376
1466966582486800
1466966582587680
1466966582690597
1466966582793814
1466966582895344
1466966582997436
1466966583100379
1466966583202111
1466966583304708
1466966583408717
1466966583511569
1466966583612073
1466966583714799
1466966583816917
1466966583918901
1466966584021551
1466966584123705
1466966584227127
1466966584328557
1466966584430887
1466966584533265
1466966584637375
1466966584738044
1466966584840810
1466966584942901
1466966585045271
1466966585147697
1466966585252417
1466966585352494
1466966585455137
1466966585560747
1466966585659674
1466966585864633
1466966585966862
1466966586072203
1466966586173903
1466966586274077
1466966586376480
1466966586480557
1466966586581246
1466966586683659
1466966586788243
1466966586990990
1466966587095294
1466966587198484
1466966587300050
1466966587402249
1466966587503122
1466966587608632
1466966587709680
1466966587810199
1466966587917301
1466966588017122
1466966588117376
1466966588220698
1466966588424517
1466966588527059
1466966588630817
1466966588834015
1466966588936653
1466966589038822
1466966589346034
1466966589448672
1466966589553161
1466966589653236
1466966589755653
1466966589858035
1466966589960438
1466966590062831
1466966590165244
1466966590267616
1466966590370037
1466966590474515
1466966590576996
1466966590779554
1466966590882025
1466966590984378
1466966591088412
1466966591189300
1466966591291977
1466966591394206
1466966591496410
1466966591598824
1466966591702925
1466966591803617
1466966591906224
1466966592011019
1466966592110838
1466966592213226
1466966592315647
1466966592417992
1466966592520430
1466966592622704
1466966592725194
1466966592828591
1466966592932034
1466966593032394
1466966593137210
1466966593239893
1466966593339576
1466966593443568
1466966593546067
1466966593646802
1466966593754701
1466966593853293
1466966593954003
1466966594056399
1466966594160956
1466966594261247
1466966594363719
1466966594468097
1466966594569255
1466966594671881
1466966594775281
1466966594875569
1466966594979176
1466966595080308
1466966595182906
1466966595285166
1466966595389424
1466966595489948
1466966595592529
1466966595694773
1466966595797272
1466966595901347
1466966596003892
1466966596104333
1466966596208245
1466966596310841
1466966596411724
1466966596518072
1466966596618713
1466966596718768
1466966596821169
1466966597026049
1466966597128643
1466966597233044
1466966597333140
1466966597435754
1466966597540121
1466966597640376
1466966597744805
1466966597847383
1466966597950033
1466966598051082
1466966598154459
1466966598254779
1466966598359376
1466966598461934
1466966598561939
1466966598665489
1466966598769297
1466966598869136
1466966598973158
1466966599073956
1466966599176346
1466966599278749
1466966599382425
1466966599483541
1466966599585928
1466966599790747
1466966599894774
1466966599997712
1466966600097933
1466966600200353
1466966600302748
1466966600405208
1466966600507677
1466966600611850
1466966600712302
1466966600814722
1466966600919288
1466966601020100
1466966601124044
1466966601226301
1466966601326720
1466966601430888
1466966601533194
1466966601633919
1466966601738962
1466966601841136
1466966601941111
1466966602043521
1466966602147727
1466966602248324
1466966602352908
1466966602455508
1466966602555494
1466966602658070
1466966602762518
1466966602862862
1466966602965142
1466966603069518
1466966603169901
1466966603273531
1466966603376904
1466966603477089
1466966603582191
1466966603684365
1466966603784297
1466966603887563
1466966603989280
1466966604092170
1466966604194080
1466966604297004
1466966604398611
1466966604501150
1466966604605731
1466966604705906
1466966604809193
1466966604913021
1466966605013078
1466966605115435
1466966605220099
1466966605320275
1466966605422755
1466966605627446
1466966605729808
1466966605834219
1466966605934634
1466966606037721
1466966606141772
1466966606241925
1466966606346320
1466966606448704
1466966606549046
1466966606651433
1466966606755674
1466966606856372
1466966606961032
1466966607061063
1466966607163502
1466966607265883
1466966607368932
1466966607470782
1466966607573128
1466966607677942
1466966607777871
1466966607880321
1466966607983172
1466966608085058
1466966608187496
1466966608291957
1466966608396366
1466966608494741
1466966608599863
1466966608802075
1466966608906775
1466966609006647
1466966609111856
1466966609214723
1466966609313843
1466966609417621
1466966609520512
1466966609621060
1466966609723442
1466966609828163
1466966609928365
1466966610133010
1466966610235446
1466966610339722
1466966610442471
1466966610542654
1466966610645010
1466966610747421
1466966610849829
1466966610952693
1466966611056695
1466966611157029
1466966611259420
1466966611364189
1466966611464220
1466966611567032
1466966611671152
1466966611771397
1466966611873816
1466966611976211
1466966612078660
1466966612283363
1466966612385809
1466966612488188
1466966612592885
1466966612692983
1466966612897822
1466966613000140
1466966613102658
1466966613207523
1466966613307415
1466966613409902
1466966613512187
1466966613614600
1466966613718514
1466966613822074
1466966613921813
1466966614026898
1466966614126597
1466966614229006
1466966614331598
1466966614433796
1466966614537398
1466966614638588
1466966614742959
1466966614843401
1466966614945789
1466966615048603
1466966615150601
1466966615252974
1466966615355453
1466966615457919
1466966615560813
1466966615664923
1466966615764958
1466966615867350
1466966615969788
1466966616072622
1466966616276981
1466966616379306
1466966616481757
1466966616586554
1466966616791852
1466966617096146
1466966617200474
1466966617304024
1466966617403378
1466966617505730
1466966617608145
1466966617710575
1466966617812996
1466966617915361
1466966618021305
1466966618120154
1466966618222548
1466966618324946
1466966618427365
1466966618632150
1466966618836972
1466966618939344
1466966619041928
1466966619144305
1466966619246536
1466966619451283
1466966619553731
1466966619658120
1466966619758527
