1467379592633972
1467379592941253
1467379593042102
1467379593246896
1467379593451821
1467379593555604
1467379593658063
1467379593760254
1467379593964342
1467379594373341
1467379594475761
1467379594579633
1467379594682077
1467379594782971
1467379594885379
1467379594989616
1467379595091634
1467379595296417
1467379595398819
1467379595501235
1467379595602149
1467379595706040
1467379595909356
1467379596013225
1467379596115638
1467379596218027
1467379596422469
1467379596525238
1467379596729995
1467379596832453
1467379596934817
1467379597240500
1467379597343026
1467379597446839
1467379597549236
1467379597650423
1467379597755899
1467379597958340
1467379598061241
1467379598266569
1467379598469357
1467379598674237
1467379598778058
1467379598880454
1467379598982857
1467379599085216
1467379599288629
1467379599391757
1467379599494821
1467379599800692
1467379600006820
1467379600109238
1467379600210136
1467379600415008
1467379600518781
1467379600621204
1467379600723611
1467379600826039
1467379601336740
1467379601441976
1467379601541449
1467379601645186
1467379601746382
1467379602054902
1467379602360574
1467379602464462
1467379602566858
1467379602669264
1467379602771598
1467379603488473
1467379603589476
1467379603691901
1467379603794485
1467379604306270
1467379604409999
1467379604511531
1467379604613568
1467379604819625
1467379605023050
1467379605638861
1467379605739781
1467379605843663
1467379605946000
1467379606558948
1467379606662871
1467379606765240
1467379606867654
1467379606970050
1467379607174862
1467379607584422
1467379607890194
1467379607992594
1467379608301199
1467379608609072
1467379608710820
1467379608811906
1467379608915656
1467379609016559
1467379609221554
1467379609325716
1467379609630994
1467379610554079
1467379610859911
1467379610962366
1467379611168865
1467379611270947
1467379611474425
1467379611680506
1467379612089276
1467379613010406
1467379613112560
1467379613215071
1467379613317634
1467379613419781
1467379614341760
1467379614959824
1467379615059723
1467379615467780
1467379616083656
1467379616184591
1467379616288485
1467379616595658
1467379616800466
1467379617005283
1467379617210019
1467379617414892
1467379617516031
1467379617618248
1467379617720607
1467379617823032
1467379618643626
1467379619053241
1467379619155698
1467379619258090
1467379619360477
1467379619666635
1467379620589300
1467379620690696
1467379621202412
1467379621306071
1467379621509551
1467379622022886
1467379622124011
1467379622228262
1467379622330073
1467379622432468
1467379622534906
1467379622842093
1467379623046906
1467379623149299
1467379623251672
1467379623354037
1467379623456487
1467379623558881
1467379623661740
1467379623968517
1467379624376624
1467379624582911
1467379624685304
1467379624787702
1467379624888980
1467379624991069
1467379625094157
1467379625195866
1467379625299615
1467379625504686
1467379625606875
1467379626015075
1467379626118890
1467379626221290
1467379626323654
1467379626426095
1467379626630906
1467379626733242
1467379626834439
1467379627041688
1467379627141630
1467379627245242
1467379627552512
1467379627757280
1467379628064494
1467379628371717
1467379628986129
1467379629087144
1467379629189603
1467379629293261
1467379629498120
1467379629599138
1467379629701517
1467379630111261
1467379630317323
1467379630522074
1467379630624483
1467379630726855
1467379630931701
1467379631237572
1467379631341305
1467379631647028
1467379631749521
1467379631955709
1467379632159208
1467379632467666
1467379632568998
1467379632671231
1467379632876080
1467379632978345
1467379633183460
1467379633286917
1467379633389321
1467379633592746
1467379633695079
1467379634310907
1467379634411852
1467379634515722
1467379634719400
1467379634822908
1467379634923877
1467379635026265
1467379635130071
1467379635232531
1467379635640850
1467379636050380
1467379636152890
1467379636562355
1467379636664801
1467379636768539
1467379636869660
1467379637074423
1467379637176810
1467379637383044
1467379637586309
1467379637690086
1467379637997269
1467379638099699
1467379638303083
1467379638406850
1467379638507872
1467379638610572
1467379638918928
1467379639020077
1467379639226142
1467379639328488
1467379639430933
1467379639533283
1467379639634372
1467379639736953
1467379639840553
1467379640250104
1467379640764217
1467379640864558
1467379640966916
1467379641170294
1467379641274085
1467379641376522
1467379641682346
1467379641887386
1467379641989643
1467379642091933
1467379642296686
1467379642399107
1467379642605322
1467379642911240
1467379643014950
1467379643117361
1467379643322556
1467379643424536
1467379643525815
1467379643629330
1467379643730331
1467379643833868
1467379643935453
1467379644141343
1467379644243679
1467379644448480
1467379644550878
1467379644653318
1467379644959203
1467379645062985
1467379645164120
1467379645368746
1467379645471932
1467379645574957
1467379646188102
1467379646290639
1467379646394641
1467379647110954
1467379647416757
1467379647519244
1467379647725317
1467379647827763
1467379648032576
1467379648134983
1467379648237344
1467379648339768
1467379648440809
1467379648543089
1467379648646917
1467379648750847
1467379648953037
1467379649055285
1467379649158164
1467379649261326
1467379649363771
1467379649466136
1467379649568523
1467379649669667
1467379649773368
1467379649875744
1467379649978139
1467379650079310
1467379650387842
1467379650488762
1467379650591164
1467379650797345
1467379651000988
1467379651104594
1467379651514140
1467379651617015
1467379651718951
1467379651821311
1467379651923720
1467379652024908
1467379652128560
1467379652229504
1467379652332058
1467379652434323
1467379652640507
1467379652745141
1467379653050205
1467379653151186
1467379653357378
1467379653459764
1467379653560773
1467379653663137
1467379654590207
1467379654688511
1467379654790184
1467379654998079
1467379655098454
1467379655311329
1467379655405368
1467379655506454
1467379655711393
1467379655814517
1467379656026683
1467379656327443
1467379656530560
1467379657248542
1467379657350972
1467379657453364
1467379657555766
1467379657861968
1467379657965353
1467379658067805
1467379658171524
1467379658277226
1467379658374950
1467379658579736
1467379658784555
1467379658887233
1467379659090570
1467379659296523
1467379659398988
1467379659807292
1467379659910953
1467379660115725
1467379660216796
1467379660421898
1467379660524103
1467379660730164
1467379660832534
1467379661139790
1467379661549336
1467379661958956
1467379662266138
1467379662469599
1467379662573383
1467379662675771
1467379662880534
1467379662981596
1467379663085392
1467379663187787
1467379663290139
1467379663392559
1467379663597362
1467379663800829
1467379664005573
1467379664210435
1467379664824909
1467379666156793
1467379666259792
1467379666360969
1467379666464579
1467379666566936
1467379666770384
1467379666873133
1467379666976608
1467379667079009
1467379667181431
1467379667386204
1467379667488622
1467379667590979
1467379667692060
1467379667898204
1467379668000523
1467379668103007
1467379668205390
1467379668307747
1467379668922186
1467379669024602
1467379669233964
1467379669436904
1467379669536604
1467379669637583
1467379669741392
1467379669843772
1467379670048539
1467379670151022
1467379670251984
1467379670355811
1467379670458185
1467379670866481
1467379670970231
1467379671072547
1467379671174999
1467379671277458
1467379671379788
1467379671685922
1467379671890519
1467379672095332
1467379672197812
1467379672301417
1467379672504933
1467379672609000
1467379672710825
1467379672915812
1467379673018207
1467379673326844
1467379673529018
1467379673735000
1467379673837341
1467379674450535
1467379674554186
1467379674655319
1467379675168604
1467379675578211
1467379675679396
1467379675781811
1467379675885380
1467379676192624
1467379676294937
1467379676703329
1467379676806991
1467379676909429
1467379677114203
1467379677215209
1467379677319021
1467379677626207
1467379677830963
1467379678239467
1467379678547829
1467379678751270
1467379679058687
1467379679264623
1467379679879030
1467379679981416
1467379680186155
1467379680391019
1467379680493414
1467379680594558
1467379680698228
1467379680800612
1467379681005473
1467379681208853
1467379681413684
1467379681516418
1467379681722148
1467379681824648
1467379681926974
1467379682028344
1467379682130665
1467379682234166
1467379682541412
1467379682746229
1467379682847354
1467379682951020
1467379683053454
1467379683155748
1467379683257085
1467379683463019
1467379683565441
1467379683769001
1467379683874493
1467379683975023
1467379684588187
1467379685100086
1467379685203776
1467379685612115
1467379685818227
1467379685919499
1467379686022020
1467379686125381
1467379686229645
1467379686330246
1467379686533687
1467379686636197
1467379687045660
1467379687148107
1467379687250467
1467379687352936
1467379687456602
1467379687557708
1467379687661397
1467379687866243
1467379688173879
1467379688480598
1467379688583042
1467379688991275
1467379689095042
1467379689197436
1467379689298500
1467379689401106
1467379689607003
1467379689708225
1467379689914606
1467379690119770
1467379690220125
1467379690629708
1467379690733405
1467379690938242
1467379691040252
1467379691244163
1467379691653784
1467379691757624
1467379692167043
1467379692576649
1467379692679046
1467379692780334
1467379692883849
1467379693906519
1467379694214188
1467379694419859
1467379694624651
1467379694727249
1467379694930677
1467379695341438
1467379695647337
1467379695750169
1467379696261875
1467379696466627
1467379696569443
1467379696773732
1467379697388176
1467379697593150
1467379697695467
1467379697901410
1467379698208590
1467379698311047
1467379698413459
1467379698515855
1467379698719792
1467379699232666
1467379699538821
1467379699642264
1467379700360957
1467379700563828
1467379700664960
1467379700768651
1467379701178274
1467379701382631
1467379701586567
1467379701690254
1467379701895084
1467379701996242
1467379702200960
1467379702610668
1467379703431046
1467379703533463
1467379703635874
1467379703738223
1467379703941740
1467379704147833
1467379704455055
1467379705068172
1467379705171883
1467379705376687
1467379705477812
1467379705682822
1467379705887395
1467379705991047
1467379706092264
1467379706298280
1467379706399372
1467379706503086
1467379706706776
1467379706912625
1467379707013922
1467379707116254
1467379707219835
1467379707322276
1467379707527035
1467379707628285
1467379707733334
1467379707832984
1467379708140325
1467379708243835
1467379708346860
1467379708447653
1467379708549847
1467379708653520
1467379708754747
1467379708959506
1467379709061900
1467379709165652
1467379709676132
1467379709779881
1467379709984690
1467379710291858
1467379710802702
1467379710906243
1467379711008709
1467379711418277
1467379711725446
1467379711929359
1467379712340720
1467379712851885
1467379713056669
1467379713773694
1467379713978309
1467379714184693
1467379714285487
1467379714386652
1467379714695085
1467379714797506
1467379714898675
1467379715514316
1467379715615589
1467379715821436
1467379715923840
1467379716026302
1467379716128985
1467379716435878
1467379716538302
1467379716639943
1467379717152696
1467379717357451
1467379717562245
1467379717664721
1467379717767110
1467379717971857
1467379718482804
1467379718585086
1467379718791085
1467379718892337
1467379719303132
1467379719507902
1467379719815114
1467379720327055
1467379720429506
1467379720531412
1467379720634300
1467379721145111
1467379721248717
1467379721351572
1467379721453863
1467379721555880
1467379721657190
1467379722170320
1467379722783425
1467379722885889
1467379723090850
1467379723296773
1467379723399112
1467379723603923
1467379723807442
1467379724012463
1467379724114737
1467379724218778
1467379724524276
1467379724730390
1467379725037484
1467379725241048
1467379725343444
1467379725549529
1467379725651864
1467379725856713
1467379725959112
1467379726162624
1467379726266289
1467379726368718
1467379726470054
1467379726573496
1467379726674605
1467379726777246
1467379726983109
1467379727392706
1467379727597507
1467379727903717
1467379728007092
1467379728109530
1467379728211868
1467379728313277
1467379728519129
1467379728722988
1467379728825070
1467379728927905
1467379729133528
1467379729337052
1467379729541920
1467379729747918
1467379729951468
1467379730258674
1467379730362264
1467379730567130
1467379731283925
1467379731489240
1467379731591104
1467379731692581
1467379731897362
1467379732101927
1467379732205535
1467379732306628
1467379732410279
1467379732511485
1467379732615134
1467379732716468
1467379732818693
1467379733024716
1467379733125848
1467379733229549
1467379733330675
1467379733434340
1467379733535495
1467379733740502
1467379733843905
1467379733946298
1467379734151155
1467379734560718
1467379734663154
1467379734765533
1467379734866740
1467379734969106
1467379735072738
1467379735276247
1467379735379929
1467379735584752
1467379735788491
1467379735993156
1467379736096717
1467379736199084
1467379736303553
1467379736506362
1467379736709967
1467379736812947
1467379737018341
1467379737120766
1467379737223202
1467379737325135
1467379737426863
1467379737632702
1467379737837552
1467379738041504
1467379738144756
1467379738247140
1467379738450885
1467379738554370
1467379738757861
1467379739065158
1467379739167515
1467379739269905
1467379739475947
1467379739578382
1467379739679635
1467379739782073
1467379739885547
1467379739987917
1467379740090321
1467379740193964
1467379740293853
1467379740396525
1467379740499942
1467379740602360
1467379740703509
1467379740807104
1467379740908362
1467379741010634
1467379741113183
1467379741215512
1467379741421507
1467379741523951
1467379741626364
1467379741831157
1467379741933542
1467379742034719
1467379742137240
1467379742343152
1467379742444331
1467379742546741
1467379742649095
1467379742853850
1467379742957528
1467379743059967
1467379743162361
1467379743264771
1467379743366031
1467379743469564
1467379743570829
1467379743673074
1467379743981569
1467379744082845
1467379744185178
1467379744288719
1467379744391174
1467379744697189
1467379744903179
1467379745005591
1467379745106731
1467379745209284
1467379745413949
1467379745517866
1467379745619999
1467379745722350
1467379745823633
1467379745926013
1467379746029595
1467379746131968
1467379746336709
1467379746437893
1467379746541513
1467379746643924
1467379746745240
1467379746951183
1467379747053567
1467379747155959
1467379747258309
1467379747359869
1467379747463217
1467379747565607
1467379747666753
1467379747769155
1467379748076313
1467379748178713
1467379748383534
1467379748485947
1467379748691968
1467379748999196
1467379749100345
1467379749202736
1467379749305136
1467379749407805
1467379749509969
1467379749613577
1467379749715954
1467379749817320
1467379749920788
1467379750021913
1467379750127034
1467379750229181
1467379750330383
1467379750535199
1467379750637518
1467379751251991
1467379751354249
1467379751462365
1467379751664646
1467379751968786
1467379752070338
1467379752378409
1467379752480718
1467379752581948
1467379752684523
1467379753197762
1467379753299554
1467379753709571
1467379753913292
1467379754117949
1467379754220535
1467379754733529
1467379754834966
1467379754937168
1467379755143197
1467379755858919
1467379755962369
1467379756063699
1467379756167164
1467379756269622
1467379756370937
1467379756474356
1467379756679167
1467379757087525
1467379757191199
1467379757293558
1467379757395984
1467379757498437
1467379757599785
1467379757703189
1467379757907991
1467379758010347
1467379758112730
1467379758215201
1467379758317623
1467379758419950
1467379758521181
1467379758624828
1467379758727190
1467379759033178
1467379759136851
1467379759239222
1467379759340610
1467379759442758
1467379759648842
1467379759751216
1467379759854694
1467379759954741
1467379760057181
1467379760159529
1467379760261990
1467379760365140
1467379760467991
1467379760569246
1467379760673915
1467379760775227
1467379760877574
1467379760980016
1467379761082384
1467379761184826
1467379761287187
1467379761388388
1467379761491989
1467379761596542
1467379761695734
1467379761900333
1467379762003982
1467379762106287
1467379762208788
1467379762310089
1467379762412389
1467379762514781
1467379762618405
1467379762719600
1467379762822022
1467379762924538
1467379763026992
1467379763129219
1467379763231566
1467379763333994
1467379763538748
1467379763641316
1467379763743718
1467379763845952
1467379764255570
1467379764462614
1467379764562897
1467379764665513
1467379764767600
1467379764869954
1467379764974102
1467379765074822
1467379765178449
1467379765279602
1467379765383221
1467379765484557
1467379765689158
1467379766098805
1467379766202408
1467379766305054
1467379766405980
1467379766508616
1467379766610994
1467379766714410
1467379766815554
1467379766917974
1467379767122763
1467379767225224
1467379767430027
1467379767533223
1467379767636045
1467379767839599
1467379768146806
1467379768249202
1467379768351553
1467379768453972
1467379768556608
1467379768658824
1467379768761328
1467379768865113
1467379768966330
1467379769171123
1467379769273226
1467379769580381
1467379769682765
1467379769887568
1467379769991243
1467379770194825
1467379770298394
1467379770400829
1467379770503189
1467379770604497
1467379770810373
1467379770911882
