1467142033910548
1467142034012917
1467142034115335
1467142034217717
1467142034320142
1467142034422500
1467142034524924
1467142034627311
1467142034729819
1467142034832216
1467142034934601
1467142035036944
1467142035139327
1467142035241759
1467142035344125
1467142035548935
1467142035651367
1467142035753789
1467142035856189
1467142035958530
1467142036060961
1467142036163412
1467142036265818
1467142036368125
1467142036470606
1467142036572953
1467142036675355
1467142036777804
1467142036880161
1467142037084983
1467142037187395
1467142037289763
1467142037392151
1467142037494543
1467142037596941
1467142037699396
1467142037801777
1467142037904176
1467142038006594
1467142038108989
1467142038211371
1467142038313850
1467142038416228
1467142038518590
1467142038621038
1467142038723383
1467142038825776
1467142038928169
1467142039030596
1467142039133006
1467142039235408
1467142039337830
1467142039440182
1467142039542597
1467142039644977
1467142039747406
1467142039952248
1467142040054614
1467142040157014
1467142040259392
1467142040361790
1467142040464197
1467142040566613
1467142040669041
1467142040771404
1467142040873816
1467142040976224
1467142041078602
1467142041181017
1467142041283459
1467142041385798
1467142041488190
1467142041590638
1467142041693000
1467142041795411
1467142041897856
1467142042000222
1467142042102619
1467142042205065
1467142042307481
1467142042409878
1467142042512312
1467142042614627
1467142042717004
1467142042819484
1467142042921877
1467142043024242
1467142043126709
1467142043229041
1467142043331478
1467142043433824
1467142043536266
1467142043638689
1467142043843452
1467142043945841
1467142044048339
1467142044150651
1467142044253955
1467142044355457
1467142044457868
1467142044560241
1467142044662628
1467142044765071
1467142044867454
1467142044969866
1467142045072281
1467142045174674
1467142045277070
1467142045379523
1467142045481911
1467142045584256
1467142045686754
1467142045789111
1467142045891444
1467142045993852
1467142046096279
1467142046200721
1467142046301086
1467142046403456
1467142046505885
1467142046608257
1467142046710696
1467142046813134
1467142046915560
1467142047017885
1467142047120298
1467142047222689
1467142047325110
1467142047427496
1467142047529904
1467142047632290
1467142047734684
1467142047837095
1467142047939513
1467142048041888
1467142048144288
1467142048246761
1467142048349185
1467142048451545
1467142048553940
1467142048656305
1467142048758693
1467142048861099
1467142048963496
1467142049065940
1467142049168310
1467142049270705
1467142049373098
1467142049475533
1467142049577922
1467142049680300
1467142049782751
1467142049885106
1467142049987566
1467142050089892
1467142050192299
1467142050294730
1467142050397119
1467142050499533
1467142050601911
1467142050806743
1467142050911237
1467142051011521
1467142051114015
1467142051216418
1467142051318754
1467142051421137
1467142051523527
1467142051625986
1467142051728314
1467142051830744
1467142051933191
1467142052035535
1467142052137935
1467142052240366
1467142052342736
1467142052445235
1467142052547639
1467142052650035
1467142052752362
1467142052854735
1467142052957165
1467142053059629
1467142053161941
1467142053264366
1467142053366761
1467142053469187
1467142053571605
1467142053673981
1467142053776366
1467142053878777
1467142053981254
1467142054083575
1467142054185990
1467142054288385
1467142054393624
1467142054493165
1467142054595548
1467142054698027
1467142054800416
1467142054902826
1467142055005189
1467142055107598
1467142055210008
1467142055312377
1467142055414849
1467142055517178
1467142055619594
1467142055721982
1467142055824389
1467142056029272
1467142056131677
1467142056234039
1467142056336400
1467142056438846
1467142056541218
1467142056643602
1467142056746043
1467142056848378
1467142056950814
1467142057053229
1467142057155618
1467142057258011
1467142057360459
1467142057462905
1467142057565276
1467142057667667
1467142057770031
1467142057872429
1467142057974817
1467142058077220
1467142058179621
1467142058282112
1467142058384409
1467142058486839
1467142058589274
1467142058691626
1467142058794005
1467142058896508
1467142058998894
1467142059101238
1467142059203671
1467142059306084
1467142059408417
1467142059510813
1467142059613229
1467142059715732
1467142059818070
1467142059920454
1467142060022853
1467142060125255
1467142060227632
1467142060330121
1467142060432447
1467142060534861
1467142060637255
1467142060739655
1467142060842068
1467142060944446
1467142061046865
1467142061149242
1467142061251713
1467142061354085
1467142061456505
1467142061558847
1467142061661331
1467142061764658
1467142061866048
1467142061968445
1467142062070887
1467142062173280
1467142062276239
1467142062378059
1467142062480497
1467142062582886
1467142062685313
1467142062787696
1467142062890136
1467142062992503
1467142063094874
1467142063197255
1467142063299690
1467142063402066
1467142063504484
1467142063606888
1467142063709310
1467142063811669
1467142063914078
1467142064016472
1467142064118906
1467142064221308
1467142064323676
1467142064426096
1467142064528584
1467142064630975
1467142064733334
1467142064835753
1467142064938149
1467142065040512
1467142065142931
1467142065245275
1467142065347724
1467142065450861
1467142065552544
1467142065654963
1467142065757317
1467142065859704
1467142065962187
1467142066064593
1467142066166923
1467142066269358
1467142066371723
1467142066474128
1467142066576503
1467142066678921
1467142066781324
1467142066884309
1467142066986171
1467142067088514
1467142067190940
1467142067293323
1467142067395807
1467142067498211
1467142067600607
1467142067702982
1467142067805380
1467142067907734
1467142068010128
1467142068112558
1467142068214954
1467142068317379
1467142068419735
1467142068522193
1467142068624558
1467142068726967
1467142068829442
1467142068931881
1467142069034164
1467142069136544
1467142069238957
1467142069341341
1467142069443737
1467142069546166
1467142069648578
1467142069750958
1467142069853369
1467142069955770
1467142070058157
1467142070160560
1467142070262957
1467142070365369
1467142070467769
1467142070570183
1467142070675300
1467142070774987
1467142070877373
1467142070979886
1467142071082171
1467142071184619
1467142071287000
1467142071389361
1467142071491822
1467142071594173
1467142071697070
1467142071798983
1467142071901392
1467142072003805
1467142072106188
1467142072208596
1467142072311060
1467142072413455
1467142072515836
1467142072618231
1467142072720605
1467142072823018
1467142072925450
1467142073027776
1467142073232604
1467142073335006
1467142073437398
1467142073539842
1467142073642228
1467142073744698
1467142073847075
1467142073949438
1467142074051814
1467142074154223
1467142074359073
1467142074461404
1467142074563827
1467142074666273
1467142074768624
1467142074871034
1467142075075879
1467142075178217
1467142075280716
1467142075383001
1467142075485489
1467142075587830
1467142075690243
1467142075792622
1467142075895056
1467142075997462
1467142076099884
1467142076202227
1467142076304692
1467142076407040
1467142076509443
1467142076611834
1467142076714333
1467142076818011
1467142076919036
1467142077021426
1467142077123908
1467142077226232
1467142077328646
1467142077431044
1467142077533458
1467142077635888
1467142077738260
1467142077840636
1467142077943065
1467142078045469
1467142078250273
1467142078352711
1467142078455050
1467142078557827
1467142078659862
1467142078762273
1467142078864685
1467142078967050
1467142079069462
1467142079171871
1467142079274295
1467142079376661
1467142079479161
1467142079581581
1467142079683946
1467142079786304
1467142079991139
1467142080093490
1467142080195953
1467142080298312
1467142080400681
1467142080503100
1467142080605520
1467142080707896
1467142080810282
1467142080912748
1467142081015086
1467142081117480
1467142081219911
1467142081426779
1467142081527099
1467142081629483
1467142081731935
1467142081834357
1467142081936707
1467142082039161
1467142082141580
1467142082243943
1467142082346397
1467142082551132
1467142082653543
1467142082755921
1467142082858368
1467142083063126
1467142083165567
1467142083267915
1467142083370327
1467142083472730
1467142083677543
1467142083780017
1467142083882385
1467142083984783
1467142084189549
1467142084291969
1467142084496764
1467142084599146
1467142084702441
1467142084803951
1467142085008751
1467142085111243
1467142085213620
1467142085315957
1467142085418343
1467142085520769
1467142085623166
1467142085827973
1467142085930341
1467142086135198
1467142086237550
1467142086339989
1467142086442376
1467142086647193
1467142086749553
1467142086852009
1467142086954566
1467142087056781
1467142087159153
1467142087261666
1467142087466397
1467142087568787
1467142087671218
1467142087773572
1467142087875987
1467142087978379
1467142088080763
1467142088285590
1467142088490401
1467142088592777
1467142088797653
1467142088900016
1467142089002448
1467142089106637
1467142089309593
1467142089412069
1467142089514398
1467142089616869
1467142089719210
1467142089923995
1467142090026488
1467142090231216
1467142090333625
1467142090436027
1467142090538413
1467142090640805
1467142090743232
1467142090845628
1467142090948022
1467142091050437
1467142091152803
1467142091255219
1467142091357672
1467142091562505
1467142091869623
1467142091972093
1467142092074503
1467142092176827
1467142092279231
1467142092381650
1467142092484047
1467142092586460
1467142092688823
1467142092791239
1467142092893664
1467142092996145
1467142093200933
1467142093303306
1467142093405667
1467142093508107
1467142093610451
1467142093712866
1467142093815301
1467142093917674
1467142094020079
1467142094124299
1467142094224843
1467142094327340
1467142094429717
1467142094532111
1467142094634512
1467142094736881
1467142094839274
1467142094941656
1467142095044120
1467142095146461
1467142095248925
1467142095351323
1467142095453656
1467142095658503
1467142095863347
1467142095965719
1467142096170529
1467142096272880
1467142096375282
1467142096477758
1467142096580131
1467142096682472
1467142096784901
1467142097092090
1467142097194523
1467142097296976
1467142097399342
1467142097501715
1467142097604109
1467142097706515
1467142097808910
1467142097911304
1467142098013731
1467142098116174
1467142098218528
1467142098320890
1467142098423298
1467142098525699
1467142098628176
1467142098730601
1467142098935330
1467142099037725
1467142099141650
1467142099242509
1467142099447299
1467142099549799
1467142099652177
1467142099754543
1467142099856934
1467142099959326
1467142100061792
1467142100164200
1467142100266544
1467142100368960
1467142100471341
1467142100573802
1467142100676134
1467142100778671
1467142100880941
1467142100983343
1467142101085738
1467142101188145
1467142101290561
1467142101392940
1467142101597818
1467142101700240
1467142101802557
1467142101904973
1467142102007354
1467142102109758
1467142102212244
1467142102314629
1467142102416969
1467142102621765
1467142102724162
1467142102826569
1467142102928964
1467142103031376
1467142103133793
1467142103236191
1467142103338564
1467142103543465
1467142103645854
1467142103748217
1467142103851306
1467142103953032
1467142104055391
1467142104157780
1467142104260296
1467142104362617
1467142104465005
1467142104567420
1467142104669797
1467142104772189
1467142104874575
1467142104977117
1467142105181813
1467142105284195
1467142105386612
1467142105489020
1467142105591383
1467142105693811
1467142105796179
1467142106001001
1467142106103420
1467142106308202
1467142106410678
1467142106513087
1467142106615484
1467142106717831
1467142106820221
1467142106922621
1467142107127420
1467142107229806
1467142107332283
1467142107434605
1467142107537007
1467142107639416
1467142107741822
1467142107844313
1467142107946719
1467142108049039
1467142108151427
1467142108253865
1467142108356233
1467142108458626
1467142108663432
1467142108765821
1467142108970640
1467142109073066
1467142109277891
1467142109380303
1467142109482681
1467142109585064
1467142109687461
1467142109789825
1467142109892244
1467142110097061
1467142110199476
1467142110301894
1467142110404288
1467142110506686
1467142110609055
1467142110711553
1467142110813893
1467142110916266
1467142111121081
1467142111223490
1467142111428384
1467142111633082
1467142111736203
1467142111837898
1467142111940291
1467142112042757
1467142112145183
1467142112247581
1467142112349869
1467142112452290
1467142112554681
1467142112657089
1467142112759603
1467142112861879
1467142112964314
1467142113066699
1467142113169099
1467142113271517
1467142113373890
1467142113476285
1467142113578684
1467142113681189
1467142113783551
1467142113885898
1467142113988356
1467142114090691
1467142114193117
1467142114295572
1467142114397920
1467142114500322
1467142114602720
1467142114705192
1467142114807496
1467142114909986
1467142115012400
1467142115114708
1467142115217123
1467142115421921
1467142115524306
1467142115626788
1467142115729158
1467142115831526
1467142115933927
1467142116036307
1467142116138740
1467142116241116
1467142116343603
1467142116446009
1467142116548361
1467142116650755
1467142116753180
1467142116855520
1467142116957947
1467142117060331
1467142117265159
1467142117367554
1467142117572344
1467142117674743
1467142117777231
1467142117879564
1467142117981995
1467142118084407
1467142118186803
1467142118289147
1467142118391537
1467142118494029
1467142118596396
1467142118698754
1467142118903578
1467142119005956
1467142119108371
1467142119210838
1467142119313282
1467142119415661
1467142119517956
1467142119620370
1467142119722826
1467142119825178
1467142119927576
1467142120029977
1467142120132368
1467142120234769
1467142120337183
1467142120439557
1467142120542091
1467142120644452
1467142120746856
1467142120849199
1467142120951622
1467142121054020
1467142121156396
1467142121258897
1467142121361255
1467142121463579
1467142121565999
1467142121668391
1467142121770812
1467142121975577
1467142122078080
1467142122180396
1467142122282792
1467142122385184
1467142122487647
1467142122590013
1467142122692408
1467142122794903
1467142122897297
1467142123204425
1467142123306823
1467142123409324
1467142123511673
1467142123615925
1467142123716408
1467142123818828
1467142123921323
1467142124023633
1467142124126032
1467142124228451
1467142124330808
1467142124433228
1467142124535628
1467142124638016
1467142124740413
1467142124842923
1467142124945351
1467142125050386
1467142125151496
1467142125252507
1467142125354841
1467142125457243
1467142125559746
1467142125662142
1467142125764430
1467142125866837
1467142125969226
1467142126071731
1467142126174064
1467142126276487
1467142126378917
1467142126481344
1467142126583673
1467142126686141
1467142126788458
1467142126890852
1467142126993344
1467142127095748
1467142127198074
1467142127300451
1467142127402866
1467142127505266
1467142127607669
1467142127710067
1467142127812544
1467142127914876
1467142128017270
1467142128119663
1467142128222068
1467142128324530
1467142128428463
1467142128529371
1467142128631665
1467142128734066
1467142128836496
1467142128938883
1467142129041307
1467142129143764
1467142129246261
1467142129351142
1467142129450885
1467142129553309
1467142129655696
1467142129758080
1467142129860654
1467142129962891
1467142130065351
1467142130167696
1467142130270079
1467142130372562
1467142130474889
1467142130577388
1467142130679696
1467142130782126
1467142130884525
1467142130986906
1467142131089290
1467142131191730
1467142131294209
1467142131396555
1467142131498942
1467142131601321
1467142131706486
1467142131806157
1467142131908502
1467142132010908
1467142132113417
1467142132215726
1467142132318115
1467142132420557
1467142132522995
1467142132625310
1467142132727796
1467142132830153
1467142132932518
1467142133034975
1467142133137347
1467142133239790
1467142133342130
1467142133444558
1467142133547020
1467142133649329
1467142133751757
1467142133854130
1467142133956570
1467142134058951
1467142134161416
1467142134366177
1467142134468571
1467142134673344
1467142134775742
1467142134878238
1467142134981254
1467142135082937
1467142135185371
1467142135287751
1467142135390157
1467142135492570
1467142135697464
1467142135799745
1467142136004563
1467142136106956
1467142136209530
1467142136311778
1467142136414158
1467142136516561
1467142136618963
1467142136721398
1467142136823781
1467142136926255
1467142137131008
1467142137233374
1467142137335782
1467142137438168
1467142137540588
1467142137643084
1467142137745446
1467142137847793
1467142137950208
1467142138154983
1467142138257387
1467142138359800
1467142138462267
1467142138564585
1467142138666974
1467142138769481
1467142138871791
1467142138974188
1467142139076703
1467142139179002
1467142139281396
1467142139383810
1467142139486221
1467142139588616
1467142139690994
1467142139793392
1467142139998220
1467142140100606
1467142140203105
1467142140305469
1467142140407811
1467142140510212
1467142140612607
1467142140715023
1467142140817418
1467142140919823
1467142141022219
1467142141124726
1467142141329431
1467142141431812
1467142141534224
1467142141636654
1467142141739101
1467142141841439
1467142141943837
1467142142148622
1467142142251026
1467142142353446
1467142142455851
1467142142558278
1467142142660775
1467142142763126
1467142142967853
1467142143070275
1467142143172700
1467142143275048
1467142143377541
