1467284500257475
1467284500359882
1467284500462229
1467284500668211
1467284500769492
1467284500871895
1467284500974227
1467284501076633
1467284501179902
1467284501281457
1467284501383886
1467284501486217
1467284501588663
1467284501691064
1467284501793473
1467284501898103
1467284501999460
1467284502100663
1467284502305499
1467284502408142
1467284502511810
1467284502612620
1467284502715062
1467284502817455
1467284502920081
1467284503022248
1467284503124647
1467284503227041
1467284503329593
1467284503534251
1467284503637502
1467284503739042
1467284503841435
1467284503943834
1467284504046322
1467284504148695
1467284504251535
1467284504353440
1467284504455856
1467284504558227
1467284504660644
1467284504763021
1467284504865438
1467284504967830
1467284505070247
1467284505172639
1467284505275041
1467284505377433
1467284505479778
1467284505582249
1467284505684649
1467284505889414
1467284505991810
1467284506094226
1467284506196568
1467284506299026
1467284506401419
1467284506503810
1467284506606225
1467284506708633
1467284506913390
1467284507016526
1467284507118207
1467284507220577
1467284507323003
1467284507425414
1467284507527743
1467284508244585
1467284508346974
1467284508449407
1467284508551792
1467284508654214
1467284508756584
1467284509063768
1467284509780547
1467284509985379
1467284510087789
1467284510190168
1467284510394981
1467284510599903
1467284511930960
1467284512033358
1467284512135712
1467284512238139
1467284512340544
1467284512442974
1467284512649046
1467284512954961
1467284513159753
1467284513364545
1467284513467068
1467284513672505
1467284513774181
1467284513876572
1467284514081499
1467284514183734
1467284514286545
1467284514388457
1467284514593291
1467284514696516
1467284514900521
1467284515002917
1467284515105336
1467284515207727
1467284515412464
1467284515514922
1467284515617296
1467284515719748
1467284515822143
1467284515924522
1467284516026918
1467284516129259
1467284516231713
1467284516436653
1467284516538914
1467284516846062
1467284516948592
1467284517050898
1467284517358105
1467284517460546
1467284517570664
1467284517767712
1467284517870116
1467284518177294
1467284518279631
1467284518484500
1467284518586924
1467284518689295
1467284518791794
1467284518996438
1467284519303697
1467284519406088
1467284519508479
1467284519611544
1467284519713231
1467284519815711
1467284519918088
1467284520020452
1467284520122819
1467284520225276
1467284520327683
1467284520430028
1467284521351668
1467284521556484
1467284521658881
1467284521761284
1467284521863672
1467284521966067
1467284522068473
1467284522171549
1467284522375666
1467284522478046
1467284522580414
1467284522785257
1467284522887665
1467284522990056
1467284523092402
1467284523194784
1467284523297276
1467284523399649
1467284523502045
1467284523706852
1467284523809239
1467284523911634
1467284524015844
1467284524116735
1467284524321233
1467284524425288
1467284524628453
1467284524731509
1467284524833237
1467284524935632
1467284525038025
1467284525140437
1467284525242797
1467284525550023
1467284525652421
1467284525754783
1467284526066546
1467284526164422
1467284526266816
1467284526370981
1467284526574005
1467284526676356
1467284526778773
1467284526881219
1467284526983606
1467284527086005
1467284527188367
1467284527290839
1467284527393221
1467284527598004
1467284527700354
1467284527802797
1467284527905196
1467284528007779
1467284528110010
1467284528212343
1467284528314796
1467284528417193
1467284528519592
1467284528621988
1467284528727375
1467284528826808
1467284528929129
1467284529031596
1467284529133985
1467284529236399
1467284529338783
1467284529441195
1467284529544190
1467284529649969
1467284529749855
1467284529850719
1467284529953187
1467284530055599
1467284530157985
1467284530362737
1467284530465171
1467284530567583
1467284530772393
1467284530874786
1467284530977185
1467284531079524
1467284531181961
1467284531284376
1467284531386756
1467284531491459
1467284531591573
1467284531693983
1467284531796491
1467284531898762
1467284532001317
1467284532103568
1467284532205966
1467284532308371
1467284532410755
1467284532513112
1467284532615547
1467284532717957
1467284532820381
1467284532922754
1467284533025173
1467284533127546
1467284533229887
1467284533332357
1467284533434766
1467284533537169
1467284533640782
1467284533741909
1467284533844338
1467284533946697
1467284534049132
1467284534151671
1467284534254875
1467284534356568
1467284534458740
1467284534561568
1467284534663482
1467284534766568
1467284534871544
1467284534970734
1467284535073144
1467284535175542
1467284535277923
1467284535380320
1467284535482739
1467284535585131
1467284535687527
1467284535789920
1467284535892323
1467284535994714
1467284536097105
1467284536199541
1467284536301943
1467284536404314
1467284536506729
1467284536609137
1467284536711512
1467284536813886
1467284536916329
1467284537019758
1467284537125491
1467284537223501
1467284537325911
1467284537428321
1467284537530714
1467284537633060
1467284537735509
1467284537837908
1467284537940299
1467284538042702
1467284538145113
1467284538247501
1467284538350548
1467284538452277
1467284538554697
1467284538759491
1467284538864089
1467284539169091
1467284539271568
1467284539373901
1467284539478510
1467284539578661
1467284539681090
1467284539783672
1467284539886565
1467284539988884
1467284540090691
1467284540193096
1467284540295420
1467284540397881
1467284540500463
1467284540602816
1467284541012251
1467284541114675
1467284541217195
1467284541319468
1467284541421865
1467284541524259
1467284541626674
1467284541729030
1467284541831516
1467284541933860
1467284542036568
1467284542138652
1467284542242549
1467284542343460
1467284542445802
1467284542548259
1467284542650653
1467284542753051
1467284542855466
1467284542957861
1467284543060270
1467284543162628
1467284543265053
1467284543367442
1467284543470502
1467284543572208
1467284543674677
1467284543777050
1467284543879397
1467284543981841
1467284544084194
1467284544186634
1467284544391463
1467284544493835
1467284544596515
1467284544698585
1467284544801571
1467284544903441
1467284545005841
1467284545108238
1467284545210629
1467284545313002
1467284545415425
1467284545517820
1467284545620177
1467284545722633
1467284545825061
1467284545927425
1467284546029781
1467284546132218
1467284546234615
1467284546336990
1467284546439421
1467284546541953
1467284546644213
1467284546746565
1467284546851565
1467284546951440
1467284547053777
1467284547156217
1467284547360979
1467284547566597
1467284547668214
1467284547770612
1467284547975490
1467284548180195
1467284548385009
1467284548487421
1467284548589826
1467284548692159
1467284548795328
1467284548896962
1467284548999403
1467284549204197
1467284549306590
1467284549511347
1467284549921571
1467284550023385
1467284550125908
1467284550228175
1467284550330564
1467284550432985
1467284550535382
1467284550740176
1467284550842573
1467284550944987
1467284551047383
1467284551252176
1467284551354571
1467284551456979
1467284551559376
1467284551866584
1467284551968994
1467284552071309
1467284552378525
1467284552481572
1467284552685885
1467284552788156
1467284552890555
1467284552995092
1467284553095423
1467284553402521
1467284553504959
1467284553607348
1467284553709739
1467284553812137
1467284553914549
1467284554119338
1467284554221736
1467284554324139
1467284554426545
1467284554528899
1467284554631340
1467284554733747
1467284554836313
1467284554938503
1467284555041577
1467284555143323
1467284555348133
1467284555757734
1467284555860131
1467284555962484
1467284556679307
1467284556781698
1467284556986577
1467284557192321
1467284557293743
1467284557396069
1467284558010509
1467284558112839
1467284558218408
1467284558420101
1467284558738269
1467284558830405
1467284558932041
1467284559444053
1467284559546554
1467284559648888
1467284559853679
1467284559956544
1467284560160887
1467284560268502
1467284560366049
1467284560468073
1467284560570617
1467284560673443
1467284560980019
1467284561082598
1467284561184906
1467284561287516
1467284561389676
1467284561800571
1467284562311563
1467284562413627
1467284562516221
1467284562618469
1467284562823257
1467284563028049
1467284563540058
1467284563642446
1467284563744857
1467284564052007
1467284564154420
1467284564256861
1467284564768868
1467284564871257
1467284564973768
1467284565076047
1467284565178371
1467284565280840
1467284565383249
1467284565485588
1467284565588030
1467284565690443
1467284565792826
1467284565895176
1467284565997569
1467284566202450
1467284566307491
1467284566407727
1467284566509598
1467284566611978
1467284566714425
1467284566816824
1467284566919235
1467284567021615
1467284567226407
1467284567431595
1467284567533618
1467284567741267
1467284567943201
1467284568045537
1467284568148012
1467284568250380
1467284568352805
1467284568455196
1467284568659997
1467284568762364
1467284568864764
1467284568967200
1467284569171992
1467284569376804
1467284569479142
1467284569683992
1467284569786386
1467284569991211
1467284570093602
1467284570199676
1467284570401602
1467284570503178
1467284570707993
1467284571015177
1467284571117575
1467284571219988
1467284571527173
1467284571629537
1467284571731979
1467284571834364
1467284571936761
1467284572039110
1467284572141597
1467284572243967
1467284572346309
1467284572858369
1467284572960759
1467284573575187
1467284573779909
1467284573984743
1467284574087139
1467284574291949
1467284574394766
1467284574496682
1467284574701539
1467284575009261
1467284575214324
1467284575418339
1467284575628097
1467284575725535
1467284576442330
1467284577363908
1467284577466307
1467284577568726
1467284578490280
1467284578799055
1467284579924568
1467284580128649
1467284580234864
1467284580333500
1467284580436645
1467284580538294
1467284580641202
1467284581870492
1467284582381407
1467284583099847
1467284583610217
1467284583712597
1467284584019846
1467284584736650
1467284585351032
1467284585556372
1467284585862977
1467284586067783
1467284586272641
1467284586375614
1467284586477431
1467284586887040
1467284587091763
1467284587194219
1467284587501427
1467284587603824
1467284587808619
1467284587911017
1467284588013412
1467284588115803
1467284588220198
1467284588934994
1467284589651731
1467284589856603
1467284589958995
1467284590061389
1467284590163787
1467284590266178
1467284590368579
1467284590470993
1467284590573366
1467284590675784
1467284591297203
1467284591392590
1467284591494970
1467284591699723
1467284591803620
1467284591904577
1467284592006978
1467284592109371
1467284592314111
1467284592416578
1467284592518974
1467284592621369
1467284592723788
1467284592928559
1467284593133805
1467284593235732
1467284593449746
1467284593542953
1467284593645354
1467284593747746
1467284593850144
1467284593952558
1467284594054892
1467284594159721
1467284594259760
1467284594362096
1467284594464553
1467284594569247
1467284594680268
1467284594874145
1467284594976538
1467284595080290
1467284595488538
1467284595693429
1467284595795677
1467284595898120
1467284596000525
1467284596102930
1467284596205334
1467284596307721
1467284596410136
1467284596512474
1467284596615034
1467284596717328
1467284596819873
1467284596922119
1467284597024518
1467284597126909
1467284597229286
1467284597331743
1467284597434132
1467284597536642
1467284597742179
1467284597946059
1467284598048484
1467284598151621
1467284598253300
1467284598355714
1467284598458098
1467284598560513
1467284598662865
1467284598765307
1467284598869268
1467284598970101
1467284599174838
1467284599379648
1467284599584512
1467284599686914
1467284599791538
1467284599891702
1467284599994065
1467284600096438
1467284600198890
1467284600403680
1467284600506082
1467284600608509
1467284600710896
1467284600813231
1467284600915685
1467284601018036
1467284601120476
1467284601222856
1467284601325270
1467284601427753
1467284601531654
1467284601632475
1467284601734878
1467284601837265
1467284601939677
1467284602042080
1467284602144473
1467284602246824
1467284602349268
1467284602451635
1467284602554056
1467284602656479
1467284602758869
1467284602861265
1467284602966644
1467284603271278
1467284603373269
1467284603475646
1467284603578070
1467284603680424
1467284603785526
1467284603885267
1467284603987645
1467284604090064
1467284604192396
1467284604294789
1467284604397243
1467284604499660
1467284604602054
1467284604909203
1467284605013506
1467284605114051
1467284605216429
1467284605319894
1467284605421260
1467284605523690
1467284605728433
1467284605831594
1467284606035639
1467284606137996
1467284606240436
1467284606345626
1467284606445202
1467284606547578
1467284606650509
1467284606752434
1467284607059621
1467284607162034
1467284607264499
1467284607469223
1467284607571624
1467284607674014
1467284607776414
1467284607878767
1467284607981641
1467284608083600
1467284608190103
1467284608288415
1467284608390823
1467284608493228
1467284608595557
1467284608697997
1467284608800413
1467284608902813
1467284609005538
1467284609107601
1467284609210268
1467284609414778
1467284609517336
1467284609926785
1467284610029141
1467284610131601
1467284610236645
1467284610438791
1467284610541196
1467284611053150
1467284611155677
1467284611565185
1467284611667762
1467284611769975
1467284612179520
1467284612691644
1467284613310224
1467284613613088
1467284614227559
1467284614329914
1467284614739541
1467284615251674
1467284616070728
1467284616174852
1467284616277624
1467284616377943
1467284616787531
1467284616891306
1467284616992330
1467284617606725
1467284618016866
1467284618118934
1467284618224022
1467284618528236
1467284619040312
1467284619245045
1467284619449893
1467284619552315
1467284619654723
1467284620166685
1467284620371504
1467284620781674
1467284620883496
1467284621088249
1467284621190687
1467284621293096
1467284621497840
1467284621600516
1467284621702608
1467284621805058
1467284621907475
1467284622009878
1467284622112216
1467284622214935
1467284622317812
1467284622419481
1467284622521871
1467284622624268
1467284622726604
1467284622829015
1467284622931682
1467284623136255
1467284623238676
1467284623342219
1467284623545792
1467284623648252
1467284623750686
1467284623853062
1467284623955456
1467284624057806
1467284624160249
1467284624262590
1467284624365010
1467284624569875
1467284624672263
1467284624774644
1467284624877436
1467284624979395
1467284625081850
1467284625184871
1467284625286645
1467284625389042
1467284625492039
1467284625596759
1467284625696203
1467284625798663
1467284625901140
1467284626003446
1467284626105832
1467284626208238
1467284626310628
1467284626412973
1467284626515435
1467284626617831
1467284626720230
1467284626822626
1467284626925019
1467284627027435
1467284627129788
1467284627232228
1467284627334629
1467284627437631
1467284627539421
1467284627641811
1467284627744228
1467284627846550
1467284627949023
1467284628051435
1467284628153819
1467284628256223
1467284628358613
1467284628461296
1467284628563343
1467284628665811
1467284628768206
1467284628870568
1467284629075354
1467284629177800
1467284629280149
1467284629382601
1467284629485003
1467284629587417
1467284629689810
1467284629792186
1467284629894606
1467284629996950
1467284630099398
1467284630201790
1467284630304193
1467284630406679
1467284630508954
1467284630611364
1467284630713811
1467284630816188
1467284630918580
1467284631020950
1467284631123377
1467284631225774
1467284631328179
1467284631430584
1467284631536940
1467284631635401
1467284631737776
1467284631840141
1467284631942583
1467284632044994
1467284632147512
1467284632249774
1467284632353819
1467284632454563
1467284632556962
1467284632659374
1467284632761779
1467284632864167
1467284633068956
1467284633171356
1467284633273710
1467284633376151
1467284633478506
1467284633580960
1467284633683379
1467284633785753
1467284633888164
1467284633990501
1467284634092961
1467284634195303
1467284634297754
1467284634400149
1467284634502564
1467284634604963
1467284634709420
1467284634809754
1467284634912111
1467284635014560
1467284635116984
1467284635219338
1467284635321733
1467284635425383
1467284635526606
1467284635628906
1467284635731336
1467284635833733
1467284635936128
1467284636038562
1467284636140936
1467284636243337
1467284636345669
1467284636450784
1467284636550501
1467284636655418
1467284636857731
1467284636960139
1467284637062460
1467284637164937
1467284637267315
1467284637369712
1467284637472129
1467284637574481
1467284637676916
1467284637782353
1467284637881709
1467284637984124
1467284638086525
1467284638188957
1467284638291912
1467284638393711
1467284638496061
1467284638598503
1467284638700899
1467284638803315
1467284638905732
1467284639010259
1467284639212842
1467284639315293
1467284639417708
1467284639520131
1467284639622509
1467284639725978
1467284639827310
1467284639929648
1467284640032058
1467284640134504
1467284640236905
1467284640339319
1467284640441692
1467284640544088
1467284640648026
1467284640748880
1467284640851669
1467284640953691
1467284641056650
1467284641158457
1467284641260836
1467284641363393
1467284641465685
1467284641568117
1467284641670439
1467284641772893
1467284641875290
1467284641977685
1467284642080040
1467284642182484
1467284642284896
1467284642387304
1467284642489688
1467284642592066
1467284642796832
1467284642899292
1467284643001694
1467284643104021
