1467256233761501
1467256233782816
1467256233863314
1467256233885210
1467256234294854
1467256234508878
1467256234610997
1467256234713609
1467256234886061
1467256234909249
1467256234989694
1467256235011608
1467256235092314
1467256235114088
1467256235296894
1467256235318858
1467256235399294
1467256235510874
1467256235523630
1467256235737315
1467256236116546
1467256236138090
1467256236218606
1467256236240464
1467256236321103
1467256236547711
1467256236633022
1467256236650073
1467256236964483
1467256237343122
1467256237366920
1467256237447338
1467256237469338
1467256237857194
1467256237878938
1467256238090851
1467256238493393
1467256238573528
1467256238595776
1467256238673950
1467256238698186
1467256238902982
1467256239005411
1467256239085715
1467256239107743
1467256239319689
1467256239700144
1467256239722133
1467256239802565
1467256239824490
1467256239906983
1467256240109874
1467256240131757
1467256240234129
1467256240951015
1467256241030163
1467256241053380
1467256241360770
1467256241441377
1467256241463001
1467256241782005
1467256242077389
1467256242155811
1467256242179836
1467256242260440
1467256242282186
1467256242487056
1467256242567691
1467256242669770
1467256242691841
1467256243287275
1467256243306220
1467256243384632
1467256243408650
1467256243489165
1467256243511068
1467256244511525
1467256244535090
1467256244615405
1467256244637478
1467256244717796
1467256244944727
1467256245024957
1467256245047125
1467256245739739
1467256245763882
1467256245844233
1467256245866336
1467256246151585
1467256246173421
1467256246275897
1467256246890272
1467256246970775
1467256246992715
1467256247073316
1467256247095126
1467256247299948
1467256247380565
1467256247402340
1467256247485024
1467256247504732
1467256248094828
1467256248199442
1467256248221822
1467256248301855
1467256248323916
1467256248609026
1467256248631217
1467256249326193
1467256249347986
1467256249450398
1467256249530592
1467256249757571
1467256249860016
1467256250175473
1467256250552484
1467256250657239
1467256250679189
1467256250964317
1467256250986470
1467256251068022
1467256251088885
1467256251703243
1467256251782081
1467256251805691
1467256251886047
1467256251908030
1467256252112880
1467256252215321
1467256252295838
1467256252317699
1467256252909884
1467256252932013
1467256253009961
1467256253034442
1467256253115109
1467256253341637
1467256253421885
1467256253444065
1467256254138715
1467256254239886
1467256254263300
1467256254548296
1467256254570507
1467256254650721
1467256254672875
1467256255287325
1467256255367265
1467256255389738
1467256255492090
1467256255674680
1467256255696946
1467256255777127
1467256255799356
1467256255901737
1467256256492359
1467256256516170
1467256256596359
1467256256618569
1467256256698779
1467256256903652
1467256256925746
1467256257028175
1467256257108311
1467256257721047
1467256257828213
1467256257847404
1467256258132358
1467256258154625
1467256258234705
1467256258256963
1467256258871389
1467256258949525
1467256258973782
1467256259053967
1467256259076259
1467256259280965
1467256259383403
1467256259485798
1467256260075586
1467256260100217
1467256260177987
1467256260202613
1467256260280382
1467256260305045
1467256260485157
1467256260509819
1467256260587571
1467256260612235
1467256260692394
1467256260714611
1467256261304350
1467256261329052
1467256261406742
1467256261431468
1467256261509153
1467256261739234
1467256262533191
1467256262557851
1467256262635585
1467256262660312
1467256263045172
1467256263069904
1467256263486234
1467256263684343
1467256263764235
1467256263786707
1467256263864382
1467256263889134
1467256264093965
1467256264171569
1467256264196343
1467256264273929
1467256264298721
1467256264888363
1467256264913176
1467256264990736
1467256265015579
1467256265093152
1467256265118017
1467256265297935
1467256265402883
1467256265502775
1467256266117182
1467256266141925
1467256266219571
1467256266244365
1467256266526848
1467256266551562
1467256266631739
1467256266653943
1467256267345966
1467256267370800
1467256267450943
1467256267473150
1467256267780351
1467256267860542
1467256267882799
1467256268094254
1467256268197520
1467256268300556
1467256268472330
1467256268497165
1467256268599635
1467256268679669
1467256268702031
1467256268881929
1467256268906774
1467256269009197
1467256269086776
1467256269111655
1467256269701442
1467256269804673
1467256269828421
1467256269906588
1467256270215896
1467256270929966
1467256270954909
1467256271032306
1467256271057261
1467256271339497
1467256271364482
1467256271442050
1467256271466927
1467256271679943
1467256271883057
1467256272081313
1467256272158712
1467256272183760
1467256272261175
1467256272286094
1467256272465904
1467256272570921
1467256272593302
1467256272695715
1467256273012629
1467256273285154
1467256273310069
1467256273387509
1467256273412536
1467256273489931
1467256273514927
1467256273694708
1467256273719694
1467256274238611
1467256274513992
1467256274538971
1467256274641327
1467256274923524
1467256275025968
1467256275050970
1467256275262268
1467256275364699
1467256275467803
1467256275665375
1467256275742758
1467256275767804
1467256275845234
1467256275870137
1467256276074972
1467256276152374
1467256276177411
1467256276254763
1467256276279825
1467256276491055
1467256276593450
1467256276695909
1467256276869172
1467256276894210
1467256276971556
1467256276996671
1467256277075342
1467256277099052
1467256277278823
1467256277303851
1467256277381132
1467256277483548
1467256277822323
1467256278098002
1467256278123066
1467256278200364
1467256278225462
1467256278507492
1467256278532695
1467256278635106
1467256278948717
1467256279051110
1467256279326738
1467256279351866
1467256279429131
1467256279454230
1467256279659042
1467256279736361
1467256279761471
1467256279838757
1467256279863869
1467256280177493
1467256280279882
1467256280453096
1467256280478300
1467256280555550
1467256280580700
1467256280660092
1467256280683098
1467256280862724
1467256280887913
1467256280965158
1467256280990261
1467256281067551
1467256281092718
1467256281303951
1467256281406289
1467256281682069
1467256281709174
1467256281786827
1467256281809486
1467256281889257
1467256282091781
1467256282194131
1467256282532737
1467256282635091
1467256282913323
1467256282935942
1467256283015805
1467256283345574
1467256283422770
1467256283659133
1467256283761523
1467256283863953
1467256284062375
1467256284142655
1467256284164821
1467256284243527
1467256284267222
1467256284472033
1467256284554634
1467256284652322
1467256284676821
1467256284990307
1467256285092772
1467256285266528
1467256285291221
1467256285369512
1467256285393597
1467256285473326
1467256285496009
1467256285677531
1467256285779256
1467256285885534
1467256286116772
1467256286219119
1467256286503950
1467256286520039
1467256286599986
1467256286622442
1467256286910068
1467256287008980
1467256287345540
1467256287447968
1467256287723514
1467256287748881
1467256287826512
1467256287851255
1467256288134385
1467256288236722
1467256288471898
1467256288574329
1467256288676782
1467256288849909
1467256288875278
1467256288954497
1467256288977659
1467256289080067
1467256289284912
1467256289481079
1467256289700783
1467256289803201
1467256290078782
1467256290104144
1467256290182195
1467256290206478
1467256290489334
1467256290616160
1467256290929595
1467256291230520
1467256291307506
1467256291333002
1467256291414246
1467256291435389
1467256291824674
1467256292055996
1467256292158345
1467256292260800
1467256292434136
1467256292459367
1467256292537177
1467256292561764
1467256292638887
1467256292664160
1467256292971387
1467256293051949
1467256293284801
1467256293387227
1467256293664383
1467256293688204
1467256293765825
1467256293790574
1467256293867533
1467256294178424
1467256294513622
1467256294616013
1467256294892474
1467256294917017
1467256294995513
1467256295019456
1467256295326673
1467256295742357
1467256295848158
1467256296043430
1467256296124895
1467256296145875
1467256296225552
1467256296248283
1467256296429377
1467256296657862
1467256296971221
1467256297249200
1467256297272325
1467256297351269
1467256297374684
1467256297451534
1467256297656761
1467256297861659
1467256298097639
1467256298201031
1467256298478634
1467256298501098
1467256298579664
1467256298603496
1467256298886558
1467256298910951
1467256298987898
1467256299013098
1467256299326411
1467256299428851
1467256299627508
1467256299706807
1467256299729949
1467256299808799
1467256299832351
1467256300216358
1467256300452856
1467256300555244
1467256300657697
1467256300834076
1467256300856388
1467256300934597
1467256300958761
1467256301054993
1467256301250259
1467256301265995
1467256301455598
1467256302059644
1467256302085213
1467256302164844
1467256302187642
1467256302265868
1467256302910405
1467256303012815
1467256303211635
1467256303288326
1467256303314056
1467256303392971
1467256303416457
1467256303621227
1467256304036873
1467256304139243
1467256304241661
1467256304414683
1467256304440452
1467256304517199
1467256304542888
1467256304619843
1467256304645315
1467256304824549
1467256304927096
1467256305265700
1467256305368079
1467256305643535
1467256305669266
1467256305745935
1467256305771661
1467256305850696
1467256306053141
1467256306078890
1467256306158979
1467256306181314
1467256306503499
1467256306603395
1467256306873582
1467256306898101
1467256306974680
1467256307000523
1467256307205251
1467256307284917
1467256307307678
1467256307384911
1467256307410120
1467256307625823
1467256307723226
1467256307828037
1467256307998816
1467256308024488
1467256308101163
1467256308126912
1467256308203538
1467256308229348
1467256308408325
1467256308434162
1467256308510718
1467256308638876
1467256308849701
1467256308957796
1467256309253389
1467256309329929
1467256309355751
1467256309432327
1467256309637236
1467256309739579
1467256309765389
1467256310083943
1467256310180883
1467256310456769
1467256310482181
1467256310560832
1467256310584621
1467256310866367
1467256311204911
1467256311307248
1467256311409704
1467256311582684
1467256311608562
1467256311686762
1467256311710996
1467256311787887
1467256311813415
1467256312018191
1467256312120622
1467256312200906
1467256312433724
1467256312536120
1467256312812437
1467256312837380
1467256312914803
1467256313222408
1467256313662483
1467256313764908
1467256314042224
1467256314066284
1467256314143076
1467256314168684
1467256314454053
1467256314554493
1467256314788873
1467256314891282
1467256314993735
1467256315192703
1467256315270536
1467256315295157
1467256315377120
1467256315397491
1467256315678891
1467256315782011
1467256316017763
1467256316120089
1467256316222512
1467256316398058
1467256316421563
1467256316497923
1467256316626351
1467256316805156
1467256316907814
1467256317246503
1467256317348932
1467256317631643
1467256317726883
1467256318034324
1467256318162935
1467256318475353
1467256318577703
1467256318776730
1467256318854493
1467256318879173
1467256318957961
1467256318981603
1467256319391128
1467256319704162
1467256319806504
1467256319982711
1467256320005622
1467256320083079
1467256320107961
1467256320184307
1467256320210423
1467256320517620
1467256320620042
1467256320830557
1467256320932954
1467256321209612
1467256321234393
1467256321313054
1467256321336851
1467256321413184
1467256321618704
1467256321723703
1467256321746446
1467256322059323
1467256322161770
1467256322437372
1467256322463290
1467256322544163
1467256322565709
1467256322952657
1467256323185774
1467256323288165
1467256323390525
1467256323563770
1467256323589696
1467256323668874
1467256323692139
1467256323770590
1467256323794539
1467256323973901
1467256323999352
1467256324178564
1467256324414541
1467256324793127
1467256324818477
1467256324898411
1467256324920933
1467256325202516
1467256325228098
1467256325330623
1467256325643393
1467256325745794
1467256326023036
1467256326047322
1467256326126099
1467256326149745
1467256326430871
1467256326536660
1467256326559328
1467256326769789
1467256326872152
1467256326974572
1467256327173754
1467256327250425
1467256327276146
1467256327353329
1467256327378576
1467256327557237
1467256327583390
1467256327665554
1467256327998602
1467256328101013
1467256328377072
1467256328402641
1467256328478896
1467256328505036
1467256328582540
1467256328812216
1467256328991320
1467256329227539
1467256329329763
1467256329610092
1467256329631467
1467256329707455
1467256329733891
1467256330019199
1467256330119496
1467256330459431
1467256330558590
1467256330757863
1467256330860310
1467256330936727
1467256330962710
1467256331167459
1467256331243643
1467256331269857
1467256331372250
1467256331962939
1467256331986666
1467256332063203
1467256332089083
1467256332170998
1467256332191441
1467256332374835
1467256332477651
1467256332498687
1467256332574763
1467256332811396
1467256332913773
1467256333194748
1467256333215521
1467256333291436
1467256333317922
1467256333599171
1467256333727544
1467256334040922
1467256334142601
1467256334418418
1467256334444356
1467256334529724
1467256334546749
1467256334828289
1467256335166627
1467256335371436
1467256335647036
1467256335749122
1467256335775603
1467256336395459
1467256336497855
1467256336600247
1467256336773456
1467256336799648
1467256336879518
1467256336904936
1467256336977897
1467256337004434
1467256337190629
1467256337285292
1467256337388870
1467256337624182
1467256337726892
1467256338002105
1467256338028429
1467256338104852
1467256338130830
1467256338411791
1467256338438021
1467256338513847
1467256338540396
1467256338955474
1467256339154816
1467256339231454
1467256339257208
1467256339333081
1467256339359663
1467256339640267
1467256339666855
1467256339743139
1467256339769252
1467256339979479
1467256340184276
1467256340357536
1467256340383624
1467256340459495
1467256340486083
1467256340561917
1467256340588534
1467256340766702
1467256340793315
1467256340869100
1467256340895689
1467256340971479
1467256340998115
1467256341208225
1467256341310666
1467256341585890
1467256341612541
1467256341688684
1467256341714938
1467256341790639
1467256341996917
1467256342022145
1467256342097864
1467256342200311
1467256342437059
1467256342816146
1467256342920808
1467256342943748
1467256343224252
1467256343327086
1467256343569246
1467256343669209
1467256343768292
1467256343967783
1467256344046667
1467256344070209
1467256344147105
1467256344172590
1467256344453458
1467256344479754
1467256344556439
1467256344894690
1467256344998249
1467256345169837
1467256345196604
1467256345272290
1467256345298991
1467256345374626
1467256345401400
1467256345579447
1467256345685363
1467256345708612
1467256345784291
1467256346021108
1467256346124728
1467256346398687
1467256346425417
1467256346501058
1467256346527840
1467256346808322
1467256346834981
1467256346911491
1467256346937388
1467256347252309
1467256347352938
1467256347551824
1467256347627485
1467256347654255
1467256347729875
1467256347756638
1467256347961413
1467256348037851
1467256348063874
1467256348139510
1467256348166292
1467256348376311
1467256348478665
1467256348581146
1467256348753858
1467256348780677
1467256348883106
1467256348961086
1467256348985477
1467256349163745
1467256349190271
1467256349266020
1467256349292707
1467256349368272
1467256349605145
1467256349707452
1467256349982644
1467256350009506
1467256350085335
1467256350111956
1467256350187563
1467256350392281
1467256350494671
1467256350833946
1467256350936336
1467256351212125
1467256351238323
1467256351320419
1467256351340660
1467256351621064
1467256351723419
1467256351750338
1467256351960357
1467256352062732
1467256352165145
1467256352364753
1467256352441222
1467256352467153
1467256352542684
1467256352569567
1467256352852227
1467256352876743
1467256352952279
1467256352979178
1467256353189146
1467256353291485
1467256353566634
1467256353593552
1467256353669062
1467256353696000
1467256353772106
1467256353976246
1467256354003176
1467256354078667
1467256354105610
1467256354417945
1467256354520357
1467256354795477
1467256354822443
1467256354897919
1467256354924795
1467256355205017
1467256355308224
1467256355646769
1467256355749164
1467256355950132
1467256356130354
1467256356153638
1467256356331462
1467256356358429
1467256356433882
1467256356460884
1467256356536234
1467256356773190
1467256357150631
1467256357177717
1467256357253356
1467256357280108
1467256357356546
1467256357560276
1467256357587256
1467256357662732
1467256357689624
1467256357765063
1467256358001962
1467256358104359
1467256358379458
1467256358406442
1467256358481794
1467256358508879
1467256358789065
1467256358891461
1467256358918522
1467256359128379
1467256359230772
1467256359532922
1467256359608271
1467256359710668
1467256359737735
1467256359942542
1467256360020466
1467256360044884
1467256360121357
1467256360357131
1467256360459587
1467256360734727
1467256360761771
1467256360837092
1467256360864185
1467256361144254
1467256361171376
1467256361247118
1467256361273742
1467256361585982
1467256361688394
1467256361963501
1467256361990562
1467256362065811
1467256362093004
1467256362297763
1467256362373071
1467256362400216
1467256362475434
1467256362814802
1467256362917158
1467256363117012
1467256363195958
1467256363219444
1467256363294664
1467256363321836
1467256363601854
1467256363629066
1467256363705461
