1467085527752768
1467085527814209
1467085527875586
1467085527916563
1467085527937035
1467085527957540
1467085527978002
1467085528018957
1467085528039456
1467085528080357
1467085528100871
1467085528121348
1467085528141846
1467085528182779
1467085528203306
1467085528223717
1467085528264695
1467085528305673
1467085528326188
1467085528387625
1467085528408105
1467085528428560
1467085528449083
1467085528489964
1467085528510455
1467085528530971
1467085528612916
1467085528653858
1467085528715333
1467085528735775
1467085528776789
1467085528838184
1467085528858678
1467085528920094
1467085528940557
1467085528961103
1467085529042970
1467085529104483
1467085529145376
1467085529165873
1467085529227311
1467085529268209
1467085529288684
1467085529309198
1467085529350209
1467085529370660
1467085529391135
1467085529411614
1467085529432073
1467085529452544
1467085529473053
1467085529493500
1467085529514088
1467085529555039
1467085529575497
1467085529595991
1467085529657388
1467085529759802
1467085529800748
1467085529841714
1467085529882692
1467085529964644
1467085529985065
1467085530005557
1467085530026058
1467085530046557
1467085530087510
1467085530148945
1467085530169456
1467085530189932
1467085530210414
1467085530230916
1467085530251373
1467085530312831
1467085530333276
1467085530497046
1467085530517543
1467085530538008
1467085530824791
1467085530865734
1467085530886218
1467085530927145
1467085531009062
1467085531029664
1467085531050066
1467085531070581
1467085531193434
1467085531234437
1467085531336794
1467085531357285
1467085531377732
1467085531398271
1467085531439254
1467085531500641
1467085531562079
1467085531603049
1467085531664541
1467085531705465
1467085531725947
1467085531746422
1467085531807855
1467085531828333
1467085531848813
1467085531910267
1467085531930707
1467085531971718
1467085531992201
1467085532053621
1467085532074106
1467085532094538
1467085532135558
1467085532156043
1467085532176520
1467085532237983
1467085532258462
1467085532278953
1467085532299435
1467085532360823
1467085532401841
1467085532422254
1467085532442793
1467085532483757
1467085532504230
1467085532524663
1467085532545235
1467085532565607
1467085532586162
1467085532606626
1467085532627103
1467085532647597
1467085532668076
1467085532688555
1467085532729538
1467085532770475
1467085532790959
1467085532831941
1467085532852442
1467085532872917
1467085532913877
1467085532934304
1467085532975321
1467085533036703
1467085533098212
1467085533139084
1467085533159562
1467085533200497
1467085533221000
1467085533282459
1467085533302938
1467085533343912
1467085533364374
1467085533405334
1467085533446291
1467085533466792
1467085533487221
1467085533528172
1467085533548725
1467085533569167
1467085533589668
1467085533610146
1467085533630643
1467085533651049
1467085533671565
1467085533692085
1467085533712560
1467085533733044
1467085533774002
1467085533814988
1467085533835466
1467085533896927
1467085533917347
1467085533937863
1467085533958321
1467085533978782
1467085533999259
1467085534019729
1467085534060688
1467085534081228
1467085534122182
1467085534142659
1467085534163147
1467085534183665
1467085534204064
1467085534245029
1467085534306521
1467085534327024
1467085534347445
1467085534367958
1467085534388411
1467085534449835
1467085534490761
1467085534511239
1467085534531711
1467085534552190
1467085534572668
1467085534593143
1467085534634115
1467085534675092
1467085534716072
1467085534736528
1467085534757031
1467085534777542
1467085534798021
1467085534818500
1467085534859471
1467085534879892
1467085534920857
1467085534941395
1467085534961879
1467085534982355
1467085535002834
1467085535023319
1467085535043721
1467085535064246
1467085535105229
1467085535125732
1467085535146209
1467085535166688
1467085535187125
1467085535207683
1467085535228129
1467085535248622
1467085535269107
1467085535289584
1467085535310061
1467085535330544
1467085535351021
1467085535371500
1467085535412490
1467085535432946
1467085535453407
1467085535494393
1467085535535293
1467085535555771
1467085535576267
1467085535596759
1467085535617257
1467085535637695
1467085535658180
1467085535719684
1467085535740084
1467085535760589
1467085535781070
1467085535801530
1467085535842512
1467085535903916
1467085535924394
1467085536088236
1467085536108789
1467085536149731
1467085536170211
1467085536190704
1467085536231657
1467085536252109
1467085536272625
1467085536600318
1467085536620814
1467085536641294
1467085536661772
1467085536682191
1467085536764140
1467085536784636
1467085536805109
1467085536825625
1467085536846073
1467085536866586
1467085536887063
1467085536907478
1467085536948523
1467085536969000
1467085537009976
1467085537030438
1467085537050804
1467085537071298
1467085537112294
1467085537214659
1467085537255631
1467085537399044
1467085537439955
1467085537460499
1467085537480981
1467085537501460
1467085537542415
1467085537583342
1467085537624339
1467085537644821
1467085537706269
1467085537726751
1467085537747239
1467085537767673
1467085537808684
1467085537829148
1467085537849649
1467085537870096
1467085537911079
1467085537931563
1467085537992999
1467085538013490
1467085538054381
1467085538074884
1467085538115897
1467085538136328
1467085538156822
1467085538177334
1467085538197814
1467085538259213
1467085538361544
1467085538443473
1467085538484502
1467085538504983
1467085538525431
1467085538545906
1467085538607340
1467085538627858
1467085538689271
1467085538771251
1467085538791667
1467085538873567
1467085538996542
1467085539037502
1467085539057951
1467085539098943
1467085539119418
1467085539139901
1467085539160366
1467085539180827
1467085539201323
1467085539221833
1467085539242315
1467085539283220
1467085539344652
1467085539385619
1467085539406112
1467085539467571
1467085539569959
1467085539590423
1467085539610919
1467085539733775
1467085539754296
1467085539815704
1467085539836241
1467085539877143
1467085539897646
1467085539918176
1467085539938576
1467085539959055
1467085539979533
1467085540000019
1467085540020490
1467085540040992
1467085540081956
1467085540102447
1467085540143434
1467085540163927
1467085540184410
1467085540225357
1467085540245833
1467085540286844
1467085540327755
1467085540409622
1467085540430123
1467085540450594
1467085540512050
1467085540553018
1467085540593979
1467085540655416
1467085540716840
1467085540757832
1467085540778332
1467085540798828
1467085540839778
1467085540860293
1467085540880767
1467085540901218
1467085540962690
1467085540983068
1467085541003550
1467085541024051
1467085541044569
1467085541065001
1467085541106002
1467085541126456
1467085541208367
1467085541228842
1467085541269805
1467085541290288
1467085541310774
1467085541331280
1467085541372249
1467085541392731
1467085541413231
1467085541556629
1467085541638522
1467085541658998
1467085541679429
1467085541699981
1467085541761391
1467085541802377
1467085541843336
1467085541884288
1467085541904793
1467085541945681
1467085541986633
1467085542007114
1467085542027598
1467085542048072
1467085542109532
1467085542130082
1467085542171015
1467085542232483
1467085542252901
1467085542314301
1467085542334756
1467085542355345
1467085542375734
1467085542416689
1467085542437307
1467085542478157
1467085542498676
1467085542519121
1467085542539589
1467085542560088
1467085542621558
1467085542723917
1467085542744417
1467085542805843
1467085542826346
1467085542846810
1467085542867307
1467085542887788
1467085542908276
1467085542928795
1467085542949228
1467085542969747
1467085542990237
1467085543031187
1467085543051626
1467085543072112
1467085543092584
1467085543133580
1467085543154087
1467085543174565
1467085543215512
1467085543236007
1467085543256459
1467085543276933
1467085543297410
1467085543317886
1467085543338368
1467085543358869
1467085543379369
1467085543420286
1467085543461277
1467085543481789
1467085543543195
1467085543563665
1467085543584174
1467085543604552
1467085543625049
1467085543645538
1467085543666063
1467085543686541
1467085543706948
1467085543747943
1467085543768407
1467085543809403
1467085543870841
1467085543891358
1467085543911789
1467085543932269
1467085543973251
1467085544014207
1467085544034673
1467085544075629
1467085544096137
1467085544116583
1467085544137082
1467085544157569
1467085544198556
1467085544219019
1467085544260038
1467085544280505
1467085544321477
1467085544341970
1467085544362444
1467085544423818
1467085544444300
1467085544464788
1467085544505745
1467085544526221
1467085544587684
1467085544649141
1467085544690105
1467085544710572
1467085544731069
1467085544751504
1467085544771992
1467085544792468
1467085544812948
1467085544833450
1467085544874406
1467085544894885
1467085544935795
1467085544956342
1467085544997262
1467085545017771
1467085545038253
1467085545058709
1467085545079195
1467085545120127
1467085545161113
1467085545181575
1467085545222534
1467085545243015
1467085545263518
1467085545304472
1467085545324969
1467085545365921
1467085545406957
1467085545427370
1467085545447894
1467085545468315
1467085545488819
1467085545550228
1467085545570735
1467085545632170
1467085545652666
1467085545673130
1467085545693595
1467085545714074
1467085545734566
1467085545755033
1467085545816468
1467085545836984
1467085545878003
1467085545898458
1467085545939399
1467085545980387
1467085546000857
1467085546021380
1467085546062349
1467085546082822
1467085546103296
1467085546123730
1467085546144212
1467085546164734
1467085546185232
1467085546246607
1467085546267088
1467085546287504
1467085546308041
1467085546349005
1467085546369484
1467085546410457
1467085546430940
1467085546451419
1467085546471915
1467085546492374
1467085546512858
1467085546533336
1467085546553836
1467085546594789
1467085546635697
1467085546676712
1467085546697190
1467085546717637
1467085546861062
1467085546902008
1467085546922438
1467085546942900
1467085546983872
1467085547024848
1467085547045320
1467085547086278
1467085547106762
1467085547127254
1467085547147747
1467085547168291
1467085547209229
1467085547229686
1467085547250188
1467085547270668
1467085547291164
1467085547332077
1467085547352579
1467085547393565
1467085547414042
1467085547454990
1467085547475503
1467085547495940
1467085547516408
1467085547577772
1467085547598265
1467085547639235
1467085547659692
1467085547721157
1467085547762115
1467085547782602
1467085547823569
1467085547925967
1467085547946502
1467085547966982
1467085548007934
1467085548028420
1467085548069414
1467085548089881
1467085548110351
1467085548151258
1467085548171791
1467085548192275
1467085548212701
1467085548253662
1467085548274146
1467085548294627
1467085548315097
1467085548397013
1467085548438025
1467085548478969
1467085548499446
1467085548519924
1467085548540402
1467085548560878
1467085548581375
1467085548622353
1467085548642823
1467085548683775
1467085548704258
1467085548765727
1467085548806680
1467085548888528
1467085548949979
1467085548970468
1467085548990948
1467085549011433
1467085549031920
1467085549154799
1467085549195756
1467085549318652
1467085549339125
1467085549359610
1467085549421043
1467085549441521
1467085549502979
1467085549584896
1467085549605371
1467085549625874
1467085549646356
1467085549666812
1467085549707804
1467085549728295
1467085549748772
1467085549789732
1467085549810227
1467085549851166
1467085549871665
1467085549912606
1467085550035490
1467085550055972
1467085550158316
1467085550240229
1467085550281208
1467085550301708
1467085550342707
1467085550383618
1467085550404163
1467085550424570
1467085550445074
1467085550465543
1467085550486029
1467085550526969
1467085550588426
1467085550649862
1467085550670346
1467085550731856
1467085550854774
1467085550916164
1467085550936685
1467085550957134
1467085551018572
1467085551059587
1467085551080045
1467085551100523
1467085551202939
1467085551305292
1467085551325753
1467085551346238
1467085551387198
1467085551407686
1467085551448634
1467085551510023
1467085551530519
1467085551571480
1467085551592027
1467085551673876
1467085551694376
1467085551735345
1467085551817283
1467085551837799
1467085551899251
1467085551919682
1467085551940161
1467085551960645
1467085552001622
1467085552022076
1467085552083519
1467085552104018
1467085552124475
1467085552144945
1467085552165440
1467085552206410
1467085552247420
1467085552288406
1467085552329292
1467085552349777
1467085552370253
1467085552390738
1467085552431695
1467085552493146
1467085552513620
1467085552554585
1467085552575072
1467085552697957
1467085552738928
1467085552759416
1467085552800304
1467085552861770
1467085552882239
1467085552923208
1467085552984690
1467085553005170
1467085553025666
1467085553046145
1467085553128073
1467085553148545
1467085553169025
1467085553189457
1467085553250959
1467085553291919
1467085553312400
1467085553332830
1467085553373836
1467085553414765
1467085553476209
1467085553496695
1467085553537691
1467085553578630
1467085553599133
1467085553619618
1467085553660584
1467085553681009
1467085553701488
1467085553742470
1467085553762911
1467085553783404
1467085553803875
1467085553824363
1467085553906303
1467085553967740
1467085553988245
1467085554008770
1467085554049677
1467085554070194
1467085554090630
1467085554111110
1467085554172507
1467085554192993
1467085554213483
1467085554233961
1467085554254485
1467085554336387
1467085554418275
1467085554438761
1467085554459253
1467085554520682
1467085554541179
1467085554561681
1467085554582142
1467085554602623
1467085554664057
1467085554705016
1467085554766477
1467085554807484
1467085554827904
1467085554868949
1467085554889442
1467085554950801
1467085555032716
1467085555073663
1467085555094156
1467085555114637
1467085555135137
1467085555217068
1467085555237600
1467085555258084
1467085555278572
1467085555340001
1467085555380912
1467085555462791
1467085555483275
1467085555503739
1467085555544699
1467085555565171
1467085555585648
1467085555606136
1467085555626628
1467085555647109
1467085555667597
1467085555688069
1467085555708551
1467085555769985
1467085555810967
1467085555872391
1467085555892899
1467085555913375
1467085555933866
1467085555995313
1467085556015754
1467085556056744
1467085556077229
1467085556118193
1467085556138673
1467085556159161
1467085556179621
1467085556261566
1467085556282043
1467085556302524
1467085556323019
1467085556384459
1467085556425417
1467085556445905
1467085556507334
1467085556527837
1467085556548314
1467085556568785
1467085556609751
1467085556630224
1467085556650712
1467085556671187
1467085556691664
1467085556732571
1467085556794010
1467085556814488
1467085556898329
1467085556916879
1467085556957851
1467085557121727
1467085557142201
1467085557162678
1467085557183167
1467085557224104
1467085557244610
1467085557285573
1467085557306053
1467085557326545
1467085557347005
1467085557367501
1467085557387978
1467085557469917
1467085557510876
1467085557531356
1467085557551828
1467085557592797
1467085557613279
1467085557654241
1467085557674710
1467085557715666
1467085557756645
1467085557777122
1467085557797603
1467085557838568
1467085557859108
1467085557920495
1467085557941002
1467085557961458
1467085557981942
1467085558022846
1467085558043325
1467085558084311
1467085558104762
1467085558145719
1467085558186678
1467085558207151
1467085558227634
1467085558248169
1467085558268618
1467085558309587
1467085558391551
1467085558411989
1467085558452943
1467085558473409
1467085558514376
1467085558534855
1467085558616797
1467085558637269
1467085558739678
1467085558760152
1467085558780652
1467085558801160
1467085558821666
1467085558842150
1467085558985485
1467085559128822
1467085559149302
1467085559210754
1467085559231235
1467085559251714
1467085559272232
1467085559292736
1467085559374618
1467085559415566
1467085559436040
1467085559456524
1467085559477007
1467085559517946
1467085559558956
1467085559640793
1467085559661268
1467085559681782
1467085559702263
1467085559743216
1467085559763680
1467085559784164
1467085559804644
1467085559825122
1467085559845626
1467085559866108
1467085559886594
1467085559927557
1467085559948023
1467085559988984
1467085560009468
1467085560029934
1467085560050426
1467085560070916
1467085560091399
1467085560111908
1467085560132400
1467085560173330
1467085560275733
1467085560316769
1467085560337233
1467085560419117
1467085560439570
1467085560460068
1467085560480552
1467085560501046
1467085560541990
1467085560623917
1467085560685317
1467085560705784
1467085560726270
1467085560746730
1467085560787724
1467085560808226
1467085560849214
1467085560869693
1467085560890171
1467085560910654
1467085560931125
1467085560972087
1467085560992565
1467085561054044
1467085561094985
1467085561115467
1467085561156464
1467085561176881
1467085561217886
1467085561238296
1467085561279322
1467085561299798
1467085561320277
1467085561340772
1467085561361196
1467085561381732
1467085561402215
1467085561422633
1467085561484130
1467085561504606
1467085561525087
1467085561545567
1467085561606977
1467085561627459
1467085561647985
1467085561668486
1467085561688944
1467085561709359
1467085561729863
1467085561750343
1467085561770863
1467085561791354
1467085561832316
1467085561852791
1467085561873240
1467085561893750
1467085561914233
1467085561934708
1467085561955123
1467085561975589
1467085562037013
1467085562078017
