1467162661464088
1467162661566459
1467162661668890
1467162661771298
1467162661873695
1467162661976043
1467162662078474
1467162662180848
1467162662283316
1467162662385650
1467162662449763
1467162662488116
1467162662590532
1467162662756892
1467162662795238
1467162662897743
1467162663000072
1467162663102475
1467162663204879
1467162663409671
1467162663512112
1467162663614507
1467162663716906
1467162663819449
1467162663883261
1467162663921716
1467162664024113
1467162664126509
1467162664229194
1467162664331294
1467162664395331
1467162664433682
1467162664536113
1467162664638445
1467162664740899
1467162664843336
1467162664945716
1467162665048083
1467162665252926
1467162665316908
1467162665355321
1467162665457724
1467162665560074
1467162665662488
1467162665729363
1467162665764897
1467162665867325
1467162665969669
1467162666072134
1467162666379287
1467162666481734
1467162666584082
1467162666686486
1467162666788895
1467162666891321
1467162666993737
1467162667096132
1467162667198466
1467162667262484
1467162667300932
1467162667403289
1467162667505738
1467162667608130
1467162667710529
1467162667812926
1467162667876883
1467162667915341
1467162668017708
1467162668120075
1467162668222585
1467162668324946
1467162668427343
1467162668529720
1467162668632119
1467162668696026
1467162668734547
1467162668836900
1467162668939340
1467162669041739
1467162669105674
1467162669144109
1467162669246549
1467162669348917
1467162669412843
1467162669451343
1467162669515213
1467162669553707
1467162669656154
1467162669720054
1467162669860921
1467162669963343
1467162670065687
1467162670168094
1467162670231999
1467162670270549
1467162670372895
1467162670436844
1467162670475282
1467162670577708
1467162670680155
1467162670782554
1467162670884969
1467162671089866
1467162671256050
1467162671294504
1467162671396967
1467162671460865
1467162671499360
1467162671601723
1467162671704093
1467162671767997
1467162671806551
1467162671908910
1467162672011381
1467162672113760
1467162672216099
1467162672318646
1467162672420969
1467162672523344
1467162672625704
1467162672728115
1467162672830568
1467162672932927
1467162673035365
1467162673137704
1467162673342568
1467162673444986
1467162673547326
1467162673649793
1467162673713615
1467162673752129
1467162673815982
1467162673854537
1467162673956909
1467162674020786
1467162674059349
1467162674161782
1467162674264177
1467162674328006
1467162674366931
1467162674468969
1467162674571389
1467162674673763
1467162674776725
1467162674878637
1467162674980943
1467162675083727
1467162675185943
1467162675288132
1467162675390757
1467162675492963
1467162675595387
1467162675697730
1467162675761549
1467162675800151
1467162675863931
1467162675902537
1467162676005047
1467162676068820
1467162676107387
1467162676171192
1467162676209783
1467162676312197
1467162676414593
1467162676478388
1467162676516994
1467162676619327
1467162676721741
1467162676824195
1467162676926596
1467162677131405
1467162677233732
1467162677336144
1467162677438553
1467162677502324
1467162677540938
1467162677643345
1467162677707227
1467162677745743
1467162677848133
1467162677950587
1467162678053133
1467162678159341
1467162678257745
1467162678321523
1467162678360851
1467162678462565
1467162678565615
1467162678628709
1467162678667354
1467162678769754
1467162678872205
1467162678974573
1467162679076967
1467162679179354
1467162679243110
1467162679281751
1467162679384229
1467162679497982
1467162679550336
1467162679588974
1467162679693032
1467162679755125
1467162679793901
1467162679896344
1467162679998672
1467162680101695
1467162680204286
1467162680306790
1467162680408217
1467162680510583
1467162680612956
1467162680678521
1467162680715427
1467162680779086
1467162680817859
1467162680920172
1467162681022585
1467162681124986
1467162681227429
1467162681291080
1467162681329825
1467162681432222
1467162681495942
1467162681534600
1467162681636989
1467162681739477
1467162681841766
1467162681905463
1467162681944275
1467162682007884
1467162682046647
1467162682148994
1467162682212672
1467162682251430
1467162682353824
1467162682456450
1467162682519949
1467162682558586
1467162682622260
1467162682661000
1467162682763431
1467162682865769
1467162682968237
1467162683070635
1467162683172979
1467162683236685
1467162683275395
1467162683339154
1467162683377845
1467162683481037
1467162683582574
1467162683685151
1467162683787427
1467162683889846
1467162683993095
1467162684094622
1467162684197236
1467162684299407
1467162684402390
1467162684504260
1467162684606849
1467162684709450
1467162684812391
1467162684913878
1467162685016217
1467162685118586
1467162685222088
1467162685324681
1467162685426682
1467162685529826
1467162685630665
1467162685733051
1467162685796695
1467162685835381
1467162685937845
1467162686040262
1467162686142870
1467162686247138
1467162686347573
1467162686449870
1467162686513457
1467162686552228
1467162686655342
1467162686757038
1467162686859450
1467162686961868
1467162687025467
1467162687064262
1467162687166622
1467162687269053
1467162687371486
1467162687473842
1467162687537441
1467162687576227
1467162687678610
1467162687742261
1467162687780997
1467162687883404
1467162687985868
1467162688088264
1467162688190676
1467162688293059
1467162688395406
1467162688497829
1467162688600264
1467162688702680
1467162688805014
1467162688907471
1467162689010162
1467162689112233
1467162689214867
1467162689317033
1467162689419472
1467162689521865
1467162689689367
1467162689726636
1467162689829075
1467162689893316
1467162689931462
1467162690033820
1467162690136516
1467162690238637
1467162690341075
1467162690545863
1467162690648288
1467162690750692
1467162690955448
1467162691057887
1467162691121658
1467162691160279
1467162691262654
1467162691326220
1467162691365037
1467162691467434
1467162691569849
1467162691672228
1467162691774718
1467162691877066
1467162691940650
1467162691979505
1467162692081879
1467162692184285
1467162692286673
1467162692389036
1467162692452560
1467162692491546
1467162692593888
1467162692696252
1467162692798653
1467162692901081
1467162692964624
1467162693003492
1467162693105833
1467162693208261
1467162693310700
1467162693413092
1467162693515497
1467162693579014
1467162693617851
1467162693720370
1467162693822716
1467162693925053
1467162694027500
1467162694129909
1467162694232471
1467162694334702
1467162694437114
1467162694539495
1467162694705351
1467162694744303
1467162694846746
1467162694949100
1467162695051451
1467162695153862
1467162695217387
1467162695358704
1467162695461054
1467162695563467
1467162695626954
1467162695665870
1467162695729442
1467162695768283
1467162695870718
1467162695973118
1467162696036574
1467162696177869
1467162696241339
1467162696280283
1467162696382672
1467162696447512
1467162696485092
1467162696587518
1467162696650926
1467162696689866
1467162696792301
1467162696894707
1467162696958130
1467162696997075
1467162697099508
1467162697304329
1467162697406720
1467162697509058
1467162697611462
1467162697713900
1467162697777365
1467162697819094
1467162697918662
1467162698021093
1467162698123560
1467162698328329
1467162698430676
1467162698533104
1467162698635461
1467162698698906
1467162698737930
1467162698801384
1467162698840328
1467162698903695
1467162698942713
1467162699045135
1467162699108506
1467162699147475
1467162699249902
1467162699352559
1467162699415747
1467162699454664
1467162699557118
1467162699659535
1467162699761897
1467162699825308
1467162699864332
1467162699966668
1467162700069116
1467162700234932
1467162700376282
1467162700439663
1467162700478685
1467162700581087
1467162700683555
1467162700888370
1467162700951658
1467162700990680
1467162701093074
1467162701195566
1467162701297962
1467162701400347
1467162701502745
1467162701605171
1467162701668471
1467162701707505
1467162701770867
1467162701809909
1467162701912348
1467162701975767
1467162702014724
1467162702117284
1467162702180467
1467162702219578
1467162702282867
1467162702321887
1467162702385265
1467162702424305
1467162702526744
1467162702629158
1467162702692515
1467162702731551
1467162702897273
1467162702936348
1467162703038765
1467162703141112
1467162703243576
1467162703306868
1467162703345949
1467162703409322
1467162703448355
1467162703550729
1467162703653157
1467162703716453
1467162703755514
1467162703818817
1467162704023705
1467162704062734
1467162704138297
1467162704165267
1467162704267574
1467162704369929
1467162704472309
1467162704574707
1467162704677132
1467162704740493
1467162704779579
1467162704881951
1467162704984309
1467162705086716
1467162705150046
1467162705189179
1467162705252443
1467162705393945
1467162705496343
1467162705598860
1467162705701148
1467162705803548
1467162706008366
1467162706071635
1467162706110717
1467162706174092
1467162706213154
1467162706276415
1467162706315539
1467162706417973
1467162706481233
1467162706520408
1467162706622738
1467162706725134
1467162706827574
1467162706929949
1467162707032395
1467162707134746
1467162707339535
1467162707505218
1467162707544390
1467162707646723
1467162707749144
1467162707812419
1467162707851596
1467162707914811
1467162707953971
1467162708056346
1467162708222032
1467162708261198
1467162708324453
1467162708426818
1467162708465992
1467162708568348
1467162708670744
1467162708734005
1467162708773161
1467162708836452
1467162708875553
1467162708977994
1467162709080395
1467162709182932
1467162709246022
1467162709285202
1467162709387611
1467162709450848
1467162709489995
1467162709553169
1467162709592331
1467162709694733
1467162709797147
1467162709899612
1467162710001963
1467162710065182
1467162710104393
1467162710206755
1467162710309322
1467162710372363
1467162710411547
1467162710513962
1467162710616367
1467162710679556
1467162710718752
1467162710923601
1467162710986785
1467162711025967
1467162711089223
1467162711128382
1467162711191609
1467162711230767
1467162711333159
1467162711435588
1467162711537982
1467162711640411
1467162711742807
1467162711845144
1467162711947564
1467162712049963
1467162712152653
1467162712254777
1467162712317962
1467162712357186
1467162712420493
1467162712561982
1467162712666928
1467162712727600
1467162712766828
1467162712830016
1467162712869179
1467162712971548
1467162713073956
1467162713137146
1467162713176346
1467162713341995
1467162713381228
1467162713483622
1467162713585961
1467162713688429
1467162713790759
1467162713853952
1467162713893181
1467162713956361
1467162713995621
1467162714097973
1467162714161131
1467162714200389
1467162714302803
1467162714405190
1467162714468390
1467162714507645
1467162714610035
1467162714673137
1467162714712377
1467162714775536
1467162714814779
1467162714917181
1467162715019583
1467162715082800
1467162715121990
1467162715185149
1467162715326771
1467162715429183
1467162715492317
1467162715531589
1467162715633978
1467162715697159
1467162715736428
1467162715838785
1467162715941202
1467162716004368
1467162716043621
1467162716106724
1467162716145996
1467162716248382
1467162716350848
1467162716453244
1467162716516306
1467162716555613
1467162716657994
1467162716764069
1467162716862866
1467162716965181
1467162717028324
1467162717067581
1467162717169994
1467162717272408
1467162717374816
1467162717477217
1467162717579573
1467162717642745
1467162717682024
1467162717784455
1467162717847491
1467162717886803
1467162717949899
1467162717989202
1467162718091599
1467162718194055
1467162718296397
1467162718359476
1467162718398810
1467162718501230
1467162718603605
1467162718706000
1467162718769091
1467162718808411
1467162718910820
1467162719013262
1467162719115599
1467162719178680
1467162719218008
1467162719281558
1467162719320411
1467162719422853
1467162719525283
1467162719588267
1467162719730032
1467162719832467
1467162719934820
1467162720037223
1467162720139722
1467162720344411
1467162720446828
1467162720549239
1467162720612262
1467162720651642
1467162720754009
1467162720817057
1467162720856414
1467162720958873
1467162721021876
1467162721061428
1467162721124317
1467162721163630
1467162721266049
1467162721329072
1467162721368591
1467162721470822
1467162721573267
1467162721675629
1467162721778034
1467162721880414
1467162721943497
1467162721982872
1467162722045895
1467162722085219
1467162722160805
1467162722494880
1467162722557834
1467162722597225
1467162722660328
1467162722699643
1467162722802078
1467162722904476
1467162723006903
1467162723109368
1467162723274635
1467162723314073
1467162723377038
1467162723416429
1467162723522705
1467162723581854
1467162723684262
1467162723723696
1467162723826035
1467162723928830
1467162723991473
1467162724030852
1467162724093849
1467162724134374
1467162724235687
1467162724338246
1467162724440467
1467162724542965
1467162724605811
1467162724645250
1467162724708207
1467162724747620
1467162724810620
1467162724850419
1467162724913078
1467162724952462
1467162725015476
1467162725054857
1467162725117809
1467162725157245
1467162725259632
1467162725362046
1467162725464626
1467162725527478
1467162725567052
1467162725629834
1467162725669317
1467162725771706
1467162725834724
1467162725874054
1467162725976440
1467162726078844
1467162726181274
1467162726244269
1467162726283703
1467162726386104
1467162726488498
1467162726551455
1467162726653793
1467162726693233
1467162726756181
1467162726795646
1467162726858598
1467162726898058
1467162727000473
1467162727063425
1467162727102932
1467162727205244
1467162727307753
1467162727370571
1467162727410119
1467162727473059
1467162727512520
1467162727677821
1467162727717305
1467162727922072
1467162728024539
1467162728126883
1467162728229251
1467162728331653
1467162728434073
1467162728497040
1467162728536523
1467162728638916
1467162728741249
1467162728843669
1467162728946088
1467162729048494
1467162729151624
1467162729213793
1467162729253264
1467162729356686
1467162729458071
1467162729521020
1467162729560522
1467162729623390
1467162729662934
1467162729725793
1467162729765355
1467162729867700
1467162729930748
1467162729970126
1467162730072519
1467162730174880
1467162730277277
1467162730379682
1467162730482108
1467162730545020
1467162730584542
1467162730647435
1467162730686894
1467162730789331
1467162730891698
1467162730994126
1467162731096542
1467162731159431
1467162731301344
1467162731364173
1467162731403711
1467162731506148
1467162731608570
1467162731671347
1467162731710885
1467162731773810
1467162731813305
1467162731915702
1467162732018082
1467162732120504
1467162732183352
1467162732222892
1467162732325290
1467162732530083
1467162732632558
1467162732695347
1467162732734905
1467162732837294
1467162732939695
1467162733002515
1467162733042087
1467162733104978
1467162733144515
1467162733207335
1467162733246863
1467162733349280
1467162733412109
1467162733451684
1467162733514546
1467162733554117
1467162733656932
1467162733719341
1467162733758961
1467162733861390
1467162733924181
1467162734066144
1467162734128933
1467162734168592
1467162734373307
1467162734438040
1467162734475708
1467162734538577
1467162734680559
1467162734782957
1467162734885308
1467162734987707
1467162735050515
1467162735090099
1467162735152896
1467162735192563
1467162735294913
1467162735397318
1467162735500132
1467162735602130
1467162735704568
1467162735806961
1467162735909353
1467162736011714
1467162736114108
1467162736176896
1467162736216563
1467162736318916
1467162736381749
1467162736421373
1467162736484085
1467162736523767
1467162736626121
1467162736688914
1467162736728503
1467162736791314
1467162736830932
1467162736933325
1467162736996104
1467162737035772
1467162737098533
1467162737138150
1467162737240521
1467162737342937
1467162737445333
1467162737547727
1467162737752584
1467162737815262
1467162737854981
1467162737957326
1467162738020097
1467162738059724
1467162738162142
1467162738264546
1467162738327303
1467162738366975
1467162738469314
1467162738571730
1467162738674142
1467162738776581
1467162738981299
1467162739083725
1467162739186125
1467162739288512
1467162739493352
1467162739595752
1467162739658479
1467162739698141
1467162739760869
1467162739800541
1467162739902930
1467162740005328
1467162740068059
1467162740107740
1467162740210158
1467162740272870
1467162740312587
1467162740415203
1467162740477660
1467162740517346
1467162740619729
1467162740722144
1467162740824548
1467162740887284
1467162740926956
1467162740989652
1467162741029350
1467162741131749
1467162741194457
1467162741234142
1467162741296847
1467162741336560
1467162741399249
1467162741438953
1467162741541331
1467162741604063
1467162741746167
1467162741848605
1467162741950944
1467162742013630
1467162742053333
1467162742155731
1467162742320858
1467162742360567
1467162742463012
1467162742525714
1467162742565345
1467162742667743
1467162742770149
1467162742974955
1467162743077366
1467162743140081
1467162743179815
1467162743282151
1467162743384614
1467162743447312
1467162743486973
1467162743589369
1467162743652040
1467162743691770
1467162743754437
1467162743794290
1467162743896612
1467162743998969
1467162744203766
1467162744306157
1467162744368796
1467162744408716
1467162744471202
1467162744510961
1467162744573603
1467162744676046
1467162744818209
1467162744920562
1467162744983343
1467162745022952
1467162745085596
1467162745125386
1467162745227901
1467162745392853
1467162745432628
