1467085480852384
1467085480872830
1467085480893320
1467085480913826
1467085480954783
1467085480975286
1467085480995732
1467085481077684
1467085481651113
1467085481671640
1467085481692120
1467085481712591
1467085481733076
1467085481753524
1467085481774000
1467085481794538
1467085481814988
1467085481835492
1467085481855972
1467085481876456
1467085482449866
1467085482490783
1467085482511306
1467085482531802
1467085482552222
1467085482593196
1467085482634164
1467085482654642
1467085482695670
1467085482716116
1467085482736616
1467085482757095
1467085482798056
1467085482818531
1467085482839012
1467085482900479
1467085482941400
1467085482961879
1467085483002809
1467085483023341
1467085483043846
1467085483064261
1467085483146164
1467085483166722
1467085483187139
1467085483207612
1467085483248638
1467085483310031
1467085483330529
1467085483371470
1467085483412440
1467085483432917
1467085483453409
1467085483514850
1467085483535320
1467085483555754
1467085483617182
1467085483637682
1467085483678672
1467085483740140
1467085483760618
1467085483781102
1467085483801576
1467085483822006
1467085483842487
1467085483863001
1467085483883465
1467085483924439
1467085483944915
1467085484026887
1467085484047327
1467085484067847
1467085484108780
1467085484129239
1467085484190675
1467085484231657
1467085484252115
1467085484293102
1467085484354528
1467085484375022
1467085484395534
1467085484436518
1467085484456932
1467085484477401
1467085484497909
1467085484538929
1467085484559351
1467085484579871
1467085484600335
1467085484641210
1467085484661710
1467085484682192
1467085484743625
1467085484784583
1467085484805083
1467085484846044
1467085484866530
1467085484886967
1467085484907462
1467085484927976
1467085484968907
1467085484989420
1467085485050828
1467085485071366
1467085485091805
1467085485153245
1467085485173755
1467085485214701
1467085485235161
1467085485255632
1467085485296644
1467085485317159
1467085485399078
1467085485419557
1467085485481014
1467085485501472
1467085485521949
1467085485562928
1467085485603888
1467085485624367
1467085485665326
1467085485685773
1467085485706250
1467085485726745
1467085485747238
1467085485767710
1467085485788186
1467085485829195
1467085485849693
1467085485870111
1467085485911065
1467085485931492
1467085485951953
1467085485972424
1467085485992922
1467085486013409
1467085486033929
1467085486054411
1467085486115867
1467085486136283
1467085486177271
1467085486197807
1467085486218262
1467085486259245
1467085486279723
1467085486300202
1467085486320674
1467085486341159
1467085486402597
1467085486443537
1467085486464019
1467085486484500
1467085486504949
1467085486525448
1467085486545921
1467085486566440
1467085486586895
1467085486627906
1467085486648329
1467085486668825
1467085486689345
1467085486709772
1467085486730234
1467085486750710
1467085486771218
1467085486812216
1467085486832724
1467085486853202
1467085486914575
1467085486935119
1467085486955598
1467085486976097
1467085486996533
1467085487016994
1467085487058027
1467085487078445
1467085487119421
1467085487139933
1467085487160353
1467085487242253
1467085487262722
1467085487344697
1467085487406138
1467085487488055
1467085487508495
1467085487529005
1467085487569999
1467085487590474
1467085487610923
1467085487631405
1467085487672352
1467085487692835
1467085487713316
1467085487733796
1467085487754279
1467085487815764
1467085487856745
1467085487897665
1467085487918176
1467085487959144
1467085487979617
1467085488000089
1467085488020571
1467085488061563
1467085488102539
1467085488122958
1467085488184382
1467085488204901
1467085488225347
1467085488266346
1467085488286845
1467085488307329
1467085488327744
1467085488368784
1467085488389244
1467085488430137
1467085488491659
1467085488512135
1467085488532618
1467085488553053
1467085488573490
1467085488614508
1467085488634950
1467085488655388
1467085488675842
1467085488716846
1467085488737372
1467085488757843
1467085488778302
1467085488798777
1467085488839728
1467085488860210
1467085488901161
1467085488962659
1467085488983165
1467085489003654
1467085489044576
1467085489065094
1467085489085562
1467085489105968
1467085489126462
1467085489146941
1467085489167429
1467085489249368
1467085489290330
1467085489331308
1467085489351814
1467085489413259
1467085489454168
1467085489474664
1467085489495181
1467085489536064
1467085489556562
1467085489577051
1467085489597538
1467085489659038
1467085489679466
1467085489699963
1467085489720446
1467085489781867
1467085489802344
1467085489822813
1467085489863757
1467085489904746
1467085489945702
1467085490007160
1467085490027639
1467085490068597
1467085490089051
1467085490109523
1467085490130055
1467085490150470
1467085490211922
1467085490273366
1467085490293889
1467085490314390
1467085490355315
1467085490478220
1467085490498687
1467085490519164
1467085490560131
1467085490580597
1467085490621597
1467085490642050
1467085490662557
1467085490682997
1467085490724015
1467085490744443
1467085490785399
1467085490805879
1467085490826355
1467085490867319
1467085490887881
1467085490908360
1467085490928782
1467085490949303
1467085490990264
1467085491010743
1467085491051688
1467085491072197
1467085491092635
1467085491113126
1467085491133657
1467085491154084
1467085491174468
1467085491194951
1467085491215496
1467085491276953
1467085491317892
1467085491338406
1467085491358900
1467085491379326
1467085491399763
1467085491420254
1467085491440734
1467085491481702
1467085491502175
1467085491522664
1467085491543202
1467085491563708
1467085491625077
1467085491666128
1467085491686540
1467085491706999
1467085491768462
1467085491788957
1467085491809421
1467085491829917
1467085491850406
1467085491870889
1467085491891412
1467085491911894
1467085491932326
1467085491952779
1467085491973306
1467085491993785
1467085492034710
1467085492055170
1467085492096151
1467085492116625
1467085492137092
1467085492157618
1467085492178156
1467085492219060
1467085492239579
1467085492280497
1467085492362415
1467085492382877
1467085492403356
1467085492423845
1467085492464868
1467085492485259
1467085492505748
1467085492546759
1467085492608206
1467085492669609
1467085492710541
1467085492731003
1467085492751479
1467085492771966
1467085492812913
1467085492833428
1467085492853872
1467085492874394
1467085492915409
1467085492935888
1467085492956368
1467085492976848
1467085492997302
1467085493017811
1467085493038279
1467085493079240
1467085493099761
1467085493120184
1467085493140717
1467085493161182
1467085493181620
1467085493202081
1467085493283999
1467085493324969
1467085493345480
1467085493406952
1467085493447928
1467085493468399
1467085493488859
1467085493509370
1467085493529849
1467085493591285
1467085493611786
1467085493632264
1467085493652760
1467085493714120
1467085493755157
1467085493775623
1467085493837011
1467085493857490
1467085493877972
1467085493898452
1467085493918929
1467085493959909
1467085493980390
1467085494000847
1467085494062320
1467085494082795
1467085494123719
1467085494144223
1467085494185203
1467085494205623
1467085494226098
1467085494246640
1467085494267118
1467085494287598
1467085494308078
1467085494328556
1467085494369530
1467085494451455
1467085494471927
1467085494492416
1467085494533368
1467085494553847
1467085494574322
1467085494635783
1467085494656264
1467085494676743
1467085494697243
1467085494799652
1467085494820063
1467085494881557
1467085494922490
1467085494942967
1467085494963492
1467085494983972
1467085495004451
1467085495024931
1467085495045411
1467085495065890
1467085495106785
1467085495127280
1467085495188723
1467085495229647
1467085495250126
1467085495270610
1467085495291108
1467085495311543
1467085495352578
1467085495414031
1467085495434503
1467085495475456
1467085495495948
1467085495516432
1467085495536917
1467085495557390
1467085495577869
1467085495598346
1467085495618826
1467085495680275
1467085495721191
1467085495741673
1467085495803176
1467085495844132
1467085495864632
1467085495885115
1467085495926028
1467085495967053
1467085495987512
1467085496007994
1467085496028425
1467085496069393
1467085496089877
1467085496110357
1467085496130835
1467085496151297
1467085496171781
1467085496212755
1467085496233226
1467085496274199
1467085496294672
1467085496315146
1467085496335612
1467085496356118
1467085496376605
1467085496397105
1467085496417480
1467085496458483
1467085496478959
1467085496540434
1467085496581389
1467085496601886
1467085496622333
1467085496642815
1467085496663328
1467085496724705
1467085496765670
1467085496786169
1467085496848312
1467085496888569
1467085496929551
1467085496970561
1467085496991046
1467085497011524
1467085497032008
1467085497072930
1467085497093408
1467085497113948
1467085497134427
1467085497154857
1467085497175376
1467085497195821
1467085497257258
1467085497277732
1467085497298244
1467085497318692
1467085497339167
1467085497359657
1467085497380130
1467085497400606
1467085497421079
1467085497441587
1467085497462043
1467085497503072
1467085497523565
1467085497585002
1467085497605474
1467085497646413
1467085497666928
1467085497687352
1467085497707905
1467085497769266
1467085497789746
1467085497810191
1467085497830664
1467085497851164
1467085497892115
1467085497933084
1467085497953547
1467085498014988
1467085498035469
1467085498055949
1467085498076434
1467085498096930
1467085498117405
1467085498137877
1467085498158373
1467085498178889
1467085498199370
1467085498219868
1467085498240289
1467085498260794
1467085498301785
1467085498322237
1467085498363219
1467085498383654
1467085498424613
1467085498445108
1467085498465590
1467085498486072
1467085498547503
1467085498568002
1467085498629464
1467085498649986
1467085498670410
1467085498690898
1467085498711377
1467085498731891
1467085498752312
1467085498793274
1467085498813754
1467085498854736
1467085498875229
1467085498936655
1467085498977625
1467085498998138
1467085499018613
1467085499059481
1467085499079983
1467085499100496
1467085499120970
1467085499161917
1467085499182432
1467085499202851
1467085499223349
1467085499243810
1467085499284794
1467085499305269
1467085499366776
1467085499407672
1467085499428142
1467085499448625
1467085499469090
1467085499489582
1467085499510045
1467085499530545
1467085499551001
1467085499591985
1467085499612474
1467085499673950
1467085499694417
1467085499735445
1467085499796795
1467085499858289
1467085499878745
1467085499899285
1467085499919764
1467085499940245
1467085499960722
1467085499981197
1467085500022100
1467085500042584
1467085500104030
1467085500124504
1467085500144997
1467085500165457
1467085500185954
1467085500206422
1467085500247390
1467085500267854
1467085500288377
1467085500308920
1467085500329407
1467085500349781
1467085500390729
1467085500411213
1467085500452219
1467085500472625
1467085500493107
1467085500513592
1467085500534073
1467085500575024
1467085500595511
1467085500636490
1467085500718436
1467085500738898
1467085500759375
1467085500779847
1467085500800373
1467085500820890
1467085500841317
1467085500882257
1467085500902732
1467085500923228
1467085500943715
1467085500964195
1467085500984681
1467085501025651
1467085501066616
1467085501148537
1467085501169076
1467085501189535
1467085501209981
1467085501230499
1467085501250994
1467085501271423
1467085501291960
1467085501312399
1467085501332875
1467085501353319
1467085501373875
1467085501394368
1467085501435263
1467085501455751
1467085501496716
1467085501517192
1467085501558166
1467085501578634
1467085501599131
1467085501619602
1467085501640086
1467085501680999
1467085501701463
1467085501762909
1467085501783407
1467085501803877
1467085501824412
1467085501844890
1467085501865367
1467085501885851
1467085501926748
1467085501947302
1467085501967755
1467085501988226
1467085502008707
1467085502029186
1467085502070106
1467085502111075
1467085502131598
1467085502152030
1467085502193019
1467085502213489
1467085502233971
1467085502254471
1467085502274956
1467085502295436
1467085502336420
1467085502356870
1467085502377410
1467085502397889
1467085502418370
1467085502438787
1467085502479774
1467085502500255
1467085502520733
1467085502541219
1467085502561688
1467085502582171
1467085502602650
1467085502623133
1467085502643612
1467085502664092
1467085502684577
1467085502705068
1467085502746073
1467085502766488
1467085502786983
1467085502807453
1467085502827926
1467085502848415
1467085502889395
1467085502909853
1467085502930343
1467085502991712
1467085503012192
1467085503032669
1467085503053170
1467085503073702
1467085503114683
1467085503135120
1467085503196548
1467085503237524
1467085503258014
1467085503278473
1467085503360420
1467085503380934
1467085503401351
1467085503421850
1467085503442327
1467085503462776
1467085503483287
1467085503524237
1467085503544707
1467085503585666
1467085503606167
1467085503626643
1467085503647124
1467085503667682
1467085503688130
1467085503708625
1467085503729122
1467085503770078
1467085503790531
1467085503811034
1467085503831533
1467085503852033
1467085503872491
1467085503892934
1467085503913398
1467085503933886
1467085503954377
1467085503974858
1467085504036281
1467085504056775
1467085504097734
1467085504118223
1467085504159185
1467085504200202
1467085504220631
1467085504241120
1467085504282005
1467085504302479
1467085504322957
1467085504343421
1467085504384401
1467085504404883
1467085504445832
1467085504507301
1467085504527785
1467085504568732
1467085504589216
1467085504630241
1467085504650721
1467085504671199
1467085504691683
1467085504712162
1467085504732656
1467085504753123
1467085504773622
1467085504814514
1467085504834983
1467085504916921
1467085504937409
1467085504957880
1467085504998839
1467085505019339
1467085505080755
1467085505101268
1467085505142291
1467085505162718
1467085505244711
1467085505265181
1467085505347066
1467085505367580
1467085505388055
1467085505408482
1467085505428953
1467085505449459
1467085505469936
1467085505490403
1467085505510883
1467085505531362
1467085505572325
1467085505616666
1467085505633727
1467085505654197
1467085505674688
1467085505695181
1467085505715701
1467085505736183
1467085505756650
1467085505777133
1467085505797661
1467085505818051
1467085505859079
1467085505879488
1467085505920466
1467085505940945
1467085505961422
1467085505981906
1467085506002380
1467085506022880
1467085506043358
1467085506063840
1467085506104791
1467085506125281
1467085506166238
1467085506186734
1467085506248231
1467085506289192
1467085506309626
1467085506350548
1467085506371034
1467085506391541
1467085506412012
1467085506432487
1467085506473449
1467085506493921
1467085506514412
1467085506534897
1467085506555360
1467085506575877
1467085506616833
1467085506657820
1467085506678341
1467085506719320
1467085506739757
1467085506760238
1467085506780772
1467085506801184
1467085506821650
1467085506842131
1467085506862663
1467085506903578
1467085506923992
1467085506985460
1467085507005936
1467085507026422
1467085507046869
1467085507067359
1467085507087850
1467085507108320
1467085507149286
1467085507169787
1467085507190259
1467085507210733
1467085507231215
1467085507251703
1467085507292656
1467085507333625
1467085507354104
1467085507374646
1467085507395118
1467085507415600
1467085507436196
1467085507456565
1467085507477000
1467085507497537
1467085507517983
1467085507538450
1467085507558917
1467085507579389
1467085507599961
1467085507620365
1467085507640855
1467085507661319
1467085507702307
1467085507722781
1467085507743253
1467085507763740
1467085507784240
1467085507804692
1467085507825162
1467085507845650
1467085507866152
1467085507886637
1467085507907111
1467085507948067
1467085507968548
1467085508009509
1467085508030007
1467085508050465
1467085508070962
1467085508091442
1467085508132405
1467085508152897
1467085508214297
1467085508234808
1467085508255254
1467085508275732
1467085508316667
1467085508337122
1467085508378100
1467085508398658
1467085508419116
1467085508439631
1467085508460050
1467085508480515
1467085508500983
1467085508521467
1467085508562429
1467085508582922
1467085508623890
1467085508644365
1467085508664852
1467085508685342
1467085508705806
1467085508746780
1467085508767258
1467085508808293
1467085508828725
1467085508849250
1467085508869681
1467085508890140
1467085508910644
1467085508931121
1467085508951666
1467085508992574
1467085509013051
1467085509074491
1467085509094974
1467085509115445
1467085509135944
1467085509176908
1467085509197391
1467085509238339
1467085509258816
1467085509279310
1467085509299779
1467085509320269
1467085509340751
1467085509381732
1467085509422665
1467085509443179
1467085509504662
1467085509525034
1467085509545514
1467085509606949
1467085509647909
1467085509668398
1467085509688866
1467085509709338
1467085509729844
1467085509750309
1467085509791290
1467085509811754
1467085509852717
1467085509873200
1467085509893672
1467085509934668
1467085509955127
1467085509975599
1467085509996089
1467085510037050
1467085510057527
1467085510078005
1467085510098505
1467085510118991
1467085510139482
1467085510159955
1467085510180420
1467085510200907
1467085510221432
1467085510241882
1467085510282887
1467085510303302
1467085510323862
1467085510344290
1467085510364765
1467085510405726
1467085510426203
1467085510467164
1467085510487642
1467085510528590
