1466988380273462
1466988380478272
1466988380580665
1466988380683061
1466988380785464
1466988380887875
1466988380990219
1466988381092666
1466988381195062
1466988381297464
1466988381400351
1466988381502300
1466988381604634
1466988381707667
1466988381809469
1466988381911873
1466988382014279
1466988382116694
1466988382219081
1466988382423879
1466988382526244
1466988382628671
1466988382731090
1466988382833493
1466988382935875
1466988383140691
1466988383243032
1466988383345491
1466988383447908
1466988383550272
1466988383652688
1466988383755088
1466988383959871
1466988384062299
1466988384165303
1466988384267088
1466988384369508
1466988384471907
1466988384574297
1466988384676689
1466988384779090
1466988384881492
1466988384983897
1466988385086320
1466988385188659
1466988385291115
1466988385393844
1466988385495916
1466988385599188
1466988385701265
1466988385803443
1466988385905507
1466988386007850
1466988386110319
1466988386212709
1466988386315120
1466988386417518
1466988386519862
1466988386622311
1466988386724723
1466988386827124
1466988386929520
1466988387031856
1466988387134324
1466988387236733
1466988387339141
1466988387441512
1466988387543855
1466988387646304
1466988387748721
1466988387851120
1466988387953520
1466988388055928
1466988388158327
1466988388363136
1466988388465519
1466988388567919
1466988388772721
1466988388875136
1466988389079923
1466988389284748
1466988389387116
1466988389490976
1466988389591925
1466988389694324
1466988389796755
1466988389899067
1466988390001551
1466988390308757
1466988390411169
1466988390514706
1466988390616730
1466988390718352
1466988390821061
1466988390923693
1466988391025560
1466988391127923
1466988391230351
1466988391537563
1466988391639950
1466988391742374
1466988391845267
1466988391947125
1466988392049891
1466988392151962
1466988392254565
1466988392356758
1466988392459169
1466988392561497
1466988392663951
1466988392766363
1466988392868754
1466988392971151
1466988393074884
1466988393175966
1466988393278399
1466988393381380
1466988393483332
1466988393585481
1466988393687978
1466988393790358
1466988393892773
1466988393995177
1466988394097583
1466988394199975
1466988394302333
1466988394404767
1466988394507184
1466988394609583
1466988394814379
1466988394916717
1466988395121516
1466988395223977
1466988395326352
1466988395428766
1466988395531124
1466988395633580
1466988395735975
1466988395940724
1466988396043178
1466988396145548
1466988396350378
1466988396555173
1466988396862395
1466988396964731
1466988397067187
1466988397169608
1466988397272657
1466988397374403
1466988397476772
1466988397579171
1466988397681515
1466988397783977
1466988397886385
1466988397988811
1466988398091196
1466988398193578
1466988398295979
1466988398398379
1466988398500797
1466988398603143
1466988398807997
1466988398910396
1466988399115148
1466988399217623
1466988399320026
1466988399422397
1466988399524796
1466988399627208
1466988399729606
1466988400036811
1466988400344007
1466988400446420
1466988400548822
1466988400651146
1466988400753618
1466988400856021
1466988401060811
1466988401163200
1466988401265631
1466988401368043
1466988401572822
1466988401675937
1466988401777624
1466988401879977
1466988402084855
1466988402289626
1466988402392034
1466988402494430
1466988402596823
1466988402699223
1466988402801623
1466988402904004
1466988403006419
1466988403108826
1466988403211242
1466988403313657
1466988403416055
1466988403518420
1466988403620823
1466988403723223
1466988403825656
1466988403928065
1466988404030427
1466988404132833
1466988404235222
1466988404337632
1466988404440046
1466988404542423
1466988404644823
1466988404747231
1466988404849633
1466988404952046
1466988405054420
1466988405156752
1466988405259224
1466988405465199
1466988405568979
1466988405668787
1466988405771253
1466988405875179
1466988405976422
1466988406078744
1466988406180795
1466988406283250
1466988406385647
1466988406488049
1466988406590443
1466988406692830
1466988406795251
1466988406897672
1466988407000057
1466988407102443
1466988407204821
1466988407307252
1466988407409673
1466988407512046
1466988407614442
1466988407716848
1466988407819214
1466988407921693
1466988408024064
1466988408126446
1466988408228871
1466988408331263
1466988408433678
1466988408536046
1466988408638470
1466988408740852
1466988408843270
1466988408945690
1466988409048062
1466988409150486
1466988409252824
1466988409355243
1466988409457698
1466988409560068
1466988409662472
1466988409764877
1466988409867285
1466988409969799
1466988410072228
1466988410174486
1466988410276896
1466988410379318
1466988410481689
1466988410584073
1466988410686472
1466988410788855
1466988410891300
1466988410993656
1466988411096089
1466988411198487
1466988411403307
1466988411506249
1466988411608075
1466988411710409
1466988411915305
1466988412017699
1466988412120115
1466988412222443
1466988412324893
1466988412632096
1466988412734506
1466988412836865
1466988412939298
1466988413041721
1466988413144112
1466988413246430
1466988413348906
1466988413451494
1466988413553693
1466988413656096
1466988413758494
1466988413861306
1466988413963303
1466988414065712
1466988414168142
1466988414270504
1466988414372901
1466988414475258
1466988414577693
1466988414680130
1466988414782477
1466988414884919
1466988414987324
1466988415089713
1466988415192115
1466988415396904
1466988415499303
1466988415704116
1466988415806451
1466988415908858
1466988416011305
1466988416113676
1466988416216122
1466988416318497
1466988416420939
1466988416523305
1466988416625721
1466988416728136
1466988416830478
1466988416932907
1466988417035332
1466988417137753
1466988417342680
1466988417444958
1466988417649905
1466988417752292
1466988417854531
1466988417957523
1466988418059355
1466988418161740
1466988418264097
1466988418366538
1466988418468956
1466988418571351
1466988418673746
1466988418776100
1466988418878529
1466988418980938
1466988419083348
1466988419185746
1466988419288108
1466988419390551
1466988419492937
1466988419595337
1466988419697739
1466988419802222
1466988419902550
1466988420006867
1466988420107359
1466988420209773
1466988420312141
1466988420414552
1466988420516896
1466988420619321
1466988420721751
1466988420824146
1466988420926547
1466988421028953
1466988421131336
1466988421233773
1466988421336169
1466988421438551
1466988421542007
1466988421643376
1466988421745768
1466988421848175
1466988421950574
1466988422052975
1466988422155334
1466988422257721
1466988422360245
1466988422462574
1466988422564956
1466988422667359
1466988422769747
1466988422872151
1466988422974557
1466988423076957
1466988423179357
1466988423281745
1466988423384147
1466988423486562
1466988423588976
1466988423691384
1466988423793793
1466988423896212
1466988423998608
1466988424100971
1466988424203375
1466988424305738
1466988424408174
1466988424510597
1466988424715373
1466988424920177
1466988425022584
1466988425124934
1466988425227332
1466988425329737
1466988425432636
1466988425534582
1466988425636984
1466988425739385
1466988425841936
1466988425944196
1466988426046614
1466988426148988
1466988426251401
1466988426353722
1466988426456182
1466988426558585
1466988426660983
1466988426763388
1466988426865739
1466988426968195
1466988427070612
1466988427173003
1466988427278299
1466988427377817
1466988427480176
1466988427582525
1466988427684981
1466988427787361
1466988427992202
1466988428094603
1466988428197013
1466988428299412
1466988428401814
1466988428504216
1466988428606582
1466988428709024
1466988428811368
1466988428913813
1466988429016221
1466988429118628
1466988429221027
1466988429323449
1466988429425804
1466988429528441
1466988429733012
1466988429835428
1466988429937806
1466988430040213
1466988430142635
1466988430245032
1466988430347443
1466988430449818
1466988430552203
1466988430654610
1466988430757014
1466988430859383
1466988430961832
1466988431064217
1466988431166642
1466988431269037
1466988431371366
1466988431473834
1466988431576230
1466988431678628
1466988431782296
1466988431883414
1466988432088244
1466988432190642
1466988432395396
1466988432497830
1466988432600234
1466988432702636
1466988432805050
1466988432907402
1466988433009850
1466988433112250
1466988433214656
1466988433317073
1466988433419430
1466988433522123
1466988433624235
1466988433726646
1466988433829060
1466988433931997
1466988434033829
1466988434136243
1466988434238654
1466988434341069
1466988434545861
1466988434648255
1466988434750656
1466988434853030
1466988434955422
1466988435057791
1466988435160247
1466988435262662
1466988435365069
1466988435467441
1466988435569868
1466988435672263
1466988435979443
1466988436081873
1466988436184278
1466988436286663
1466988436389075
1466988436491447
1466988436696264
1466988436798685
1466988436901456
1466988437003412
1466988437105852
1466988437208276
1466988437310677
1466988437412984
1466988437515491
1466988437720268
1466988437925030
1466988438027614
1466988438129869
1466988438335327
1466988438437067
1466988438539485
1466988438641879
1466988438744282
1466988438846701
1466988438949060
1466988439051492
1466988439153881
1466988439461038
1466988439563489
1466988439665906
1466988439870721
1466988439973092
1466988440075519
1466988440178446
1466988440280264
1466988440382698
1466988440485075
1466988440587475
1466988440689887
1466988440792285
1466988440894679
1466988440997100
1466988441099475
1466988441201894
1466988441407149
1466988441509535
1466988441611493
1466988441713899
1466988441816309
1466988441918702
1466988442021113
1466988442123529
1466988442225901
1466988442328302
1466988442430724
1466988442533104
1466988442635500
1466988442737884
1466988442840303
1466988442942712
1466988443045113
1466988443159441
1466988443250072
1466988443454658
1466988443562882
1466988443660454
1466988443773837
1466988443864333
1466988443966865
1466988444069253
1466988444275353
1466988444376324
1466988444581046
1466988444683899
1466988444785926
1466988444888325
1466988444990718
1466988445095264
1466988445197010
1466988445299645
1466988445406480
1466988445502655
1466988445708257
1466988445809934
1466988445912312
1466988446014732
1466988446117147
1466988446219551
1466988446321928
1466988446424325
1466988446526739
1466988446629144
1466988446731541
1466988446833952
1466988446936362
1466988447038738
1466988447141148
1466988447243541
1466988447345953
1466988447448356
1466988447550740
1466988447653154
1466988447755547
1466988447857962
1466988448062745
1466988448165127
1466988448267544
1466988448369952
1466988448472359
1466988448574727
1466988448779590
1466988449086726
1466988449189130
1466988449291572
1466988449393951
1466988449496414
1466988449598764
1466988449701172
1466988449803744
1466988449905959
1466988450008360
1466988450110752
1466988450213174
1466988450315571
1466988450417954
1466988450520298
1466988450622781
1466988450725172
1466988450827580
1466988450929960
1466988451032321
1466988451135659
1466988451348900
1466988451441977
1466988451544294
1466988451646752
1466988451749157
1466988451953960
1466988452071612
1466988452261170
1466988452363570
1466988452568388
1466988452670906
1466988452773185
1466988452875580
1466988452977981
1466988453080373
1466988453182772
1466988453489995
1466988453694777
1466988453797183
1466988453899590
1466988454001964
1466988454104378
1466988454206793
1466988454411611
1466988454513961
1466988454616418
1466988454718780
1466988455128393
1466988455230776
1466988455333183
1466988455435589
1466988455537987
1466988455640389
1466988455742797
1466988455845204
1466988455947604
1466988456152394
1466988456258702
1466988456363329
1466988456459668
1466988456565544
1466988456664391
1466988456770207
1466988457075595
1466988457176389
1466988457382588
1466988457483589
1466988457587707
1466988457688387
1466988457791102
1466988457895476
1466988457995589
1466988458109179
1466988458202793
1466988458302828
1466988458409388
1466988458508752
1466988458609981
1466988458712659
1466988458814825
1466988458917380
1466988459019636
1466988459122785
1466988459225894
1466988459326824
1466988459431467
1466988459531629
1466988459635456
1466988459736431
1466988459838805
1466988460043616
1466988460352660
1466988460454844
1466988460555618
1466988460658013
1466988460761506
1466988460969081
1466988461079272
1466988461174135
1466988461273026
1466988461374834
1466988461485857
1466988461582364
1466988461684259
1466988461784680
1466988461895452
1466988461989433
1466988462093509
1466988462199887
1466988462301418
1466988462408594
1466988462501319
1466988462603783
1466988462718145
1466988462808715
1466988462910845
1466988463013529
1466988463117886
1466988463220884
1466988463320619
1466988463428260
1466988463628564
1466988463730085
1466988463838143
1466988463947028
1466988464049722
1466988464243152
1466988464345780
1466988464446790
1466988464549250
1466988464657201
1466988464754075
1466988464856699
1466988464965928
1466988465073468
1466988465171141
1466988465270449
1466988465368533
1466988465575129
1466988465680186
1466988465778323
1466988465882311
1466988465982876
1466988466187694
1466988466290363
1466988466392463
1466988466498396
1466988466598532
1466988466699685
1466988466806352
1466988466905213
1466988467007032
1466988467115350
1466988467318939
1466988467416591
1466988467528443
1466988467736022
1466988467828092
1466988468030878
1466988468133280
1466988468338194
1466988468441958
1466988468749059
1466988468851856
1466988468952496
1466988469055203
1466988469259797
1466988469362096
1466988469464495
1466988469567216
1466988469771682
1466988469874078
1466988469976430
1466988470078886
1466988470181221
1466988470287506
1466988470397030
1466988470594941
1466988470693642
1466988470795682
1466988470898077
1466988471000444
1466988471104089
1466988471207310
1466988471308018
1466988471411878
1466988471512525
1466988471615312
1466988471719178
1466988471820455
1466988471922617
1466988472024528
1466988472126915
1466988472230104
1466988472331706
1466988472434449
1466988472536468
1466988472741313
1466988472843703
1466988472946129
1466988473049312
1466988473253317
1466988473355706
1466988473458106
1466988473562454
1466988473869280
1466988473970134
1466988474073669
1466988474379729
1466988474584589
1466988474789277
1466988474996334
1466988475100540
1466988475307199
1466988475403751
1466988475507150
1466988475710947
1466988475824082
1466988476120548
1466988476223759
1466988476326071
1466988476427745
1466988476530149
1466988476633779
1466988476736167
1466988476839013
1466988476939738
1466988477042138
1466988477146228
1466988477246964
1466988477349373
1466988477451736
1466988477554252
1466988477758901
1466988477861360
1466988477963752
1466988478066389
1466988478170150
1466988478270895
1466988478373349
1466988478578619
1466988478680592
1466988478784951
1466988479091489
1466988479193208
1466988479294977
1466988480013335
1466988480218953
1466988480319451
1466988480421388
1466988480524287
1466988480628223
1466988480729640
1466988480833455
1466988480935458
1466988481035760
1466988481240585
1466988481343475
1466988481445584
1466988481556394
1466988481651814
1466988481752610
1466988481855173
1466988481968829
1466988482064557
1466988482172608
1466988482265158
1466988482370576
1466988482682154
1466988482785667
1466988482883906
1466988482987523
1466988483084956
1466988483194705
1466988483288930
1466988483390991
1466988483698322
1466988483800799
1466988483912603
1466988484005985
1466988484210880
1466988484314168
1466988484414994
1466988484519523
1466988484619801
1466988484825376
1466988484927024
1466988485030499
1466988485234206
1466988485438997
1466988485643811
1466988485848616
1466988486158076
1466988486360899
1466988486463018
1466988486667830
1466988486872879
1466988486976282
1466988487077356
1466988487179838
1466988487282457
1466988487589407
1466988487794230
1466988488102854
1466988488214451
1466988488511116
1466988488615310
1466988488715841
1466988488818500
1466988488920643
1466988489023284
1466988489125453
1466988489227934
1466988489330766
1466988489432620
1466988489535018
1466988489637445
1466988489739839
1466988489842247
1466988489945390
1466988490047310
1466988490149623
1466988490354196
1466988490456632
1466988490559079
1466988490662298
1466988490765035
1466988490867936
1466988490970526
1466988491071029
1466988491173756
1466988491378473
1466988491480623
1466988491584291
1466988491685435
1466988491787861
1466988491892563
1466988492103713
1466988492197455
1466988492299854
1466988492404411
1466988492504707
1466988492709796
1466988492811971
1466988492915708
1466988493016662
1466988493119082
1466988493221460
1466988493324155
1466988493427138
1466988493528666
1466988493733458
1466988493836826
1466988493938286
1466988494143670
1466988494245785
1466988494347886
1466988494450207
1466988494553242
1466988494655078
1466988494757477
1466988494862391
1466988494966834
1466988495064740
1466988495170393
1466988495271708
1466988495371800
1466988495474525
1466988495576691
1466988495679808
1466988495781464
1466988495883792
1466988496191309
1466988496293903
1466988496395827
1466988496498301
1466988496600710
1466988496703068
1466988496805475
1466988496907873
1466988497010264
1466988497112708
1466988497215086
1466988497317504
1466988497422647
1466988497524233
1466988497727085
1466988497829488
1466988497937307
1466988498136887
