1467324252162173
1467324252776564
1467324252880594
1467324252981379
1467324253083778
1467324253186199
1467324253288585
1467324253390977
1467324253493387
1467324253595829
1467324253698173
1467324253800573
1467324253903000
1467324254005393
1467324254107769
1467324254210204
1467324254312612
1467324254414967
1467324254517370
1467324254619795
1467324254722186
1467324254824575
1467324254926966
1467324255029410
1467324255131764
1467324255234179
1467324255336672
1467324255439007
1467324255541384
1467324255643800
1467324255746194
1467324255848569
1467324255950976
1467324256053447
1467324256155795
1467324256259001
1467324256360593
1467324256463134
1467324256565393
1467324256667787
1467324256770193
1467324256876381
1467324256974983
1467324257077386
1467324257179772
1467324257282190
1467324257384639
1467324257486994
1467324257589389
1467324257691762
1467324257794592
1467324257896574
1467324257998971
1467324258101369
1467324258203842
1467324258306189
1467324258408636
1467324258511844
1467324258613722
1467324258715798
1467324258818180
1467324258920598
1467324259023005
1467324259125385
1467324259227759
1467324259330183
1467324259432701
1467324259534971
1467324259637532
1467324259739801
1467324259842196
1467324259944634
1467324260046964
1467324260149385
1467324260251781
1467324260354182
1467324260456633
1467324260558999
1467324260661358
1467324260763775
1467324260866192
1467324260968579
1467324261070973
1467324261173400
1467324261275812
1467324261378179
1467324261480669
1467324261582983
1467324261685365
1467324261787781
1467324261890723
1467324261992602
1467324262094972
1467324262197397
1467324262299783
1467324262402201
1467324262504580
1467324262606965
1467324262709385
1467324262811831
1467324262914183
1467324263017467
1467324263118997
1467324263221394
1467324263323824
1467324263426203
1467324263528656
1467324263630982
1467324263733382
1467324263835787
1467324263938193
1467324264040578
1467324264142980
1467324264245472
1467324264347857
1467324264450182
1467324264552607
1467324264655094
1467324264757365
1467324264859788
1467324264962208
1467324265064579
1467324265166968
1467324265269401
1467324265371774
1467324265474163
1467324265576571
1467324265678992
1467324265781390
1467324265883754
1467324265986203
1467324266088600
1467324266190988
1467324266302470
1467324266402088
1467324266504624
1467324266600585
1467324266702996
1467324266805773
1467324266907782
1467324267010165
1467324267112590
1467324267214969
1467324267317379
1467324267419796
1467324267522164
1467324267624588
1467324267726998
1467324267829363
1467324267931762
1467324268035129
1467324268136591
1467324268238986
1467324268341388
1467324268443769
1467324268546158
1467324268650780
1467324268751165
1467324268863661
1467324268955851
1467324269058176
1467324269160597
1467324269263009
1467324269365492
1467324269467778
1467324269570195
1467324269672596
1467324269774985
1467324269877372
1467324269979765
1467324270082179
1467324270185617
1467324270286999
1467324270389381
1467324270491791
1467324270594164
1467324270696558
1467324270798975
1467324270901366
1467324271003760
1467324271106171
1467324271208591
1467324271310971
1467324271413370
1467324271515987
1467324271620442
1467324271720780
1467324271823231
1467324271925497
1467324272027762
1467324272130178
1467324272232549
1467324272334980
1467324272437372
1467324272540615
1467324272642189
1467324272744776
1467324272846978
1467324272949372
1467324273051797
1467324273154169
1467324273256613
1467324273359015
1467324273461366
1467324273563764
1467324273666696
1467324273768580
1467324273871409
1467324273973424
1467324274075869
1467324274178330
1467324274280572
1467324274382965
1467324274485508
1467324274587774
1467324274690163
1467324274792581
1467324274895138
1467324274997410
1467324275099781
1467324275202264
1467324275304582
1467324275406991
1467324275509379
1467324275611783
1467324275714193
1467324275816558
1467324275918990
1467324276021384
1467324276123860
1467324276226204
1467324276328590
1467324276431001
1467324276533407
1467324276635782
1467324276738206
1467324276840603
1467324276942996
1467324277045388
1467324277147771
1467324277250202
1467324277352577
1467324277455032
1467324277557389
1467324277659843
1467324277762207
1467324277864579
1467324277966970
1467324278069405
1467324278171775
1467324278274211
1467324278376594
1467324278479189
1467324278581369
1467324278683786
1467324278786162
1467324278891340
1467324278991005
1467324279093426
1467324279195753
1467324279298161
1467324279400572
1467324279503247
1467324279605397
1467324279707789
1467324279810184
1467324279912598
1467324280014956
1467324280117375
1467324280219816
1467324280322231
1467324280424594
1467324280526964
1467324280629371
1467324280731766
1467324280834158
1467324280936554
1467324281038999
1467324281141386
1467324281243784
1467324281346248
1467324281448574
1467324281550966
1467324281653423
1467324281755774
1467324281858191
1467324281960569
1467324282062973
1467324282165370
1467324282267780
1467324282370465
1467324282472618
1467324282574982
1467324282677381
1467324282779760
1467324282882197
1467324282984575
1467324283086981
1467324283189379
1467324283291800
1467324283394178
1467324283496571
1467324283598979
1467324283701389
1467324283803795
1467324283906891
1467324284008544
1467324284110960
1467324284213383
1467324284315776
1467324284418182
1467324284520646
1467324284622970
1467324284725384
1467324284827767
1467324284930167
1467324285032615
1467324285135123
1467324285237537
1467324285339763
1467324285442171
1467324285544556
1467324285646975
1467324285750890
1467324285851771
1467324285954171
1467324286056550
1467324286158964
1467324286261346
1467324286363763
1467324286466158
1467324286568613
1467324286670962
1467324286773364
1467324286875796
1467324286978178
1467324287081157
1467324287182962
1467324287286209
1467324287387790
1467324287490169
1467324287592582
1467324287694999
1467324287797828
1467324287899780
1467324288002194
1467324288104566
1467324288206976
1467324288309388
1467324288411827
1467324288514198
1467324288616557
1467324288718966
1467324288834968
1467324288923767
1467324289037957
1467324289128561
1467324289231046
1467324289333439
1467324289435754
1467324289538180
1467324289640574
1467324289742969
1467324289845462
1467324289947768
1467324290050188
1467324290152565
1467324290254949
1467324290357349
1467324290459787
1467324290562176
1467324290664552
1467324290766983
1467324290869374
1467324290971829
1467324291074208
1467324291176556
1467324291278976
1467324291381346
1467324291483796
1467324291586193
1467324291688590
1467324291790981
1467324291893364
1467324291995825
1467324292098196
1467324292200559
1467324292302956
1467324292405493
1467324292507750
1467324292610159
1467324292714678
1467324292815117
1467324292917411
1467324293019789
1467324293122180
1467324293224562
1467324293326962
1467324293429377
1467324293535063
1467324293634176
1467324293736589
1467324293839403
1467324293941386
1467324294043757
1467324294146166
1467324294248562
1467324294351248
1467324294453458
1467324294555772
1467324294658191
1467324294760552
1467324294862952
1467324294965352
1467324295067764
1467324295170204
1467324295272555
1467324295374953
1467324295477373
1467324295583036
1467324295682147
1467324295784573
1467324295886949
1467324295989367
1467324296091772
1467324296194176
1467324296296571
1467324296398970
1467324296501354
1467324296603748
1467324296706155
1467324296808627
1467324296910970
1467324297013367
1467324297115751
1467324297218190
1467324297320589
1467324297422971
1467324297525366
1467324297627747
1467324297730178
1467324297832557
1467324297934962
1467324298037346
1467324298139749
1467324298242220
1467324298344555
1467324298447001
1467324298549369
1467324298651754
1467324298754158
1467324298859570
1467324298958970
1467324299061451
1467324299163773
1467324299266142
1467324299368572
1467324299470954
1467324299573457
1467324299675757
1467324299778237
1467324299880570
1467324299982955
1467324300085450
1467324300187761
1467324300290149
1467324300392552
1467324300494952
1467324300597347
1467324300699743
1467324300802167
1467324300904556
1467324301006946
1467324301109683
1467324301211843
1467324301314577
1467324301416576
1467324301518957
1467324301621358
1467324301723779
1467324301826163
1467324301928554
1467324302030960
1467324302133546
1467324302235824
1467324302338168
1467324302440558
1467324302542954
1467324302645383
1467324302747758
1467324302850156
1467324302952552
1467324303054969
1467324303157384
1467324303259761
1467324303362168
1467324303464564
1467324303566966
1467324303669366
1467324303771809
1467324303874171
1467324303976540
1467324304078967
1467324304181352
1467324304284556
1467324304386143
1467324304488572
1467324304590972
1467324304693433
1467324304795746
1467324304898142
1467324305000553
1467324305102968
1467324305205346
1467324305307786
1467324305410256
1467324305512554
1467324305614956
1467324305717348
1467324305819764
1467324305922154
1467324306024554
1467324306126968
1467324306229351
1467324306331746
1467324306434151
1467324306536618
1467324306638985
1467324306741350
1467324306843794
1467324306946152
1467324307048561
1467324307150990
1467324307253387
1467324307355789
1467324307460640
1467324307560650
1467324307662954
1467324307765389
1467324307867759
1467324307970164
1467324308072632
1467324308175184
1467324308277360
1467324308379745
1467324308482164
1467324308584600
1467324308686957
1467324308789358
1467324308891774
1467324308994301
1467324309096563
1467324309198965
1467324309301354
1467324309403784
1467324309506156
1467324309608703
1467324309711051
1467324309813394
1467324309915752
1467324310018245
1467324310120562
1467324310222988
1467324310325353
1467324310427843
1467324310530191
1467324310632543
1467324310734976
1467324310837365
1467324310939765
1467324311042146
1467324311144606
1467324311247369
1467324311349355
1467324311453828
1467324311554166
1467324311656556
1467324311758977
1467324311861537
1467324311963773
1467324312066184
1467324312168572
1467324312273002
1467324312375826
1467324312475755
1467324312578146
1467324312680555
1467324312783487
1467324312885351
1467324312987760
1467324313090163
1467324313192545
1467324313295037
1467324313397345
1467324313499752
1467324313602145
1467324313704542
1467324313806941
1467324313909365
1467324314011746
1467324314114140
1467324314216535
1467324314318962
1467324314421386
1467324314523766
1467324314626148
1467324314728623
1467324314842484
1467324314933515
1467324315035769
1467324315138149
1467324315240576
1467324315342962
1467324315445451
1467324315547757
1467324315650140
1467324315752537
1467324315854963
1467324315957390
1467324316059774
1467324316162380
1467324316264616
1467324316367057
1467324316469590
1467324316571752
1467324316674655
1467324316776650
1467324316878937
1467324316981365
1467324317083751
1467324317186179
1467324317288537
1467324317390993
1467324317495845
1467324317595822
1467324317698163
1467324317800565
1467324317902938
1467324318005398
1467324318107767
1467324318210156
1467324318312675
1467324318414973
1467324318517341
1467324318619808
1467324318722155
1467324318824539
1467324318927032
1467324319029347
1467324319131785
1467324319234156
1467324319336552
1467324319438979
1467324319541349
1467324319643763
1467324319746140
1467324319848540
1467324319950953
1467324320053378
1467324320155747
1467324320258159
1467324320360548
1467324320462962
1467324320565341
1467324320667751
1467324320770186
1467324320872556
1467324320974941
1467324321077334
1467324321179864
1467324321282166
1467324321384563
1467324321487033
1467324321589520
1467324321691767
1467324321794158
1467324321896542
1467324321998972
1467324322101335
1467324322203792
1467324322306145
1467324322408558
1467324322511432
1467324322613506
1467324322715723
1467324322818145
1467324322920557
1467324323022945
1467324323125350
1467324323227763
1467324323330160
1467324323432542
1467324323534933
1467324323637336
1467324323739752
1467324323842148
1467324323944560
1467324324046959
1467324324149348
1467324324251765
1467324324354172
1467324324456604
1467324324559074
1467324324661335
1467324324763887
1467324324866163
1467324324968603
1467324325070958
1467324325173354
1467324325275748
1467324325378204
1467324325481152
1467324325582942
1467324325685396
1467324325788235
1467324325890170
1467324325992580
1467324326095083
1467324326197528
1467324326299808
1467324326402182
1467324326504565
1467324326606935
1467324326709347
1467324326811776
1467324326914158
1467324327016558
1467324327118970
1467324327221373
1467324327323979
1467324327426170
1467324327528566
1467324327630975
1467324327733355
1467324327835732
1467324327938174
1467324328040561
1467324328142938
1467324328245354
1467324328347760
1467324328450206
1467324328552579
1467324328654947
1467324328757362
1467324328859726
1467324328962125
1467324329064550
1467324329166939
1467324329269368
1467324329371732
1467324329474164
1467324329576571
1467324329678967
1467324329782022
1467324329883756
1467324329986141
1467324330088544
1467324330190953
1467324330293415
1467324330395784
1467324330498210
1467324330600574
1467324330702940
1467324330805404
1467324330907766
1467324331010155
1467324331112557
1467324331214959
1467324331317383
1467324331419982
1467324331522181
1467324331624560
1467324331726988
1467324331829385
1467324331931981
1467324332034156
1467324332136606
1467324332239228
1467324332341338
1467324332443814
1467324332546151
1467324332650433
1467324332750955
1467324332853373
1467324332955762
1467324333058144
1467324333160523
1467324333262952
1467324333365340
1467324333467735
1467324333572366
1467324333679691
1467324333774942
1467324333877426
1467324333979736
1467324334084387
1467324334184539
1467324334286968
1467324334389340
1467324334491748
1467324334594173
1467324334696527
1467324334798940
1467324334901370
1467324335003749
1467324335106133
1467324335208557
1467324335310951
1467324335413742
1467324335515739
1467324335618142
1467324335720564
1467324335822939
1467324335925359
1467324336027750
1467324336130469
1467324336232590
1467324336334948
1467324336437342
1467324336539729
1467324336642144
1467324336747265
1467324336846955
1467324336949334
1467324337051731
1467324337154569
1467324337256556
1467324337358969
1467324337461349
1467324337563733
1467324337666125
1467324337768552
1467324337870960
1467324337973621
1467324338075729
1467324338178188
1467324338280590
1467324338382942
1467324338485399
1467324338587760
1467324338690174
1467324338792542
1467324338894967
1467324338997358
1467324339099765
1467324339202222
1467324339304548
1467324339406955
1467324339509343
1467324339611743
1467324339714162
1467324339816554
1467324339918970
1467324340021337
1467324340124190
1467324340226141
1467324340328606
1467324340430957
1467324340533592
1467324340635763
1467324340738166
1467324340840551
1467324340943010
1467324341045362
1467324341148110
1467324341250194
1467324341352575
1467324341454946
1467324341557384
1467324341659792
1467324341762356
1467324341867067
1467324341966956
1467324342069365
1467324342171752
1467324342274534
1467324342376553
1467324342581358
1467324342683748
1467324342786682
1467324342888540
1467324342990943
1467324343093591
1467324343195795
1467324343298145
1467324343400554
1467324343503207
1467324343605360
1467324343707732
1467324343810157
1467324343912575
1467324344014925
1467324344117394
1467324344219730
1467324344322140
1467324344424529
1467324344526960
1467324344629430
1467324344731739
1467324344834141
1467324344936520
1467324345038942
1467324345141336
1467324345243796
1467324345346130
1467324345448546
1467324345550947
1467324345653403
1467324345755763
1467324345858153
1467324345960577
1467324346062934
1467324346165342
1467324346267752
1467324346370193
1467324346472532
1467324346574957
1467324346677362
1467324346779737
1467324346882397
1467324346984526
1467324347086981
1467324347189429
1467324347291797
1467324347395060
1467324347496563
1467324347598928
1467324347701481
1467324347803737
1467324347906144
1467324348008587
1467324348110980
1467324348213587
1467324348318302
1467324348418136
1467324348520650
1467324348622921
1467324348725363
1467324348827731
1467324348930172
1467324349032535
1467324349134926
1467324349237338
1467324349339731
1467324349442249
1467324349544623
1467324349646969
1467324349749325
1467324349851765
1467324349954141
1467324350056553
1467324350159000
1467324350261339
1467324350363767
1467324350466144
1467324350568536
1467324350670949
1467324350773340
1467324350875835
1467324350978133
1467324351080543
1467324351182941
1467324351285352
1467324351387765
1467324351490838
1467324351592647
1467324351694941
1467324351797322
1467324351899731
1467324352002131
1467324352104528
1467324352206930
1467324352309356
1467324352411762
1467324352514167
1467324352616573
1467324352719003
1467324352821339
1467324352923746
1467324353026139
1467324353128585
1467324353230949
1467324353333341
1467324353435750
1467324353538187
1467324353640539
1467324353742919
1467324353845318
1467324353947730
1467324354050137
1467324354152767
1467324354254944
1467324354357338
1467324354460126
1467324354562132
1467324354664522
1467324354766948
1467324354869329
1467324354971762
1467324355074138
