1466987618727064
1466987618829484
1466987618931890
1466987619034282
1466987619136768
1466987619241224
1466987619341399
1466987619443872
1466987619546287
1466987619648598
1466987619751558
1466987619853418
1466987619955870
1466987620059634
1466987620263064
1466987620366971
1466987620467866
1466987620570220
1466987620673985
1466987621082248
1466987621184596
1466987621287064
1466987621389472
1466987621491823
1466987621594292
1466987621696665
1466987621799064
1466987622003869
1466987622106287
1466987622208683
1466987622311085
1466987622413470
1466987622515870
1466987622618308
1466987622720621
1466987622823079
1466987623027877
1466987623130290
1466987623234499
1466987623335090
1466987623437478
1466987623539871
1466987623642287
1466987623745609
1466987623849312
1466987623949444
1466987624051887
1466987624154307
1466987624359209
1466987624463959
1466987624563847
1466987624666321
1466987624770809
1466987624871015
1466987624974450
1466987625075881
1466987625178299
1466987625280697
1466987625383011
1466987625485872
1466987625587960
1466987625792673
1466987625896447
1466987625997837
1466987626099825
1466987626307322
1466987626407065
1466987626816690
1466987626919016
1466987627021496
1466987627123888
1466987627228521
1466987627328684
1466987627432180
1466987627533458
1466987628045446
1466987628147872
1466987628250293
1466987628352624
1466987628456820
1466987628557474
1466987628659872
1466987628762243
1466987628864685
1466987628967235
1466987629071635
1466987629171905
1466987629274292
1466987629376666
1466987629479079
1466987629581610
1466987629686017
1466987629786245
1466987629888668
1466987629991040
1466987630093479
1466987630195890
1466987630298313
1466987630400692
1466987630504824
1466987630605472
1466987630707875
1466987630811659
1466987630912684
1466987631015045
1466987631118824
1466987631219823
1466987631322195
1466987631425704
1466987631529488
1466987631629467
1466987631834247
1466987631936626
1466987632346222
1466987632448599
1466987632551091
1466987632653409
1466987632755836
1466987632960893
1466987633063064
1466987633165453
1466987633267853
1466987633370213
1466987633472666
1466987633575066
1466987634086560
1466987634189747
1466987634294067
1466987634394262
1466987634496688
1466987634599069
1466987634803976
1466987634908762
1466987635008686
1466987635111074
1466987635213471
1466987635315873
1466987635418258
1466987635520639
1466987635623022
1466987635727090
1466987635827822
1466987635930249
1466987636139119
1466987636238274
1466987636442186
1466987636647188
1466987636851785
1466987636954185
1466987637056605
1466987637158980
1466987637363776
1466987637466191
1466987637568603
1466987637670981
1466987637773385
1466987637875771
1466987637978183
1466987638285457
1466987638387881
1466987638490226
1466987638592642
1466987638797468
1466987638901659
1466987639002210
1466987639106652
1466987639309469
1466987639412019
1466987639616576
1466987639719042
1466987639821455
1466987639923849
1466987640026278
1466987640130828
1466987640230985
1466987640333447
1466987640435848
1466987640538248
1466987640640639
1466987640743066
1466987640845467
1466987640948941
1466987641050264
1466987641152654
1466987641256457
1466987641357447
1466987641460045
1466987641664655
1466987641767063
1466987641869603
1466987641974187
1466987642074268
1466987642176665
1466987642279062
1466987642381472
1466987642483873
1466987642586210
1466987642688659
1466987642791007
1466987642893466
1466987642995860
1466987643098270
1466987643200661
1466987643303068
1466987643405416
1466987643507866
1466987643610253
1466987643712638
1466987643917467
1466987644124060
1466987644224658
1466987644327056
1466987644429476
1466987644531870
1466987644634253
1466987644739179
1466987644839043
1466987644941457
1466987645043982
1466987645148015
1466987645249198
1466987645351149
1466987645454976
1466987645556038
1466987645658250
1466987645760642
1466987645863044
1466987645965387
1466987646067791
1466987646171166
1466987646272582
1466987646375062
1466987646477477
1466987646579814
1466987646682215
1466987646786008
1466987646887062
1466987646989470
1466987647091958
1466987647196382
1466987647296655
1466987647399074
1466987647501472
1466987647603816
1466987647706195
1466987647808665
1466987647911068
1466987648013474
1466987648115828
1466987648218268
1466987648320672
1466987648423068
1466987648525431
1466987648627850
1466987648730203
1466987648832658
1466987649037476
1466987649139868
1466987649242270
1466987649346435
1466987649447005
1466987649549477
1466987649651862
1466987649754277
1466987649857035
1466987649961242
1466987650061471
1466987650163868
1466987650268496
1466987650368657
1466987650575571
1466987650675876
1466987650778267
1466987650880662
1466987650983065
1466987651085400
1466987651187874
1466987651290271
1466987651393708
1466987651597386
1466987651701311
1466987651802267
1466987652008579
1466987652111532
1466987652211875
1466987652314392
1466987652418875
1466987652519008
1466987652621463
1466987652723836
1466987652826247
1466987652928659
1466987653031060
1466987653133468
1466987653235870
1466987653338268
1466987653440659
1466987653543068
1466987653645461
1466987653747860
1466987653850258
1466987653952650
1466987654055022
1466987654157469
1466987654259862
1466987654362249
1466987654464580
1466987654568826
1466987654669471
1466987654771870
1466987654874240
1466987654976652
1466987655079056
1466987655183585
1466987655283791
1466987655386256
1466987655488578
1466987655590980
1466987655693584
1466987655797998
1466987655898249
1466987656000600
1466987656102985
1466987656205419
1466987656308698
1466987656410253
1466987656512607
1466987656616116
1466987656717478
1466987656819852
1466987656923687
1466987657026895
1466987657127010
1466987657230893
1466987657331849
1466987657434251
1466987657536802
1466987657641271
1466987657741462
1466987657844192
1466987657946243
1466987658048872
1466987658151005
1466987658253465
1466987658355831
1466987658458236
1466987658560651
1466987658663001
1466987658765473
1466987658867847
1466987658970253
1466987659073853
1466987659175060
1466987659277473
1466987659379807
1466987659482248
1466987659584667
1466987659791226
1466987659891845
1466987659994244
1466987660096664
1466987660199064
1466987660301608
1466987660406069
1466987660506249
1466987660608663
1466987660711061
1466987660813467
1466987660915841
1466987661018271
1466987661121797
1466987661223063
1466987661325447
1466987661427827
1466987661530242
1466987661737330
1466987661838829
1466987661939826
1466987662042233
1466987662144995
1466987662251943
1466987662349416
1466987662453392
1466987662554227
1466987662656651
1466987662759194
1466987662863695
1466987662963844
1466987663066248
1466987663168664
1466987663271148
1466987663475826
1466987663578227
1466987663783033
1466987663885450
1466987663987844
1466987664090241
1466987664192595
1466987664295062
1466987664397444
1466987664499851
1466987664602231
1466987664704580
1466987664807017
1466987664909479
1466987665013635
1466987665114246
1466987665216591
1466987665319037
1466987665628423
1466987665728583
1466987665831034
1466987665933443
1466987666035782
1466987666138237
1466987666343047
1466987666445445
1466987666547860
1466987666651217
1466987666752901
1466987666855226
1466987666957894
1466987667059845
1466987667162661
1466987667264638
1466987667368822
1466987667469434
1466987667571835
1466987667675694
1466987667776634
1466987667879036
1466987667981634
1466987668086114
1466987668186251
1466987668288619
1466987668390960
1466987668493433
1466987668595851
1466987668698243
1466987668800637
1466987669005440
1466987669107842
1466987669210246
1466987669312636
1466987669415034
1466987669517385
1466987669619837
1466987669722183
1466987669824618
1466987669927037
1466987670029445
1466987670131842
1466987670236029
1466987670336634
1466987670439044
1466987670541418
1466987670643835
1466987670746243
1466987670848633
1466987670951037
1466987671155845
1466987671258171
1466987671360640
1466987671463023
1466987671565439
1466987671667832
1466987671770169
1466987671874038
1466987671975037
1466987672077449
1466987672179852
1466987672283316
1466987672384639
1466987672487040
1466987672590936
1466987672691844
1466987672794244
1466987672898135
1466987672999019
1466987673101446
1466987673204939
1466987673308797
1466987673408636
1466987673511035
1466987673613420
1466987673715921
1466987673923662
1466987674027409
1466987674126799
1466987674227843
1466987674330248
1466987674432634
1466987674535048
1466987674637436
1466987674739853
1466987674842254
1466987674944637
1466987675149445
1466987675251853
1466987675354239
1466987675458698
1466987675559023
1466987675661432
1466987675763828
1466987675866239
1466987675968750
1466987676073164
1466987676173438
1466987676275789
1466987676378256
1466987676480638
1466987676583147
1466987676685518
1466987676787783
1466987676902180
1466987677095039
1466987677198439
1466987677299792
1466987677402202
1466987677505932
1466987677607042
1466987677709440
1466987677813365
1466987677914206
1466987678016622
1466987678119273
1466987678221447
1466987678323776
1466987678426390
1466987678528618
1466987678631007
1466987678733423
1466987678835791
1466987678938317
1466987679040639
1466987679143046
1466987679245446
1466987679347779
1466987679450133
1466987679552645
1466987679657388
1466987679757441
1466987679962205
1466987680167022
1466987680269425
1466987680371783
1466987680474230
1466987680576628
1466987680680830
1466987680783238
1466987680883795
1466987680986235
1466987681191187
1466987681295621
1466987681498204
1466987681600621
1466987681807298
1466987681909994
1466987682010220
1466987682112646
1466987682317440
1466987682624638
1466987682728565
1466987682829393
1466987682931822
1466987683136647
1466987683239046
1466987683342875
1466987683649205
1466987683753190
1466987683855461
1466987684058317
1466987684162690
1466987684263198
1466987684365440
1466987684570207
1466987684877400
1466987684979768
1466987685082222
1466987685184650
1466987685287041
1466987685491817
1466987685696646
1466987685800837
1466987685901573
1466987686106218
1466987686208654
1466987686311040
1466987686413561
1466987686517952
1466987686618216
1466987686720633
1466987686823006
1466987686925457
1466987687027941
1466987687132391
1466987687232649
1466987687335008
1466987687437422
1466987687539822
1466987687642940
1466987687744638
1466987687847025
1466987687950514
1466987688258192
1466987688358963
1466987688461444
1466987688565349
1466987688666207
1466987688975580
1466987689178232
1466987689382947
1466987689587825
1466987689690220
1466987689792615
1466987689894947
1466987689997397
1466987690099829
1466987690202221
1466987690406952
1466987690509414
1466987690611829
1466987690714214
1466987690918953
1466987691021409
1466987691125563
1466987691226222
1466987691328614
1466987691431003
1466987691533393
1466987691635945
1466987691740394
1466987691840596
1466987691943006
1466987692045419
1466987692147830
1466987692250347
1466987692354794
1466987692454976
1466987692557440
1466987692659820
1466987692762224
1466987692864613
1466987692967013
1466987693069414
1466987693172963
1466987693274226
1466987693376614
1466987693480571
1466987693583597
1466987693787780
1466987693888620
1466987693990974
1466987694093564
1466987694195820
1466987694298227
1466987694400628
1466987694502998
1466987694605394
1466987694707820
1466987694810207
1466987694912600
1466987695014998
1466987695117415
1466987695219827
1466987695322228
1466987695424627
1466987695526962
1466987695630256
1466987695731826
1466987695834229
1466987695936580
1466987696039008
1466987696141424
1466987696243780
1466987696347969
1466987696448543
1466987696551014
1466987696653405
1466987696755762
1466987696962743
1466987697062975
1466987697165395
1466987697267806
1466987697472701
1466987697577265
1466987697677403
1466987697779802
1466987697882223
1466987697985723
1466987698087008
1466987698189414
1466987698292702
1466987698395446
1466987698496601
1466987698599010
1466987698703128
1466987698803828
1466987698906154
1466987699010180
1466987699110996
1466987699213398
1466987699316181
1466987699420372
1466987699520595
1466987699622997
1466987699725416
1466987699827831
1466987699930325
1466987700033000
1466987700135001
1466987700339812
1466987700544597
1466987700851758
1466987700956131
1466987701158999
1466987701261367
1466987701363824
1466987701466234
1466987701570384
1466987701671014
1466987701773413
1466987701875745
1466987701978176
1466987702080610
1466987702183094
1466987702387834
1466987702490139
1466987702592600
1466987702799551
1466987703003419
1466987703104596
1466987703207014
1466987703309414
1466987703411832
1466987703617899
1466987703719020
1466987703821414
1466987703925391
1466987704026148
1466987704128613
1466987704232666
1466987704538188
1466987704642764
1466987704743009
1466987704845416
1466987704947802
1466987705050211
1466987705152618
1466987705255017
1466987705357725
1466987705459798
1466987705564405
1466987705664599
1466987705767026
1466987705869411
1466987705971910
1466987706075355
1466987706176617
1466987706381410
1466987706483796
1466987706586224
1466987706688607
1466987706792775
1466987706893419
1466987707200623
1466987707407576
1466987707610181
1466987708019802
1466987708122181
1466987708531748
1466987708634203
1466987708736616
1466987708840532
1466987708941433
1466987709147837
1466987709248601
1466987709351020
1466987709555783
1466987709658323
1466987709761651
1466987709865375
1466987709965376
1466987710477401
1466987710682198
1466987710887028
1466987711194199
1466987711402674
1466987711502203
1466987711706181
1466987711808925
1466987712015148
1466987712320591
1466987712525410
1466987712629950
1466987712832592
1466987713452199
1466987714778208
1466987714880589
1466987714983128
1466987715085393
1466987715187802
1466987715290202
1466987715392596
1466987715494993
1466987715699810
1466987715802202
1466987715904523
1466987716109377
1466987716211795
1466987716314183
1466987716416574
1466987716621307
1466987716826186
1466987716928593
1466987717133391
1466987717237575
1466987717338203
1466987717440573
1466987717542991
1466987717645383
1466987717747948
1466987717852408
1466987717952591
1466987718054991
1466987718157387
1466987718259801
1466987718362285
1466987718466747
1466987718568305
1466987718669339
1466987718771784
1466987718874184
1466987719078924
1466987719181343
1466987719283844
1466987719386191
1466987719592101
1466987719795795
1466987719900002
1466987720000539
1466987720102921
1466987720206492
1466987720307784
1466987720410199
1466987720512528
1466987720614974
1466987720717407
1466987720819799
1466987720922199
1466987721024517
1466987721126979
1466987721229379
1466987721331803
1466987721434218
1466987721536523
1466987721638908
1466987721741404
1466987721843811
1466987721946141
1466987722048576
1466987722150979
1466987722253344
1466987722355800
1466987722460249
1466987722560527
1466987722662915
1466987722765378
1466987722867800
1466987722970324
1466987723074758
1466987723175002
1466987723277399
1466987723379803
1466987723482126
1466987723585730
1466987723689134
1466987723789378
1466987723891786
1466987723994184
1466987724096577
1466987724301390
1466987724403800
1466987724506296
1466987724608541
1466987724710995
1466987724815101
1466987724915813
1466987725020208
1466987725122477
1466987725222979
1466987725325399
1466987725428812
1466987725532354
1466987725632601
1466987725734976
1466987725837395
1466987725939810
1466987726042179
1466987726144596
1466987726349403
1466987726451802
1466987726554203
1466987726656601
1466987726758985
1466987726861386
1466987726965231
1466987727066211
1466987727168602
1466987727271109
1466987727373382
1466987727475784
1466987727578162
1466987727682751
1466987728294969
1466987728397379
1466987728499760
1466987728807027
1466987728911523
1466987729011764
1466987729114182
1466987729216538
1466987729318996
1466987729422263
1466987729523770
1466987729626185
1466987729730079
1466987729831000
1466987729933403
1466987730035959
1466987730138371
1466987730240581
1466987730344957
1466987730445394
1466987730547775
1466987730651263
1466987730754661
1466987730854994
1466987730957397
1466987731059777
1466987731162190
1466987731264597
1466987731366945
1466987731469384
1466987731571760
1466987731674162
1466987731776629
1466987731878987
1466987731981397
1466987732083782
1466987732187677
1466987732288575
1466987732391000
1466987732493399
1466987732595776
1466987732698177
1466987732800571
1466987732903000
1466987733005396
1466987733107780
1466987733210133
1466987733312537
1466987733415077
1466987733519474
1466987733619782
1466987733722188
1466987733824558
1466987733926993
1466987734029488
1466987734133948
1466987734234134
1466987734336561
1466987734438978
1466987734746134
1466987734848556
1466987734952559
1466987735053385
1466987735155773
1466987735259860
1466987735360576
1466987735462968
1466987735567773
1466987735667784
1466987735770189
1466987735873604
1466987735977325
1466987736077368
1466987736179856
1466987736283356
1466987736384856
1466987736487073
1466987736589428
1466987736693840
1466987736794198
1466987736896574
1466987736998974
1466987737209779
1466987737306184
1466987737408567
1466987737510970
