1467379990258224
1467379991285685
1467379991386340
1467379991487269
1467379992101353
1467379992205646
1467379998038888
1467379998347734
1467379998451466
1467379998550883
1467379998755721
1467379998858102
1467379998962608
1467379999064266
1467379999165301
1467379999267658
1467379999370058
1467379999477369
1467379999576935
1467379999678460
1467379999779718
1467379999882117
1467379999985759
1467380000088410
1467380000190534
1467380000291654
1467380000398508
1467380000496818
1467380000598852
1467380000701991
1467380000803658
1467380000908706
1467380001008455
1467380001110869
1467380001214985
1467380001319081
1467380001418053
1467380001522218
1467380001624554
1467380001727829
1467380001830342
1467380001930076
1467380002032472
1467380002134869
1467380002238031
1467380002339649
1467380002442078
1467380002548347
1467380002650978
1467380002753641
1467380002854761
1467380002960088
1467380003056679
1467380003265809
1467380003365553
1467380003476009
1467380003571697
1467380003777327
1467380003877545
1467380003980849
1467380004185199
1467380004294235
1467380004388303
1467380004492554
1467380004594451
1467380004799684
1467380004899689
1467380005002149
1467380005106968
1467380005208084
1467380005310910
1467380005411722
1467380005514728
1467380005617627
1467380005822426
1467380005925447
1467380006026146
1467380006128487
1467380006230905
1467380006436619
1467380006542038
1467380006642781
1467380006744328
1467380006845283
1467380006949311
1467380007050849
1467380007152426
1467380007361102
1467380007462352
1467380007665323
1467380007769523
1467380007869590
1467380007974483
1467380008074062
1467380008176489
1467380008278886
1467380008487681
1467380008586081
1467380008690324
1467380008790881
1467380008894679
1467380008996515
1467380009200510
1467380009305138
1467380009409601
1467380009507699
1467380009611363
1467380009712514
1467380009814922
1467380009921763
1467380010019849
1467380010128747
1467380010231638
1467380010330602
1467380010430457
1467380010533137
1467380010736510
1467380010838930
1467380011045838
1467380011146119
1467380011250093
1467380011351708
1467380011454885
1467380011556095
1467380011661669
1467380011762071
1467380011863875
1467380011966614
1467380012067746
1467380012174020
1467380012275139
1467380012376345
1467380012682369
1467380012784765
1467380012889069
1467380012989334
1467380013091765
1467380013194096
1467380013399291
1467380013507820
1467380013605200
1467380013707999
1467380013912470
1467380014117445
1467380014222120
1467380014323504
1467380014422911
1467380014526211
1467380014627729
1467380014733888
1467380014936800
1467380015037305
1467380015243762
1467380015446896
1467380015549326
1467380015655348
1467380016063786
1467380016163959
1467380016267581
1467380016473577
1467380016573560
1467380016778141
1467380016880831
1467380016982898
1467380017085349
1467380017189164
1467380017293525
1467380017393854
1467380017496810
1467380017701843
1467380017805039
1467380018109399
1467380018213863
1467380018315727
1467380018416560
1467380018520206
1467380018621367
1467380018723919
1467380018826990
1467380018928880
1467380019032165
1467380019133366
1467380019235743
1467380019343289
1467380019445715
1467380019952493
1467380020056973
1467380020157315
1467380020260090
1467380020363004
1467380020465728
1467380020566949
1467380020671407
1467380020773290
1467380020978550
1467380021079160
1467380021488498
1467380021795712
1467380021898161
1467380022205349
1467380022307844
1467380022512547
1467380022615034
1467380022717386
1467380022819711
1467380022922180
1467380023024525
1467380023126921
1467380023229395
1467380023331788
1467380023536776
1467380023638975
1467380023843741
1467380023946181
1467380024048581
1467380024150969
1467380024253392
1467380024356100
1467380024664831
1467380024870150
1467380024970574
1467380025073355
1467380025379807
1467380025482159
1467380025584977
1467380025687004
1467380026096603
1467380026198964
1467380026302245
1467380026506095
1467380026608529
1467380026710956
1467380026917958
1467380027027817
1467380027120501
1467380027226066
1467380027325372
1467380027427765
1467380027530165
1467380027633141
1467380027734976
1467380027839473
1467380027939740
1467380028042148
1467380028145821
1467380028248271
1467380028554187
1467380028657239
1467380028760849
1467380028963761
1467380029067080
1467380029170098
1467380029578139
1467380029681302
1467380029885336
1467380029988707
1467380030193836
1467380030399361
1467380030500010
1467380030602708
1467380031123849
1467380031218741
1467380031833076
1467380032140825
1467380032241531
1467380032343771
1467380032446050
1467380032858932
1467380033162185
1467380033271228
1467380033675253
1467380033880602
1467380033981393
1467380034085087
1467380034186186
1467380034391139
1467380034493392
1467380034595814
1467380034698222
1467380034800589
1467380034902996
1467380035005405
1467380035110438
1467380035217181
1467380035320758
1467380035417183
1467380035517367
1467380035619807
1467380035724168
1467380035926982
1467380036029415
1467380036131809
1467380036234184
1467380036339177
1467380036444167
1467380036746224
1467380036951008
1467380037054826
1467380037157844
1467380037258187
1467380037360738
1467380037464425
1467380037567790
1467380037675439
1467380037779164
1467380037873496
1467380037977522
1467380038077388
1467380038283180
1467380038384667
1467380038489120
1467380038589460
1467380038797012
1467380038896636
1467380039103269
1467380039205922
1467380039306970
1467380039511831
1467380039614098
1467380039715811
1467380039818218
1467380039920621
1467380040022994
1467380040125388
1467380040228648
1467380040334489
1467380040432757
1467380040535141
1467380040637357
1467380040739775
1467380040842174
1467380040944622
1467380041149373
1467380041253017
1467380041355147
1467380041464463
1467380041560878
1467380041767409
1467380041971201
1467380042070992
1467380042173401
1467380042275834
1467380042378229
1467380042480799
1467380042587123
1467380042686480
1467380042787853
1467380042992647
1467380043096397
1467380043197461
1467380043299825
1467380043402266
1467380043506187
1467380043607042
1467380043709457
1467380043812499
1467380043918173
1467380044018855
1467380044122111
1467380044226584
1467380044324114
1467380044426356
1467380044530776
1467380044638311
1467380044741585
1467380044838143
1467380045045713
1467380045349313
1467380045450999
1467380045552878
1467380045656984
1467380045758327
1467380045859898
1467380045962814
1467380046064625
1467380046168689
1467380046271016
1467380046375418
1467380046475590
1467380046584396
1467380046883794
1467380046986166
1467380047088664
1467380047293388
1467380047400190
1467380047500555
1467380047603112
1467380047704193
1467380047806838
1467380047910329
1467380048011721
1467380048112617
1467380048216981
1467380048526691
1467380048625443
1467380048728009
1467380048832291
1467380049239062
1467380049344081
1467380049548735
1467380049651866
1467380049859787
1467380049957549
1467380050058270
1467380050160636
1467380050263037
1467380050366129
1467380050469897
1467380050571014
1467380050672945
1467380050878606
1467380051184705
1467380051496189
1467380051595546
1467380051801501
1467380052108082
1467380052210482
1467380052413520
1467380052515820
1467380052618761
1467380052723165
1467380052831792
1467380052929286
1467380053035796
1467380053130217
1467380053241106
1467380053338668
1467380053437932
1467380053539859
1467380053646957
1467380053746408
1467380053848453
1467380054061233
1467380054154224
1467380054264394
1467380054359084
1467380054466361
1467380054569357
1467380054667376
1467380054768959
1467380054876525
1467380054973455
1467380055075842
1467380055178263
1467380055280690
1467380055383088
1467380055485693
1467380055590643
1467380055691730
1467380055793523
1467380055895209
1467380055999381
1467380056202728
1467380056307614
1467380056414820
1467380056509473
1467380056611941
1467380056724246
1467380056816711
1467380056922681
1467380057026773
1467380057124013
1467380057331752
1467380057433045
1467380057533474
1467380057638461
1467380057948342
1467380058050019
1467380058149294
1467380058250283
1467380058461802
1467380058667999
1467380058763842
1467380058967099
1467380059070381
1467380059174191
1467380059385581
1467380059479081
1467380059581549
1467380059890154
1467380059991923
1467380060094603
1467380060198108
1467380060300640
1467380060403717
1467380060503087
1467380060605474
1467380060707901
1467380060811594
1467380061015106
1467380061123603
1467380061223320
1467380061428504
1467380061530421
1467380061631964
1467380061735065
1467380061839333
1467380061940013
1467380062040571
1467380062141524
1467380062244251
1467380062451553
1467380062552221
1467380062657768
1467380062962877
1467380063165547
1467380063475895
1467380063679671
1467380063883802
1467380063987500
1467380064088523
1467380064192901
1467380064394306
1467380064498209
1467380064599109
1467380064703528
1467380065008890
1467380065111191
1467380065214299
1467380065317382
1467380065420300
1467380065727129
1467380065831240
1467380065930435
1467380066240402
1467380066443025
1467380066858957
1467380067056938
1467380067161108
1467380067262174
1467380067466399
1467380067672350
1467380067875940
1467380068081476
1467380068187013
1467380068392665
1467380068493624
1467380068595740
1467380068695649
1467380068798883
1467380068902191
1467380069109714
1467380069208842
1467380069311295
1467380069412880
1467380069518269
1467380069616916
1467380069722646
1467380069824734
1467380069927037
1467380070030645
1467380070131610
1467380070234653
1467380070436633
1467380070539820
1467380070743171
1467380071050380
1467380071153879
1467380071358476
1467380071460793
1467380071767189
1467380071870983
1467380072078437
1467380072177699
1467380072595080
1467380072690965
1467380073100168
1467380073202245
1467380073303109
1467380073407663
1467380073919300
1467380074021361
1467380074126146
1467380074228044
1467380074330027
1467380074432501
1467380074636936
1467380074742753
1467380074941564
1467380075047252
1467380075148763
1467380075251146
1467380075352714
1467380075454631
1467380075555981
1467380075661666
1467380075967090
1467380076272793
1467380076477560
1467380076683294
1467380076889387
1467380076993466
1467380077195641
1467380077300398
1467380077606275
1467380077708819
1467380077810666
1467380077912472
1467380078016646
1467380078116372
1467380078226172
1467380078320775
1467380078430742
1467380079037529
1467380079141667
1467380079243840
1467380079549564
1467380079858860
1467380079961462
1467380080163947
1467380080268213
1467380080369898
1467380080471968
1467380081396506
1467380081496488
1467380081706405
1467380081907129
1467380082111749
1467380082212004
1467380082316003
1467380082524696
1467380082627465
1467380082726011
1467380082828693
1467380082928821
1467380083031215
1467380083133629
1467380083236135
1467380083338370
1467380083543928
1467380083748428
1467380083851819
1467380083952849
1467380084055208
1467380084157586
1467380084265462
1467380084365155
1467380084468148
1467380084567236
1467380084874406
1467380084978425
1467380085079737
1467380085185069
1467380085288205
1467380085388567
1467380085488809
1467380085594878
1467380085693570
1467380085798380
1467380085901113
1467380086001524
1467380086103698
1467380086208459
1467380086413397
1467380086516389
1467380086615212
1467380086717603
1467380086819966
1467380086924709
1467380087026629
1467380087136182
1467380087232587
1467380087436690
1467380087539844
1467380087742573
1467380087844821
1467380087948732
1467380088048819
1467380088152281
1467380088255684
1467380088355969
1467380088459079
1467380088561661
1467380088663233
1467380088770194
1467380088871275
1467380088971371
1467380089072843
1467380089175237
1467380089277598
1467380089380666
1467380089486420
1467380089585448
1467380089693073
1467380089791081
1467380089893313
1467380090097342
1467380090199257
1467380090308598
1467380090404003
1467380090510468
1467380090712673
1467380090814617
1467380090916031
1467380091019614
1467380091121827
1467380091224034
1467380091326939
1467380091431178
1467380091533966
1467380091635770
1467380091738372
1467380091837561
1467380091939967
1467380092045312
1467380092147826
1467380092250275
1467380092351760
1467380092454158
1467380092554690
1467380092660300
1467380092764675
1467380092864093
1467380092969469
1467380093066425
1467380093177044
1467380093274726
1467380093375467
1467380093580098
1467380094090388
1467380094196463
1467380094296112
1467380094400899
1467380094507750
1467380094603408
1467380094708191
1467380094807220
1467380095012053
1467380095114465
1467380095322400
1467380095426109
1467380095526452
1467380095627654
1467380095729919
1467380095833312
1467380095933655
1467380096036070
1467380096240931
1467380096344306
1467380096446615
1467380096549223
1467380096652525
1467380096755047
1467380096856160
1467380096959700
1467380097061919
1467380097165222
1467380097266657
1467380097367301
1467380097470363
1467380097675639
1467380097776904
1467380097984904
1467380098088174
1467380098191770
1467380098396836
1467380098497073
1467380098603503
1467380098700505
1467380098804051
1467380098908910
1467380099006992
1467380099108048
1467380099218650
1467380099312847
1467380099416669
1467380099522481
1467380099625946
1467380099723804
1467380099830589
1467380099931404
1467380100034860
1467380100132924
1467380100439259
1467380100541694
1467380100748107
1467380101055452
1467380101156090
1467380101360846
1467380101565679
1467380101875173
1467380101976324
1467380102078600
1467380102387340
1467380102489811
1467380102589925
1467380102692091
1467380102794518
1467380102999259
1467380103102354
1467380103207161
1467380103310030
1467380103511322
1467380103613718
1467380103716075
1467380103818448
1467380103920846
1467380104126478
1467380104232149
1467380104333764
1467380104435453
1467380104542548
1467380104639996
1467380104740145
1467380104844615
1467380105050242
1467380105358381
1467380105458478
1467380105559276
1467380105664747
1467380105765639
1467380105970082
1467380106075989
1467380106173672
1467380106276095
1467380106378487
1467380106488565
1467380106585327
1467380106789509
1467380106893858
1467380106993376
1467380107096971
1467380107197779
1467380107305654
1467380107403724
1467380107505629
1467380107608072
1467380107712296
1467380107814874
1467380107918464
1467380108016905
1467380108124155
1467380108324086
1467380108426513
1467380108528886
1467380108733692
1467380108836070
1467380108938487
1467380109040873
1467380109143331
1467380109248094
1467380109351360
1467380109453653
1467380109556779
1467380109655588
1467380109767072
1467380109861030
1467380109963926
1467380110073133
1467380110376534
1467380110476746
1467380110580778
1467380110683720
1467380110789487
1467380111095663
1467380111192374
1467380111294439
1467380111397573
1467380111499266
1467380111707156
1467380111908162
1467380112010464
1467380112113716
1467380112215299
1467380112321606
1467380112420524
1467380112626828
1467380112731247
1467380112829702
1467380113240613
1467380113344673
1467380113757765
1467380113856362
1467380114164261
1467380115083806
1467380115290316
1467380115496471
1467380115696953
1467380116004118
1467380116106553
1467380116209973
1467380116313283
1467380117132521
1467380117234872
1467380117336178
1467380117541266
1467380117745058
1467380117848747
1467380117949783
1467380118052077
1467380118154469
1467380118256875
1467380118359761
1467380118465567
1467380118667632
1467380118873168
1467380118974890
1467380119076703
1467380119179805
1467380119284577
1467380119383323
1467380119486912
1467380119589101
1467380119690497
1467380119793929
1467380119896248
1467380119998490
1467380120102338
1467380120204972
1467380120407293
1467380120511116
1467380120717011
1467380120817288
1467380120920515
1467380121124118
1467380121226554
1467380121328970
1467380121431377
1467380121534619
1467380121637236
1467380121844474
1467380121944435
1467380122047502
1467380122148155
1467380122251503
1467380122459866
1467380122662354
1467380122762564
1467380122870910
1467380122971253
1467380123069725
1467380123176557
1467380123280238
1467380123386783
1467380123479954
1467380123688113
1467380123789823
1467380123891969
1467380123991411
1467380124197844
1467380124300097
1467380124404762
1467380124504452
1467380124609514
1467380124708159
1467380124915652
1467380125015346
1467380125322842
1467380125427579
1467380126246500
1467380126346512
1467380126450823
1467380126552535
1467380126654832
1467380126756135
1467380126859021
1467380126962769
1467380127065828
1467380127166494
1467380127268176
1467380127370515
1467380127472929
1467380127576681
1467380127780544
1467380127987056
1467380128089289
1467380128292164
1467380128394547
1467380128496964
1467380128599328
1467380128704276
1467380128906559
1467380129013067
1467380129216183
1467380129419603
1467380129526484
1467380129624854
1467380129730858
1467380129836910
1467380129932273
1467380130034535
1467380130137758
1467380130237775
1467380130342138
1467380130444556
1467380130546585
1467380130648720
1467380130852167
1467380130954565
1467380131058238
1467380131160109
1467380131466634
1467380131673602
1467380132083932
1467380132184328
1467380132288454
1467380132497201
1467380132592942
1467380132696090
1467380133004777
