1466962873590642
1466962873796968
1466962874000197
1466962874103722
1466962874307465
1466962874410939
1466962874512198
1466962874616551
1466962874718720
1466962875128882
1466962875433856
1466962875843431
1466962876253037
1466962876459815
1466962876561423
1466962876662623
1466962876970529
1466962877483582
1466962877584230
1466962877891438
1466962879633456
1466962879837009
1466962880248299
1466962880558303
1466962880862702
1466962881475392
1466962881884977
1466962882296625
1466962882910988
1466962884036393
1466962884137775
1466962884856301
1466962884956911
1466962886288192
1466962886392170
1466962887824158
1466962888643420
1466962888746116
1466962891510494
1466962891615080
1466962891818211
1466962892432880
1466962893150647
1466962893763261
1466962894275363
1466962894480050
1466962895196866
1466962896223179
1466962896425669
1466962896530060
1466962896937861
1466962897654419
1466962897757148
1466962897967095
1466962898268807
1466962898373070
1466962898578149
1466962899804817
1466962899909345
1466962900112792
1466962900216118
1466962900316793
1466962900419182
1466962900523297
1466962901138794
1466962901238970
1466962901445383
1466962902571579
1466962903491328
1466962903695884
1466962904824305
1466962904924769
1466962905027370
1466962905438188
1466962905539146
1466962905743867
1466962905846655
1466962905950366
1466962906260220
1466962906870591
1466962907996740
1466962908099060
1466962908203121
1466962908408314
1466962908611046
1466962908919771
1466962909127332
1466962909328244
1466962909532715
1466962909635648
1466962909942348
1466962910147084
1466962910249833
1466962910355362
1466962910454292
1466962910556693
1466962910761500
1466962910863906
1466962911478702
1466962912093071
1466962912197832
1466962912399806
1466962912912058
1466962913219071
1466962913321461
1466962913526301
1466962913935900
1466962914243078
1466962914347492
1466962914652630
1466962914962367
1466962915062398
1466962915576755
1466962915676634
1466962915779033
1466962916395567
1466962916497472
1466962916701161
1466962916906564
1466962917112318
1466962917417428
1466962917827020
1466962918031846
1466962918239241
1466962918340682
1466962918543796
1466962918955529
1466962919055877
1466962919158261
1466962919875000
1466962920080401
1466962920284601
1466962920387098
1466962920491543
1466962920899115
1466962921206193
1466962921410991
1466962921718174
1466962921822107
1466962922025372
1466962922128343
1466962922334798
1466962922434953
1466962922639788
1466962922844656
1466962923356553
1466962924380676
1466962925097368
1466962925199709
1466962925404529
1466962925610544
1466962925814186
1466962926223923
1466962926531325
1466962926633357
1466962927146454
1466962927350829
1466962927452687
1466962927760519
1466962927965748
1466962928169331
1466962928476494
1466962928783747
1466962928886112
1466962928988516
1466962929400362
1466962929807709
1466962929910521
1466962930217295
1466962930422097
1466962930626921
1466962930731474
1466962930934323
1466962931036492
1466962931241315
1466962931550276
1466962932061002
1466962932573251
1466962932983363
1466962933906376
1466962934006180
1466962934108468
1466962934210878
1466962934317703
1466962934825253
1466962934930051
1466962935545654
1466962935644593
1466962935951652
1466962936054057
1466962936158798
1466962936566042
1466962936668441
1466962936772703
1466962937078046
1466962937591115
1466962937796141
1466962937897542
1466962938001973
1466962938716456
1466962939128478
1466962939331605
1466962939537578
1466962939740763
1466962940047865
1466962940252814
1466962940459578
1466962940559585
1466962940866807
1466962941071559
1466962941481207
1466962941686376
1466962942198682
1466962942813619
1466962943017185
1466962944041163
1466962944245976
1466962944452751
1466962945374811
1466962945475280
1466962946500168
1466962948650407
1466962948956740
1466962951618715
1466962954181031
1466962954588286
1466962954793162
1466962955408001
1466962956022383
1466962957045852
1466962957148190
1466962957251060
1466962959095708
1466962959503409
1466962959605821
1466962959708198
1466962959810608
1466962961142498
1466962961551400
1466962962063391
1466962962474574
1466962963088538
1466962963189777
1466962963804170
1466962963907876
1466962964111373
1466962964828882
1466962964930571
1466962965136130
1466962965340159
1466962965750499
1466962965954548
1466962966160008
1466962966469537
1466962966568928
1466962966671322
1466962967285695
1466962967490543
1466962969846407
1466962970767640
1466962970869713
1466962970973178
1466962971176893
1466962972098514
1466962972611635
1466962972919529
1466962973122493
1466962973225158
1466962973532405
1466962974044079
1466962974454443
1466962974659496
1466962974762790
1466962975784850
1466962976097955
1466962976399261
1466962976501664
1466962976706453
1466962976912030
1466962977218436
1466962977322210
1466962977527607
1466962977730450
1466962977834002
1466962978142879
1466962978344845
1466962978549610
1466962978757343
1466962978959804
1466962979061882
1466962979268297
1466962980188026
1466962980905235
1466962981007204
1466962981212463
1466962981417736
1466962981520081
1466962981621604
1466962981827280
1466962982850385
1466962982952786
1466962983260030
1466962983364448
1466962983567185
1466962983771962
1466962983978485
1466962984386303
1466962984488882
1466962984593331
1466962984899256
1466962985000748
1466962985819957
1466962985922369
1466962986025808
1466962986127664
1466962986229561
1466962986331953
1466962986434801
1466962987356879
1466962987561868
1466962987972557
1466962988177754
1466962988691418
1466962988999979
1466962989200951
1466962989506582
1466962989612593
1466962989711851
1466962989816174
1466962989916270
1466962990325760
1466962990430512
1466962990632764
1466962990736064
1466962990837503
1466962991144711
1466962991248217
1466962991451822
1466962991759351
1466962991861516
1466962991967010
1466962992477291
1466962992680672
1466962993705299
1466962994523860
1466962995038285
1466962995548218
1466962996059886
1466962996777049
1466962997084978
1466962998005692
1466962998210254
1466962998927453
1466962999131827
1466962999336638
1466962999439030
1466962999746230
1466962999849802
1466962999954223
1466963000360630
1466963000569070
1466963000875146
1466963000975017
1466963001693043
1466963001896603
1466963002102135
1466963002818189
1466963002921813
1466963003945760
1466963004866165
1466963005686204
1466963005992561
1466963006709336
1466963006915438
1466963007017324
1466963007835738
1466963007940166
1466963008246527
1466963008347738
1466963008552509
1466963008654935
1466963008859740
1466963009065534
1466963009372412
1466963009576468
1466963009782093
1466963010088493
1466963012341304
1466963012443684
1466963012546936
1466963013366664
1466963013877300
1466963014286883
1466963014594867
1466963014799561
1466963015310889
1466963015413509
1466963015823764
1466963016027929
1466963016131930
1466963016233758
1466963016334982
1466963016438116
1466963016539644
1466963016644308
1466963016744411
1466963017465259
1466963017666061
1466963017870879
1466963018178001
1466963018281062
1466963018384188
1466963018792387
1466963019099593
1466963019304450
1466963020430880
1466963020533220
1466963020843555
1466963021250024
1466963021457044
1466963021660609
1466963022274025
1466963022478799
1466963024629179
1466963024835425
1466963025141181
1466963025857962
1466963026165165
1466963027292983
1466963028725146
1466963028828456
1466963028930412
1466963029136191
1466963030977906
1466963031387514
1466963031592316
1466963032616294
1466963032821088
1466963033334040
1466963034870390
1466963035995459
1466963039374665
1466963039681834
1466963039886641
1466963040296216
1466963040707275
1466963041321265
1466963041936121
1466963042243953
1466963043061198
1466963043265791
1466963043368146
1466963043470790
1466963044596971
1466963045518565
1466963046133354
1466963046235388
1466963046543707
1466963046747312
1466963047054551
1466963047361924
1466963047772974
1466963047873678
1466963047976140
1466963048180959
1466963048385701
1466963048590529
1466963048694948
1466963048796627
1466963049309144
1466963050126517
1466963050331299
1466963050433729
1466963050537822
1466963050638518
1466963050843344
1466963051252908
1466963051969718
1466963052381069
1466963054326397
1466963054836895
1466963055656076
1466963055963256
1466963056066017
1466963056375524
1466963059138365
1466963060060428
1466963060163522
1466963060469491
1466963060878424
1466963061902407
1466963062312021
1466963062414360
1466963062926391
1466963063540792
1466963063950404
1466963064155206
1466963064362046
1466963064564945
1466963064669026
1466963065590809
1466963065998372
1466963066715525
1466963066919971
1466963067228645
1466963067842147
1466963067944051
1466963068048516
1466963068148748
1466963068251673
1466963068662846
1466963068865498
1466963069172754
1466963069480217
1466963069788209
1466963070094523
1466963071015946
1466963071937532
1466963072859082
1466963072963334
1466963073270968
1466963074702565
1466963075215281
1466963076137944
1466963076750272
1466963077467032
1466963077979052
1466963078087313
1466963078185172
1466963078593447
1466963079003323
1466963079719830
1466963079822234
1466963080029474
1466963080436639
1466963080539174
1466963080645097
1466963081665414
1466963082487042
1466963084534007
1466963085147436
1466963087194949
1466963087504430
1466963087706956
1466963089038145
1466963089652540
1466963091189823
1466963092519687
1466963093441771
1466963093955177
1466963094261311
1466963095899306
1466963096308802
1466963096615959
1466963097639674
1466963097844528
1466963097949328
1466963098665095
1466963098971034
1466963099177620
1466963099589031
1466963099995030
1466963101223945
1466963102145579
1466963102252525
1466963102554831
1466963103886847
1466963104194101
1466963104808559
1466963104913005
1466963105421993
1466963105729195
1466963105831773
1466963106037410
1466963106650711
1466963106957976
1466963107165273
1466963107368007
1466963107777175
1466963108289998
1466963109010152
1466963109723846
1466963110747195
1466963111361206
1466963111770737
1466963111873137
1466963112077927
1466963112592685
1466963113306703
1466963114023524
1466963114228316
1466963114331472
1466963115764314
1466963117096330
1466963121910576
1466963123649023
1466963124570993
1466963126208969
1466963126413770
1466963128052605
1466963128461783
1466963128770481
1466963128871349
1466963128973757
1466963130100149
1466963130613758
1466963131331358
1466963132558287
1466963132660095
1466963133991658
1466963134094470
1466963134402323
1466963136348222
1466963139829829
1466963140751444
1466963143719224
1466963144640820
1466963147098371
1466963149044810
1466963150274788
1466963152218344
1466963152832735
1466963155802267
1466963155905231
1466963157440687
1466963161024635
1466963162458540
1466963162562986
1466963162765426
1466963163484608
1466963163687011
1466963164712987
1466963165837750
1466963166144585
1466963166350147
1466963167270982
1466963167478234
1466963169318952
1466963169935487
1466963170445845
1466963170550287
1466963170961483
1466963172289251
1466963172903458
1466963174541330
1466963175053507
1466963175872502
1466963175975116
1466963176181063
1466963179047765
1466963179354066
1466963179456467
1466963179763666
1466963180992457
1466963181197241
1466963182528440
1466963185088689
1466963185498417
1466963186317215
1466963188057988
1466963190208832
1466963192462212
1466963193075627
1466963193894723
1466963193997119
1466963195430720
1466963195534718
1466963196454695
1466963196761910
1466963197478690
1466963197786616
1466963199629151
1466963200040412
1466963200960519
1466963201472245
1466963201574646
1466963202803395
1466963203213043
1466963204441818
1466963204851422
1466963204953829
1466963205364214
1466963206489804
1466963207104198
1466963207206589
1466963207718576
1466963209049779
1466963209153631
1466963209973107
1466963210176160
1466963210996995
1466963211916948
1466963212019354
1466963212122995
1466963212326539
1466963212940944
1466963213043347
1466963213657732
1466963213761252
1466963214071040
1466963214477064
1466963214784120
1466963214988916
1466963215093346
1466963215195542
1466963215500899
1466963215604925
1466963216321030
1466963216627313
1466963216731547
1466963216934500
1466963217036921
1466963217139297
1466963217548887
1466963217651290
1466963218163294
1466963218679100
1466963218777693
1466963219188875
1466963219291329
1466963219699264
1466963219803919
1466963220006479
1466963220211263
1466963220313664
1466963220416079
1466963220518425
1466963220620875
1466963220825883
1466963220928070
1466963221031920
1466963221441282
1466963221542460
1466963221747272
1466963221953979
1466963222771246
1466963222976048
1466963223285391
1466963223692826
1466963223796799
1466963223899032
1466963224516766
1466963224820005
1466963224922242
1466963225843216
1466963225945614
1466963226049879
1466963226151081
1466963226560132
1466963226764802
1466963226969600
1466963227176793
1466963227379200
1466963227892489
1466963228095988
1466963228405322
1466963230143967
1466963230248573
1466963230863074
1466963230963164
1466963231272879
1466963231477092
1466963231577561
1466963231679964
1466963232398817
1466963232806362
1466963232908742
1466963233318349
1466963233523595
1466963233732954
1466963233830348
1466963233932750
1466963234137551
1466963234346000
1466963234547141
1466963235161544
1466963235573685
1466963235775918
1466963235878283
1466963236287921
1466963236390314
1466963236494822
1466963237209599
1466963237311918
1466963237414276
1466963237516865
1466963237725219
1466963237823975
1466963238131099
1466963238233575
1466963238338019
1466963238643104
1466963239052695
1466963239464276
1466963239568480
1466963239772728
1466963240182991
1466963240488449
1466963240589543
1466963240693360
1466963240798202
1466963241203268
1466963241510257
1466963241717655
1466963241817436
1466963241921552
1466963242022250
1466963242124672
1466963242228922
1466963242440876
1466963242536445
1466963242636638
1466963242739369
1466963242948161
1466963243150831
1466963243560514
1466963243660660
1466963244280513
1466963244582249
1466963244889422
1466963245197921
1466963246220627
1466963247858996
1466963250011384
1466963250934645
1466963253596041
1466963264039262
1466963268441179
1466963269567618
1466963269669967
1466963270285844
1466963270386791
1466963275405291
1466963275916458
1466963278066703
1466963280320350
1466963281957866
1466963282674681
1466963284108252
1466963285541830
1466963285748831
1466963286258631
1466963287897005
1466963288615139
1466963288818930
1466963289843504
1466963290149950
1466963291276178
1466963291378596
1466963291890568
1466963292200428
1466963293528961
1466963293631346
1466963293938536
1466963294041344
1466963294757738
1466963294860140
1466963297624930
1466963297727315
1466963297831357
1466963297932099
1466963298138438
1466963299160900
1466963299775315
1466963299878609
1466963300082493
1466963301620686
1466963302134186
1466963302233662
1466963302847437
1466963303154464
1466963303564417
1466963303666462
1466963304997651
1466963305305413
1466963305715680
1466963306533583
1466963306637414
1466963306840810
1466963307557598
1466963308069606
1466963308481465
1466963308786393
1466963308888743
1466963309298410
1466963309400799
1466963309708139
1466963309810384
1466963310219945
1466963310323446
1466963310838950
1466963311243984
1466963311448785
1466963311653578
1466963311962614
1466963312063175
1466963312370394
1466963312474212
1466963312779974
1466963313498990
1466963313805863
1466963313906341
1466963314111149
1466963314315958
1466963314418368
1466963314520683
1466963315032704
1466963315647150
1466963316160216
1466963316363942
1466963316569045
1466963316875893
1466963316978316
1466963317083257
1466963317490334
1466963317799788
1466963318002309
1466963318311119
1466963318416222
1466963318617056
1466963318720860
1466963318926769
1466963319233438
1466963319743520
1466963320050294
1466963320156172
1466963320358422
1466963320869484
1466963320972118
1466963321688704
1466963321793184
1466963321995868
1466963322098261
1466963322304400
1466963322407510
1466963322712640
1466963322918518
1466963323429461
1466963323533772
1466963323634394
1466963323736700
1466963323943640
1466963324043991
1466963324250806
1466963324351069
1466963324453452
1466963324968922
1466963325067841
1466963325477431
1466963325579791
1466963325887026
1466963326808613
1466963327218235
1466963327320615
1466963327832537
1466963328447190
1466963330085600
1466963330394919
1466963330802192
1466963331417293
1466963331828808
1466963331928572
1466963332748070
1466963332986120
1466963334795744
1466963335000507
1466963335102960
1466963335617413
1466963336231285
1466963336333867
1466963336845768
1466963337356139
1466963338584558
1466963338789308
1466963338996241
1466963339199321
1466963339710916
1466963339919194
1466963340939690
1466963341043099
1466963341144483
1466963341451672
1466963341759763
1466963342273933
1466963342475688
1466963343294843
1466963344012008
1466963344319619
1466963344523641
1466963344830855
1466963345138049
1466963345547669
1466963345651504
1466963345854860
1466963346366850
1466963346469545
1466963346674044
1466963346981233
1466963347390831
1466963347698041
