1467286310984908
1467286311084489
1467286311295034
1467286311698886
1467286311802691
1467286312727844
1467286313132496
1467286313439682
1467286313647848
1467286313853121
1467286314163977
1467286314361282
1467286314463658
1467286314672371
1467286314777439
1467286315079578
1467286315491200
1467286315590098
1467286315897345
1467286316107620
1467286316409288
1467286316511629
1467286316614078
1467286316716449
1467286316921252
1467286317023683
1467286317228416
1467286317330821
1467286317443405
1467286317640392
1467286317746598
1467286318354995
1467286319082307
1467286319276497
1467286319387268
1467286319482031
1467286319696734
1467286319900221
1467286320095595
1467286320402870
1467286320505263
1467286320710083
1467286320812472
1467286321017932
1467286321224770
1467286321426974
1467286321529234
1467286321839289
1467286322041269
1467286322246013
1467286323070856
1467286323372557
1467286323890851
1467286324192289
1467286324294784
1467286324507868
1467286324605599
1467286324921124
1467286325932471
1467286326146921
1467286326345419
1467286326444437
1467286326546866
1467286326649268
1467286326751661
1467286326855059
1467286327064805
1467286327263709
1467286327468600
1467286328082835
1467286328185269
1467286328390057
1467286328492401
1467286328697224
1467286328799675
1467286328902072
1467286329004449
1467286329414043
1467286329618794
1467286329721245
1467286329823662
1467286330028464
1467286330233248
1467286330540458
1467286330950024
1467286331155560
1467286331567730
1467286331769224
1467286331974062
1467286332178804
1467286332383661
1467286332486061
1467286332588475
1467286332998057
1467286333202851
1467286333407639
1467286333510039
1467286333612428
1467286333714850
1467286333817204
1467286334329184
1467286334431663
1467286334534041
1467286334841264
1467286334943634
1467286335046013
1467286335148436
1467286335353268
1467286335558053
1467286335762825
1467286336070026
1467286336479585
1467286336684453
1467286336786790
1467286336889266
1467286336991605
1467286337094015
1467286337196409
1467286337298817
1467286337401191
1467286337606040
1467286337913223
1467286338015640
1467286338322830
1467286338527729
1467286338630040
1467286338743896
1467286339039665
1467286339244472
1467286339449248
1467286339654749
1467286340063592
1467286340166080
1467286340370849
1467286340882844
1467286341394799
1467286341599605
1467286341702036
1467286341804432
1467286341906851
1467286342009249
1467286342111642
1467286342213990
1467286342316445
1467286342418833
1467286342623647
1467286342828442
1467286342930829
1467286343033214
1467286343135645
1467286343238147
1467286343340438
1467286343443271
1467286343545163
1467286343647641
1467286343852446
1467286343954832
1467286344057226
1467286344159596
1467286344364435
1467286344774043
1467286344876434
1467286344978795
1467286345183644
1467286345286055
1467286345388438
1467286345490829
1467286345593226
1467286345798024
1467286345900443
1467286346002829
1467286346207636
1467286346310037
1467286346412379
1467286347026836
1467286347129168
1467286347231600
1467286347334025
1467286347436444
1467286347538833
1467286347641196
1467286347846480
1467286348050836
1467286348255713
1467286348358044
1467286348460419
1467286348665228
1467286348767630
1467286348869980
1467286348972435
1467286349077646
1467286349586804
1467286349893974
1467286349996407
1467286350098835
1467286350713170
1467286350815623
1467286350918038
1467286351122829
1467286351225230
1467286351839625
1467286352146862
1467286352249232
1467286352351627
1467286352454021
1467286352658837
1467286352761240
1467286352863581
1467286352966020
1467286353068430
1467286353170813
1467286353273240
1467286353478036
1467286353580390
1467286353684732
1467286353887625
1467286353990023
1467286354092354
1467286354604418
1467286354706814
1467286354809245
1467286355116420
1467286355218816
1467286355321209
1467286355423624
1467286355526044
1467286355628358
1467286355730813
1467286355833220
1467286355935632
1467286356038024
1467286356243211
1467286356345248
1467286356550013
1467286357066767
1467286357471622
1467286357574043
1467286357778758
1467286357983606
1467286358086024
1467286358290834
1467286358495584
1467286358598035
1467286358700420
1467286358802842
1467286358905211
1467286359110024
1467286359417231
1467286359724424
1467286359826814
1467286360031606
1467286360134023
1467286360236416
1467286360441230
1467286360543608
1467286360645965
1467286360748377
1467286360953211
1467286361055605
1467286361158029
1467286361260404
1467286361362755
1467286361567606
1467286361670001
1467286361977208
1467286362191779
1467286362388479
1467286362596075
1467286362898815
1467286363001208
1467286363103608
1467286363308402
1467286363410814
1467286363513172
1467286363718019
1467286363922815
1467286364127606
1467286364332418
1467286364434759
1467286364537213
1467286364639609
1467286364741954
1467286364946759
1467286365049178
1467286365253999
1467286365356397
1467286365663606
1467286365766004
1467286365868405
1467286365970794
1467286366073229
1467286366278011
1467286366380438
1467286366482814
1467286366585211
1467286366790124
1467286366892418
1467286367097230
1467286367199603
1467286367404400
1467286367711566
1467286367813968
1467286368018734
1467286368223561
1467286368326000
1467286368428328
1467286368735549
1467286368940408
1467286369042796
1467286369452401
1467286369759616
1467286369861953
1467286370066795
1467286370169235
1467286370271625
1467286370374029
1467286370578791
1467286370783607
1467286370886011
1467286370988400
1467286371090799
1467286371193194
1467286371807565
1467286372114796
1467286372319598
1467286372422004
1467286372626816
1467286372729134
1467286372934004
1467286373037006
1467286373445962
1467286373548402
1467286373650792
1467286373753192
1467286373855606
1467286373958011
1467286374060361
1467286374162745
1467286374265190
1467286374367587
1467286374879554
1467286374982276
1467286375084401
1467286375187213
1467286375289150
1467286375391592
1467286375493985
1467286375596327
1467286375698796
1467286375801145
1467286376006005
1467286376108382
1467286376210766
1467286376415605
1467286376722793
1467286376825190
1467286376927590
1467286377029980
1467286377132382
1467286377234798
1467286377542002
1467286377746745
1467286377849152
1467286378156380
1467286378361163
1467286378463605
1467286378565995
1467286378668378
1467286378770796
1467286378873190
1467286379077973
1467286379385205
1467286379487622
1467286379692421
1467286379794826
1467286380102003
1467286380306757
1467286380511549
1467286380613983
1467286380818797
1467286381023594
1467286381237153
1467286381336925
1467286381434493
1467286381535747
1467286381947986
1467286382252394
1467286382355183
1467286383071605
1467286383378734
1467286383481175
1467286383788398
1467286383891108
1467286383993174
1467286384300383
1467286384414422
1467286384818902
1467286384914733
1467286385017172
1467286385119589
1467286385222461
1467286385325631
1467286385426774
1467286385529553
1467286385836381
1467286385938779
1467286386041175
1467286386348354
1467286386664148
1467286387372383
1467286387679589
1467286387781986
1467286388809262
1467286388908381
1467286389010777
1467286389113138
1467286389625198
1467286389829934
1467286389932389
1467286390034786
1467286390444419
1467286390546724
1467286390649174
1467286390751571
1467286390956367
1467286391059052
1467286391161180
1467286391365967
1467286391673202
1467286391878493
1467286391980334
1467286392287572
1467286392389963
1467286392492360
1467286392594729
1467286392697142
1467286392901986
1467286394028306
1467286394130704
1467286394233178
1467286394335573
1467286394540385
1467286394642781
1467286394745113
1467286394949986
1467286395359596
1467286395461940
1467286395666791
1467286395871567
1467286396281103
1467286396383537
1467286396485974
1467286396588369
1467286397612327
1467286398124375
1467286398738759
1467286399045940
1467286399148365
1467286399353157
1467286399455551
1467286399557969
1467286399660385
1467286399762718
1467286399865155
1467286400274759
1467286400479508
1467286400581965
1467286400684363
1467286400889180
1467286400991488
1467286401093984
1467286401401156
1467286401605955
1467286401810797
1467286402117947
1467286402220370
1467286402322759
1467286402527555
1467286402732360
1467286402834764
1467286402937154
1467286403141947
1467286403653949
1467286403961156
1467286404677950
1467286404780322
1467286404882768
1467286404985156
1467286405087553
1467286405189944
1467286405394772
1467286405497391
1467286405599557
1467286405701922
1467286405804373
1467286406213921
1467286406316343
1467286406725916
1467286406931023
1467286407340349
1467286407545144
1467286408057102
1467286408159549
1467286408774134
1467286409490772
1467286409797960
1467286410002738
1467286410105133
1467286410207552
1467286410719554
1467286410924377
1467286411333952
1467286411436365
1467286411538776
1467286411641158
1467286411743558
1467286411948363
1467286412153156
1467286412460372
1467286412562717
1467286412665158
1467286412767552
1467286412869923
1467286413279504
1467286413484369
1467286413588889
1467286414098695
1467286414405958
1467286414713108
1467286414917935
1467286415122687
1467286415225156
1467286415327546
1467286415429869
1467286415532365
1467286415634749
1467286415737074
1467286415941925
1467286416044327
1467286416146740
1467286416249153
1467286416658741
1467286416761136
1467286416863492
1467286417273137
1467286417375530
1467286417477931
1467286417682751
1467286417887531
1467286417989928
1467286418297137
1467286418399548
1467286418501932
1467286418911511
1467286419013927
1467286419321138
1467286419525926
1467286419833139
1467286419935554
1467286420140324
1467286420242721
1467286420345094
1467286420447507
1467286420549929
1467286420754725
1467286420959535
1467286421266740
1467286421369118
1467286421881098
1467286421983534
1467286422085931
1467286422188348
1467286422393155
1467286422495509
1467286422597905
1467286422700364
1467286422906451
1467286423109932
1467286423519547
1467286423724328
1467286423929060
1467286424133932
1467286424236299
1467286424441113
1467286424543534
1467286424749863
1467286424850721
1467286425374888
1467286425573178
1467286425977139
1467286426490015
1467286426898724
1467286427205932
1467286427514993
1467286427719677
1467286428434745
1467286428537138
1467286428741930
1467286428844308
1467286429151513
1467286429257620
1467286429356316
1467286429663474
1467286430387907
1467286431203503
1467286431506741
1467286431609120
1467286431815908
1467286431918368
1467286432334886
1467286432432745
1467286432537099
1467286432838062
1467286432945080
1467286433247637
1467286433669619
1467286434177742
1467286434477450
1467286434792662
1467286435397861
1467286435613684
1467286435807516
1467286435909909
1467286436012474
1467286436421948
1467286436626709
1467286436735657
1467286436935932
1467286437036311
1467286437343517
1467286437650703
1467286437759057
1467286438162644
1467286438265064
1467286438367518
1467286438879459
1467286439186720
1467286439289119
1467286439703371
1467286440418620
1467286441234745
1467286441541954
1467286441849118
1467286441951483
1467286442053873
1467286442259733
1467286442463468
1467286442567722
1467286442873081
1467286443087291
1467286443186506
1467286443590059
1467286443897061
1467286444511527
1467286446866731
1467286446969098
1467286448607497
1467286449733899
1467286449836248
1467286449938698
1467286450041098
1467286450143496
1467286450245849
1467286450348291
1467286450450706
1467286450553082
1467286450758227
1467286451167498
1467286451781900
1467286452301810
1467286453014542
1467286453522720
1467286453727515
1467286453836311
1467286453943018
1467286454348402
1467286454547103
1467286454863216
1467286455161085
1467286455263466
1467286455365873
1467286455674622
1467286455775485
1467286455877857
1467286455981442
1467286456082687
1467286456185078
1467286456799466
1467286456902442
1467286457004270
1467286457106688
1467286457209083
1467286457311495
1467286457413850
1467286457823492
1467286458028314
1467286458437885
1467286458847434
1467286459052293
1467286459154686
1467286459974270
1467286460076279
1467286460178637
1467286460281041
1467286460588297
1467286460690712
1467286460793098
1467286460997899
1467286461100289
1467286461203900
1467286461714659
1467286461817064
1467286461919467
1467286462021874
1467286462124271
1467286462533875
1467286462738668
1467286463559257
1467286463660273
1467286463762631
1467286463865039
1467286464172273
1467286464274686
1467286464889072
1467286465196215
1467286465298667
1467286465401081
1467286465708296
1467286466015420
1467286466117854
1467286466220485
1467286466328762
1467286466527463
1467286466629835
1467286466834667
1467286466937070
1467286467039459
1467286467141853
1467286467346640
1467286467449061
1467286467551496
1467286467653857
1467286467756209
1467286467858667
1467286468063434
1467286468473097
1467286468780194
1467286468882599
1467286469292266
1467286469804258
1467286470213857
1467286470316252
1467286470418663
1467286471033065
1467286471135457
1467286471237855
1467286471547918
1467286471647463
1467286471852271
1467286472059212
1467286472159459
1467286472261892
1467286472364273
1467286472466649
1467286472773863
1467286472876271
1467286472978588
1467286473388259
1467286473490659
1467286473592998
1467286473695429
1467286474002670
1467286474309872
1467286474412209
1467286474924211
1467286475026616
1467286475129004
1467286475333870
1467286475436276
1467286475948252
1467286476050648
1467286476357872
1467286476460270
1467286476562603
1467286476767474
1467286477074669
1467286477177065
1467286477279421
1467286477996211
1467286478098649
1467286478201044
1467286478303524
1467286478405837
1467286478508254
1467286478610588
1467286478712987
1467286478815438
1467286478917834
1467286479122623
1467286479429791
1467286479738410
1467286479839436
1467286480146621
1467286480249045
1467286480453861
1467286480761044
1467286481068250
1467286481273045
1467286481477863
1467286481580206
1467286481785065
1467286481989837
1467286482297004
1467286482399436
1467286482501842
1467286482604249
1467286482706628
1467286482911428
1467286483013812
1467286483116236
1467286483833064
1467286483935444
1467286484037838
1467286484140250
1467286484242636
1467286484345002
1467286484549835
1467286484652238
1467286484754638
1467286484857055
1467286484959443
1467286485164189
1467286485266625
1467286485369082
1467286485471442
1467286485573840
1467286485778610
1467286485881031
1467286485983441
1467286486495390
1467286486802635
1467286486905038
1467286487212209
1467286487314623
1467286487417027
1467286487519455
1467286487928968
1467286488031413
1467286488133786
1467286488441052
1467286488850633
1467286489055378
1467286489260236
1467286489874628
1467286490181837
1467286490386648
1467286490490191
1467286490591446
1467286490694285
1467286491103413
1467286491205841
1467286491308270
1467286492229775
1467286492434624
1467286492639440
1467286493049046
1467286493253796
1467286493356250
1467286493561047
1467286494073033
1467286494277839
1467286494380164
1467286494482636
1467286494585029
1467286494789822
1467286494994571
1467286495096973
1467286495301815
1467286495404231
1467286495609008
1467286495711431
1467286495813814
1467286495916210
1467286496018626
1467286496223456
1467286496325817
1467286496633025
1467286496837782
1467286496940276
1467286497145024
1467286497554582
1467286497759375
1467286498066551
1467286498476209
1467286498578582
1467286498680954
1467286498783422
1467286498988152
1467286499090586
1467286499807381
1467286500012156
1467286500114609
1467286500217022
1467286500319420
1467286500524218
1467286500831418
1467286500933839
1467286501138610
1467286501241036
1467286502060251
1467286502162574
1467286502572402
1467286502777001
1467286502879375
1467286503596142
1467286503698575
1467286503801009
1467286503903403
1467286504312965
1467286504415419
1467286504722610
1467286504824961
1467286505029758
1467286505132233
1467286505234617
1467286505337017
1467286505439382
1467286505541798
1467286505644213
1467286505746550
1467286505848984
1467286505951429
1467286506053740
1467286506156215
1467286506360972
1467286506463366
1467286506668195
1467286506873008
1467286507077816
1467286507180168
1467286507282628
1467286507487423
1467286507589803
1467286507692214
1467286507794620
1467286507898929
1467286507999401
1467286508204199
1467286508306631
1467286508409019
1467286508511428
1467286508613798
1467286508716196
1467286508818608
1467286508921006
1467286509228191
1467286510252196
1467286510457012
1467286510559379
1467286510764125
1467286510968945
1467286511173801
1467286511480953
1467286511583403
1467286511685807
1467286511788197
1467286511890616
1467286511992988
1467286512095346
1467286512402611
1467286512505008
1467286512607426
1467286512709821
1467286512914608
1467286513119420
1467286513221817
1467286513324218
1467286513528954
1467286513631382
1467286513836193
1467286514040988
1467286514143384
1467286514245742
1467286514348192
1467286514655382
1467286514757808
1467286514860195
1467286514962545
1467286515167387
1467286515269800
1467286515781796
1467286515884197
1467286516293799
1467286516498592
1467286518341796
1467286518444198
1467286518546560
1467286518649005
1467286518853779
1467286519673011
