1466963487267850
1466963487473543
1466963487677453
1466963487882254
1466963488496657
1466963488599407
1466963488906411
1466963489111101
1466963489316462
1466963489828742
1466963490749503
1466963491774716
1466963491875827
1466963492183015
1466963492388753
1466963492490220
1466963492593980
1466963493310794
1466963493411809
1466963493514216
1466963493618014
1466963493821522
1466963493925991
1466963494743000
1466963495254991
1466963495357403
1466963495459807
1466963495666245
1466963496076400
1466963496280961
1466963496483770
1466963496688592
1466963497507755
1466963498226001
1466963498431065
1466963498535279
1466963499249465
1466963499660072
1466963499965571
1466963500273333
1466963500579727
1466963500990380
1466963501503233
1466963501605172
1466963501706066
1466963502115655
1466963502934910
1466963503140807
1466963503345832
1466963503448449
1466963503654168
1466963504163699
1466963504266455
1466963504573291
1466963504675703
1466963505187660
1466963505699691
1466963506007147
1466963506521321
1466963506621910
1466963506828549
1466963507235665
1466963507338007
1466963507542886
1466963508464455
1466963508670843
1466963508874610
1466963509285205
1466963509693257
1466963510512427
1466963512150844
1466963512970020
1466963513174849
1466963513278598
1466963513381223
1466963513482020
1466963513584593
1466963513686842
1466963514098124
1466963514301224
1466963514403613
1466963514608413
1466963514711363
1466963514813151
1466963515017995
1466963515431780
1466963515734805
1466963515940486
1466963516451577
1466963516553994
1466963516657627
1466963517373181
1466963517782785
1466963517987593
1466963518192599
1466963518397160
1466963518705978
1466963518808053
1466963518909173
1466963519116382
1466963520240621
1466963520548399
1466963520752284
1466963521366748
1466963521469525
1466963521571525
1466963521674838
1466963521778532
1466963521880023
1466963522084350
1466963522185933
1466963522288573
1466963522697920
1466963523005119
1466963523209926
1466963523414716
1466963524544892
1466963524745923
1466963525360398
1466963525464348
1466963525568077
1466963525874093
1466963525977562
1466963526077104
1466963526281824
1466963526384786
1466963526589098
1466963526692014
1466963526896850
1466963527101083
1466963527203477
1466963528945621
1466963529354635
1466963530174865
1466963530378807
1466963530685032
1466963531504253
1466963531710417
1466963533654622
1466963534373209
1466963534678606
1466963535497840
1466963535702595
1466963536009797
1466963536319415
1466963536932781
1466963537340981
1466963537446131
1466963537648108
1466963537852954
1466963537955357
1466963538162084
1466963538467756
1466963538569716
1466963539081967
1466963539389681
1466963539901527
1466963540924948
1466963541641733
1466963542564343
1466963542974470
1466963543689713
1466963543792114
1466963544099534
1466963545123600
1466963545635283
1466963546249714
1466963546352102
1466963546870710
1466963546966596
1466963547683286
1466963547992105
1466963548297677
1466963549014467
1466963549327697
1466963549527167
1466963549949287
1466963550040647
1466963551574864
1466963551986298
1466963552188848
1466963552291242
1466963552601708
1466963553520242
1466963553726605
1466963554031976
1466963554648018
1466963555057735
1466963555159010
1466963555364982
1466963555469421
1466963555672854
1466963555979773
1466963556287374
1466963556387207
1466963556694373
1466963557208603
1466963557619101
1466963557718414
1466963558537568
1466963559151954
1466963560485222
1466963561509355
1466963563044897
1466963564989515
1466963565296753
1466963565711581
1466963566218618
1466963566424606
1466963566524709
1466963566831833
1466963567139140
1466963567241507
1466963567446348
1466963567653366
1466963567855898
1466963568061354
1466963568367897
1466963568572679
1466963568676327
1466963568881761
1466963568982261
1466963569086975
1466963569392140
1466963569596662
1466963570321582
1466963570620654
1466963570927936
1466963571032147
1466963571235531
1466963571649280
1466963571746983
1466963572158580
1466963572361413
1466963572463844
1466963572566219
1466963572771397
1466963572975851
1466963573078349
1466963573489728
1466963573694303
1466963574002349
1466963574511823
1466963574615616
1466963574716900
1466963574819040
1466963575126207
1466963575638408
1466963576355975
1466963576560002
1466963576869441
1466963577276611
1466963577481747
1466963577583794
1466963577998039
1466963578301005
1466963578611416
1466963578915715
1466963579017758
1466963579736461
1466963579837030
1466963580041390
1466963580351610
1466963580553817
1466963580656308
1466963580760347
1466963580964552
1466963581168052
1466963581271062
1466963581475520
1466963581886160
1466963581987543
1466963582191740
1466963582603584
1466963582908551
1466963583218987
1466963583318552
1466963583728402
1466963584035130
1466963584239735
1466963584343584
1466963584549027
1466963585059344
1466963585366145
1466963585878452
1466963586185303
1466963586287709
1466963586697295
1466963587414098
1466963587721610
1466963587926093
1466963588130897
1466963588950650
1466963589159129
1466963589361717
1466963590486469
1466963590793447
1466963590998059
1466963591510644
1466963591919658
1466963592432322
1466963593660553
1466963593762854
1466963594070034
1466963594275481
1466963594377192
1466963594584167
1466963594684403
1466963594889370
1466963595709390
1466963595913203
1466963596015739
1466963596425185
1466963596629987
1466963596937940
1466963597142001
1466963597244404
1466963597449228
1466963598063603
1466963598167070
1466963598473189
1466963598883427
1466963599292403
1466963599395182
1466963599599613
1466963600009974
1466963600624767
1466963601139994
1466963601340663
1466963601442762
1466963602057170
1466963602160864
1466963602264467
1466963602672619
1466963603491654
1466963603593709
1466963604925161
1466963605129142
1466963606563478
1466963606665127
1466963607894112
1466963608815488
1466963608917902
1466963609328307
1466963609532273
1466963610044918
1466963610455241
1466963610556674
1466963611171505
1466963611477823
1466963611682649
1466963612604628
1466963613423446
1466963613834013
1466963614140243
1466963615266868
1466963615376794
1466963615471446
1466963615881044
1466963616188235
1466963616393922
1466963616495421
1466963616802611
1466963616905005
1466963617109816
1466963617417012
1466963617519344
1466963617622273
1466963617724177
1466963617929667
1466963618338664
1466963618443049
1466963620796201
1466963621103867
1466963621207610
1466963621308164
1466963621717752
1466963622332152
1466963623665421
1466963623768901
1466963624074212
1466963624380156
1466963624687330
1466963624789738
1466963624998639
1466963625199613
1466963625404150
1466963625916117
1466963626122632
1466963626223953
1466963626429393
1466963626632856
1466963627145988
1466963627349878
1466963627861708
1466963628579779
1466963628988248
1466963629704879
1466963630319290
1466963631043200
1466963631240849
1466963631548042
1466963631651792
1466963631757517
1466963632880718
1466963633084058
1466963633391266
1466963633494612
1466963633904372
1466963634109293
1466963634312847
1466963634415362
1466963635029640
1466963635952310
1466963636259561
1466963636668778
1466963636874367
1466963637180877
1466963637592094
1466963637897995
1466963638411150
1466963638511963
1466963639741195
1466963641175340
1466963641587956
1466963641685570
1466963642097203
1466963642607400
1466963642709557
1466963643017200
1466963643325822
1466963643426371
1466963643631153
1466963644759772
1466963644860662
1466963645269541
1466963645783370
1466963645986339
1466963647216965
1466963647419995
1466963647522278
1466963647829537
1466963647931917
1466963648136711
1466963648443979
1466963648546307
1466963648956799
1466963650287103
1466963650391328
1466963650799050
1466963650901444
1466963651110201
1466963651312947
1466963652130279
1466963652437480
1466963652541775
1466963653053081
1466963653359059
1466963653666235
1466963654076967
1466963654178221
1466963654587853
1466963654792630
1466963654899591
1466963655202351
1466963655409388
1466963655816645
1466963655919045
1466963656022512
1466963656123833
1466963656226714
1466963656330014
1466963656438363
1466963656635824
1466963656842654
1466963657045389
1466963657250187
1466963657457066
1466963657659811
1466963657764268
1466963658482430
1466963658581426
1466963658993100
1466963659298432
1466963659606887
1466963660016538
1466963660221145
1466963660323645
1466963661550975
1466963661653393
1466963662064678
1466963662166756
1466963662371914
1466963662780851
1466963663293934
1466963663496554
1466963663906625
1466963664008563
1466963664418214
1466963665135664
1466963665339901
1466963665443526
1466963665546090
1466963665750901
1466963666058701
1466963666363746
1466963666673151
1466963667900047
1466963668214196
1466963668412100
1466963668618309
1466963669129816
1466963669847451
1466963670666774
1466963670971696
1466963671281227
1466963671689167
1466963671997351
1466963672611258
1466963672816870
1466963673225702
1466963673431665
1466963673531602
1466963674760457
1466963674965240
1466963675683748
1466963675784435
1466963676298225
1466963676706024
1466963676910836
1466963677320424
1466963677627608
1466963678348699
1466963678654136
1466963680908332
1466963681425188
1466963682030721
1466963682134155
1466963683056083
1466963683670979
1466963684079404
1466963684181559
1466963684285279
1466963684385921
1466963684491111
1466963684590700
1466963684796506
1466963684899663
1466963685102676
1466963685205088
1466963685411860
1466963685717535
1466963685820749
1466963686331576
1466963686638749
1466963686745183
1466963686847496
1466963688174734
1466963688278464
1466963689096320
1466963689915478
1466963690325061
1466963690530083
1466963691043426
1466963691144301
1466963691553863
1466963691758683
1466963692373079
1466963692782753
1466963693090229
1466963693192237
1466963693295079
1466963694219808
1466963694629265
1466963695137821
1466963695649852
1466963695957343
1466963696060470
1466963696366651
1466963696469246
1466963697187775
1466963697800230
1466963698107410
1466963698209838
1466963698721811
1466963698824814
1466963699233811
1466963699747008
1466963699848208
1466963700463845
1466963700565008
1466963700872204
1466963701692655
1466963702410184
1466963703228598
1466963703432121
1466963703740072
1466963703841791
1466963704047628
1466963705275381
1466963705992170
1466963706197000
1466963707325767
1466963707529319
1466963709269760
1466963711117627
1466963711522684
1466963711625977
1466963711828893
1466963712034413
1466963712752467
1466963713364889
1466963713467414
1466963713570957
1466963714799879
1466963715107035
1466963715208059
1466963715310460
1466963716030003
1466963716131022
1466963716436855
1466963716848208
1466963717052808
1466963717256031
1466963717463040
1466963718077522
1466963718382435
1466963718484845
1466963718899403
1466963719816417
1466963720329707
1466963720737600
1466963721558496
1466963722273603
1466963722478378
1466963722888213
1466963723502313
1466963723809638
1466963723911957
1466963724119002
1466963724219162
1466963724526381
1466963724732289
1466963725038358
1466963725652752
1466963725859195
1466963726369710
1466963726574622
1466963726676737
1466963726881551
1466963727598322
1466963727908258
1466963729238732
1466963729441511
1466963729646265
1466963729955266
1466963730159677
1466963730363214
1466963730467214
1466963730567918
1466963731387114
1466963731797003
1466963731902013
1466963732308715
1466963732617710
1466963732923083
1466963733435642
1466963733537830
1466963734049494
1466963734254285
1466963734356672
1466963734460817
1466963734562734
1466963735690216
1466963736097467
1466963736711841
1466963736814263
1466963736916661
1466963737531047
1466963737634999
1466963738043046
1466963738145429
1466963738350230
1466963738454127
1466963739374239
1466963739889111
1466963739988713
1466963740193346
1466963740604624
1466963741012715
1466963742037436
1466963742139008
1466963742243487
1466963742651006
1466963742960302
1466963743163075
1466963743879788
1466963744087814
1466963744494189
1466963744698984
1466963745416125
1466963746337446
1466963746542569
1466963746850332
1466963747156547
1466963747873336
1466963748079660
1466963748590144
1466963749818925
1466963750024846
1466963751252764
1466963751457443
1466963751866901
1466963752072277
1466963752788742
1466963752893215
1466963752997652
1466963753198106
1466963753710087
1466963753812495
1466963753917382
1466963754426877
1466963754631961
1466963754734087
1466963755041289
1466963755246283
1466963755758071
1466963756272139
1466963756372464
1466963756782452
1466963757498852
1466963757601239
1466963757908450
1466963758115688
1466963758215583
1466963758318054
1466963759446728
1466963759649243
1466963760468821
1466963760674093
1466963760878141
1466963760982526
1466963761287599
1466963761390006
1466963761594801
1466963761800068
1466963761901958
1466963762007599
1466963762109306
1466963762722460
1466963763130790
1466963763233757
1466963763338160
1466963764154796
1466963764362010
1466963765076905
1466963765485971
1466963766100361
1466963766202770
1466963766509954
1466963766612551
1466963766718500
1466963767636365
1466963768148337
1466963768353123
1466963768969324
1466963769172342
1466963769991528
1466963770298717
1466963770708318
1466963770913135
1466963771834697
1466963771937746
1466963772450091
1466963772554368
1466963772756996
1466963773063475
1466963773268583
1466963773370694
1466963773473100
1466963773575506
1466963773780257
1466963774190537
1466963774396936
1466963775725885
1466963776033080
1466963776237868
1466963776750244
1466963777261821
1466963777466660
1466963777569929
1466963777978876
1466963778388268
1466963779106573
1466963779207407
1466963779617024
1466963779719417
1466963780333803
1466963780744332
1466963781152994
1466963781664993
1466963781767434
1466963782279960
1466963782381805
1466963783201885
1466963783305968
1466963783815393
1466963784941776
1466963785760901
1466963786068172
1466963786272967
1466963787195188
1466963787502440
1466963788218562
1466963788320989
1466963789037728
1466963789140131
1466963789242542
1466963789447325
1466963789549720
1466963789652123
1466963789856934
1466963790368918
1466963790574491
1466963790676125
1466963791189280
1466963791392929
1466963791700246
1466963791904922
1466963792417686
1466963793137043
1466963793748088
1466963793850506
1466963795488888
1466963796004590
1466963796820044
1466963798151246
1466963798765640
1466963798869387
1466963799072857
1466963799482378
1466963800404978
1466963800506453
1466963800608811
1466963800711232
1466963800916042
1466963801019428
1466963802042420
1466963802554415
1466963802759224
1466963803784696
1466963803988201
1466963804500721
1466963806241899
1466963806343169
1466963806856724
1466963807367382
1466963807471104
1466963807571985
1466963807674372
1466963807776768
1466963808493569
1466963809415127
1466963809619944
1466963809722291
1466963810236024
1466963810541555
1466963810849891
1466963811872731
1466963811975578
1466963812487137
1466963812794328
1466963813716091
1466963814023090
1466963814944700
1466963816072394
1466963816480686
1466963816787877
1466963817096263
1466963817812231
1466963818120589
1466963818426256
1466963818530063
1466963819040643
1466963819655207
1466963819759322
1466963820579017
1466963820680958
1466963820781442
1466963820884154
1466963821089927
1466963821703576
1466963822114146
1466963822524148
1466963822931825
1466963823034617
1466963823239029
1466963823343000
1466963823546199
1466963824264216
1466963824674577
1466963825082891
1466963825287033
1466963825390090
1466963825594204
1466963826822980
1466963827028370
1466963827131855
1466963827846979
1466963828361017
1466963828461377
1466963828870974
1466963828975024
1466963829383464
1466963830099830
1466963830513693
1466963830919548
1466963831023041
1466963832148350
1466963832250271
1466963833069562
1466963833990918
1466963834093305
1466963834912505
1466963835219710
1466963835427018
1466963835526876
1466963836243943
1466963836653282
1466963836962306
1466963837062894
1466963837268943
1466963837370486
1466963837472639
1466963837575628
1466963838191595
1466963838291683
1466963838496470
1466963838701543
1466963839827855
1466963840135306
1466963840853440
1466963840954049
1466963841364516
1466963841670839
1466963841773234
1466963842899628
1466963843616425
1466963843821225
1466963844435993
1466963845257298
1466963845460034
1466963845871698
1466963846278802
1466963848021728
1466963849248353
1466963849555555
1466963850169961
1466963850682528
1466963850784353
1466963851501114
1466963851808512
1466963851910728
1466963852013137
1466963852320327
1466963852627533
1466963854777899
1466963855085110
1466963855598754
1466963855802699
1466963855905018
1466963856007619
1466963856520669
1466963857440281
1466963857542675
1466963857749865
1466963857849885
1466963857952191
1466963858875152
1466963860103462
1466963860614629
1466963860921842
1466963861025219
1466963861434666
1466963861843425
1466963862150648
1466963862356340
1466963862457827
1466963862662622
1466963863072237
1466963863686621
1466963864403436
1466963864505811
1466963864710619
1466963865737631
1466963866144207
1466963866553806
1466963867270601
1466963867373005
1466963868090403
