1467257083202653
1467257083305102
1467257083407437
1467257083620025
1467257083722421
1467257083824769
1467257084021844
1467257084124245
1467257084226649
1467257084439186
1467257084541587
1467257084841057
1467257084943500
1467257085258371
1467257085360811
1467257085660292
1467257085762689
1467257086077643
1467257086179991
1467257086479476
1467257086581897
1467257086794412
1467257086896853
1467257086999184
1467257087196273
1467257087298718
1467257087401124
1467257087613687
1467257087716089
1467257087818503
1467257088015502
1467257088117921
1467257088220280
1467257088432926
1467257088535316
1467257088637711
1467257088834716
1467257088937072
1467257089039532
1467257089252155
1467257089354545
1467257089653934
1467257089756316
1467257090071359
1467257090173726
1467257090473070
1467257090575524
1467257090890545
1467257090993003
1467257091292296
1467257091394732
1467257091709769
1467257091812165
1467257092009101
1467257092111541
1467257092213940
1467257092426586
1467257092528940
1467257092631378
1467257092828359
1467257092930741
1467257093033093
1467257093245779
1467257093348210
1467257093647545
1467257093749945
1467257094065025
1467257094167445
1467257094466776
1467257094569149
1467257094884257
1467257094986673
1467257095285961
1467257095388358
1467257095601037
1467257095703425
1467257095805880
1467257096002718
1467257096105151
1467257096207498
1467257096420282
1467257096522654
1467257096625108
1467257096821978
1467257096924306
1467257097026752
1467257097239563
1467257097341940
1467257097641122
1467257097743567
1467257098058646
1467257098161063
1467257098460409
1467257098562723
1467257098877944
1467257098980332
1467257099279567
1467257099381979
1467257099594726
1467257099697153
1467257099799585
1467257099996369
1467257100098770
1467257100201202
1467257100413989
1467257100516384
1467257100618793
1467257100815589
1467257100918000
1467257101020399
1467257101233231
1467257101335585
1467257101438002
1467257101634791
1467257101737188
1467257102052421
1467257102154836
1467257102454012
1467257102556411
1467257102871685
1467257102974049
1467257103273181
1467257103375608
1467257103690821
1467257103793296
1467257103989929
1467257104194760
1467257104407671
1467257104510110
1467257104612398
1467257104809208
1467257104911608
1467257105014005
1467257105226876
1467257105329245
1467257105431680
1467257105628394
1467257105730815
1467257105833224
1467257106046056
1467257106148504
1467257106447548
1467257106865318
1467257106967716
1467257107266818
1467257107369216
1467257107684546
1467257107786928
1467257108086025
1467257108188443
1467257108401379
1467257108503776
1467257108606171
1467257108802834
1467257108905200
1467257109007590
1467257109220593
1467257109322975
1467257109425402
1467257109621985
1467257109724399
1467257109826844
1467257110039776
1467257110142216
1467257110441209
1467257110543589
1467257110859049
1467257110961446
1467257111260410
1467257111362839
1467257111780612
1467257112079652
1467257112182007
1467257112497445
1467257112599844
1467257112796405
1467257112898860
1467257113001200
1467257113214279
1467257113316676
1467257113419068
1467257113615617
1467257113718025
1467257113820472
1467257114033498
1467257114135891
1467257114238299
1467257114434858
1467257114537256
1467257114639696
1467257114852735
1467257114955156
1467257115254068
1467257115356407
1467257115671950
1467257115774284
1467257116073218
1467257116491107
1467257116593580
1467257116892461
1467257116994891
1467257117207947
1467257117310401
1467257117412800
1467257117609272
1467257117711610
1467257117814103
1467257118027127
1467257118129551
1467257118231919
1467257118428486
1467257118530883
1467257118633302
1467257118846350
1467257118948797
1467257119051195
1467257119247694
1467257119350090
1467257119452485
1467257119665591
1467257119767946
1467257119870424
1467257120066905
1467257120169309
1467257120484840
1467257120587239
1467257120886108
1467257120988506
1467257121304071
1467257121406468
1467257121602846
1467257121705314
1467257121807675
1467257122020849
1467257122225696
1467257122422076
1467257122524507
1467257122626903
1467257122840051
1467257122942508
1467257123044926
1467257123241320
1467257123343713
1467257123446114
1467257123659342
1467257123761697
1467257124060526
1467257124162986
1467257124478509
1467257124580905
1467257124879718
1467257124982151
1467257125297710
1467257125400140
1467257125698946
1467257125801302
1467257126014571
1467257126116994
1467257126219373
1467257126415703
1467257126518152
1467257126620530
1467257126833780
1467257126936177
1467257127038588
1467257127234947
1467257127337338
1467257127439681
1467257127653026
1467257127755375
1467257128054132
1467257128156495
1467257128472241
1467257128574650
1467257128873292
1467257128975761
1467257129393865
1467257129692516
1467257129794945
1467257130008278
1467257130110705
1467257130213155
1467257130409326
1467257130511760
1467257130614151
1467257130827389
1467257130929860
1467257131032267
1467257131228576
1467257131330981
1467257131433359
1467257131646674
1467257131749076
1467257131851432
1467257132047751
1467257132150188
1467257132252504
1467257132465914
1467257132568302
1467257132866965
1467257132969382
1467257133285106
1467257133387530
1467257133686175
1467257133788576
1467257134104381
1467257134206701
1467257134505380
1467257134607714
1467257134821161
1467257134923512
1467257135025988
1467257135222195
1467257135324546
1467257135426984
1467257135640363
1467257135742805
1467257135845234
1467257136041381
1467257136143817
1467257136246213
1467257136459580
1467257136562027
1467257136860591
1467257136963000
1467257137278859
1467257137381171
1467257137679803
1467257138098034
1467257138200428
1467257138498988
1467257138601417
1467257138814810
1467257138917194
1467257139019658
1467257139215807
1467257139318243
1467257139420661
1467257139634074
1467257139736467
1467257139838865
1467257140035022
1467257140137406
1467257140239765
1467257140453272
1467257140555653
1467257140854217
1467257140956554
1467257141272453
1467257141374872
1467257141673371
1467257141778655
1467257142091742
1467257142194159
1467257142492636
1467257142595032
1467257142808537
1467257142910921
1467257143013406
1467257143209388
1467257143311794
1467257143414185
1467257143627803
1467257143730197
1467257143832603
1467257144028637
1467257144131034
1467257144233448
1467257144446938
1467257144549362
1467257144651795
1467257144847844
1467257144950239
1467257145266221
1467257145368598
1467257145667054
1467257145769449
1467257146085405
1467257146187835
1467257146486199
1467257146588657
1467257146802243
1467257146904635
1467257147006994
1467257147203054
1467257147305450
1467257147407802
1467257147621474
1467257147723807
1467257147826281
1467257148124596
1467257148227066
1467257148543091
1467257148841410
1467257148943836
1467257149259928
1467257149362339
1467257149660679
1467257149763076
1467257150079161
1467257150181559
1467257150479850
1467257150582287
1467257150795909
1467257150898738
1467257151000731
1467257151196691
1467257151299104
1467257151401471
1467257151615146
1467257151717534
1467257151819956
1467257152015938
1467257152118284
1467257152220680
1467257152434325
1467257152536765
1467257152835061
1467257152937492
1467257153253577
1467257153654317
1467257153756642
1467257154072754
1467257154175223
1467257154371039
1467257154473433
1467257154575909
1467257154790219
1467257154892030
1467257155190263
1467257155292698
1467257155395096
1467257155608870
1467257155711263
1467257155813698
1467257156009544
1467257156111912
1467257156214340
1467257156430663
1467257156530496
1467257156828723
1467257156931123
1467257157247247
1467257157349655
1467257157647917
1467257157750323
1467257157964892
1467257158066433
1467257158168842
1467257158364726
1467257158467119
1467257158569546
1467257158783307
1467257158885702
1467257158988119
1467257159183932
1467257159286327
1467257159388745
1467257159602531
1467257159704948
1467257159807290
1467257160003125
1467257160105531
1467257160207891
1467257160421746
1467257160524099
1467257160924710
1467257161240948
1467257161343388
1467257161641496
1467257161743951
1467257162060221
1467257162162619
1467257162460718
1467257162563175
1467257162777030
1467257162879453
1467257162981848
1467257163177524
1467257163279956
1467257163382305
1467257163596181
1467257163698615
1467257163801016
1467257163996793
1467257164099128
1467257164201572
1467257164415430
1467257164517828
1467257164815984
1467257164918365
1467257165234682
1467257165337075
1467257165635172
1467257165737574
1467257166053892
1467257166156288
1467257166454367
1467257166556740
1467257166770706
1467257166873134
1467257166975467
1467257167171139
1467257167273521
1467257167375972
1467257167589874
1467257167692324
1467257167794726
1467257167990329
1467257168092784
1467257168195184
1467257168409163
1467257168511559
1467257168613904
1467257168809607
1467257168912015
1467257169014398
1467257169228391
1467257169330805
1467257169628784
1467257169731215
1467257170047621
1467257170149950
1467257170447923
1467257170550389
1467257170866756
1467257170969190
1467257171267213
1467257171369606
1467257171583601
1467257171685997
1467257171788393
1467257171984017
1467257172086411
1467257172188806
1467257172402833
1467257172607573
1467257172803241
1467257172905621
1467257173007987
1467257173222016
1467257173324429
1467257173622412
1467257173724829
1467257174041244
1467257174143682
1467257174441619
1467257174544016
1467257174860519
1467257174962914
1467257175158384
1467257175260829
1467257175363231
1467257175577298
1467257175679701
1467257175782139
1467257175977612
1467257176080003
1467257176182385
1467257176396563
1467257176498951
1467257176601369
1467257176796858
1467257176899247
1467257177001640
1467257177215751
1467257177318125
1467257177616039
1467257177718460
1467257178034895
1467257178137390
1467257178435251
1467257178537646
1467257178854186
1467257178956521
1467257179254454
1467257179356792
1467257179570959
1467257179673334
1467257179775810
1467257179971268
1467257180073619
1467257180176022
1467257180390176
1467257180492641
1467257180595038
1467257180790417
1467257180995269
1467257181209456
1467257181311852
1467257181609664
1467257181712086
1467257182028654
1467257182131078
1467257182428877
1467257182531269
1467257182847900
1467257182950310
1467257183248081
1467257183350475
1467257183564662
1467257183667062
1467257183769478
1467257183964893
1467257184067291
1467257184169706
1467257184383861
1467257184486291
1467257184588703
1467257184784127
1467257184886500
1467257184988910
1467257185203123
1467257185305521
1467257185603239
1467257185705706
1467257186022357
1467257186124749
1467257186422497
1467257186524873
1467257186841582
1467257186943979
1467257187241706
1467257187344103
1467257187558343
1467257187660808
1467257187763215
1467257187958447
1467257188060916
1467257188163310
1467257188377627
1467257188480045
1467257188582392
1467257188777669
1467257188880129
1467257189196861
1467257189299196
1467257189596913
1467257189699332
1467257190016045
1467257190118418
1467257190416120
1467257190518538
1467257190732809
1467257190835257
1467257190937643
1467257191132899
1467257191235327
1467257191337729
1467257191552025
1467257191756829
1467257191952090
1467257192054537
1467257192156875
1467257192371259
1467257192576101
1467257192771371
1467257192873688
1467257193190471
1467257193292914
1467257194009749
1467257194112148
1467257194409746
1467257194512082
1467257194726530
1467257194828942
1467257194931333
1467257195126545
1467257195228954
1467257195331307
1467257195545794
1467257195750600
1467257195945704
1467257196048161
1467257196150561
1467257196364983
1467257196467355
1467257196764975
1467257196867372
1467257197184189
1467257197286582
1467257197584162
1467257197686599
1467257198003419
1467257198105828
1467257198403324
1467257198505770
1467257198720230
1467257198822644
1467257198925015
1467257199120184
1467257199222533
1467257199324977
1467257199539400
1467257199641854
1467257199744273
1467257199939395
1467257200041791
1467257200144186
1467257200358688
1467257200461084
1467257200758535
1467257200860999
1467257201280345
1467257201577797
1467257201680187
1467257201997165
1467257202099558
1467257202396938
1467257202499336
1467257202713915
1467257202816379
1467257202918739
1467257203113779
1467257203216207
1467257203318616
1467257203533136
1467257203635539
1467257203737939
1467257203933048
1467257204035418
1467257204137812
1467257204454788
1467257204752212
1467257204854622
1467257205171581
1467257205273919
1467257205571374
1467257205673770
1467257205990767
1467257206093228
1467257206390584
1467257206493022
1467257206707615
1467257206810008
1467257206912450
1467257207107391
1467257207209834
1467257207312249
1467257207526856
1467257207629273
1467257207731667
1467257207926566
1467257208029047
1467257208131434
1467257208346098
1467257208448502
1467257208745839
1467257208848251
1467257209165316
1467257209267712
1467257209565045
1467257209668044
1467257209984506
1467257210086881
1467257210384248
1467257210486671
1467257210701257
1467257210803712
1467257210906057
1467257211101026
1467257211203461
1467257211305873
1467257211520524
1467257211725300
1467257211920220
1467257212022612
1467257212125031
1467257212339736
1467257212442170
1467257212544573
1467257212739430
1467257212841822
1467257212944277
1467257213158982
1467257213261419
1467257213558669
1467257213661066
1467257213978169
1467257214080554
1467257214377881
1467257214481382
1467257214694988
1467257214797442
1467257214899842
1467257215094652
1467257215197054
1467257215299447
1467257215514286
1467257215616611
1467257215719066
1467257215913879
1467257216016251
1467257216118727
1467257216333382
1467257216435839
1467257216538235
1467257216733088
1467257216835483
1467257217152664
1467257217255046
1467257217552239
1467257217654646
1467257217971880
1467257218074263
1467257218371505
1467257218473842
1467257218688651
1467257218791079
1467257218893520
1467257219088320
1467257219190663
1467257219293097
1467257219507885
1467257219610344
1467257219712731
1467257219907465
1467257220009863
1467257220113045
1467257220327171
1467257220429563
1467257220726708
1467257220829127
1467257221146376
1467257221248794
1467257221545858
1467257221648312
1467257221965606
1467257222068022
1467257222365098
1467257222467521
1467257222682339
1467257222784772
1467257222887172
1467257223081966
1467257223184336
1467257223286733
1467257223501574
1467257223604002
1467257223706354
1467257223929980
1467257224003557
1467257224105919
1467257224320836
1467257224423260
1467257224720353
1467257224822722
1467257225140004
1467257225242441
1467257225539511
1467257225641914
1467257225959243
1467257226061678
1467257226358755
1467257226461128
1467257226676066
1467257226778524
1467257226880902
1467257227075547
1467257227177966
1467257227280373
1467257227495284
1467257227597707
1467257227700103
1467257227894759
1467257227997119
1467257228099505
1467257228314511
1467257228416965
1467257228713968
1467257228816368
1467257229133741
1467257229236089
1467257229533172
1467257229635569
1467257229952945
1467257230055345
1467257230249922
1467257230454772
1467257230669794
1467257230772175
1467257230874525
1467257231069189
1467257231171589
1467257231273941
1467257231488953
1467257231591377
1467257231693798
1467257231888400
1467257231990734
1467257232093201
1467257232308215
1467257232410615
1467257232707526
1467257232809942
1467257233127378
1467257233229840
1467257233526800
1467257233629187
1467257233946677
1467257234049069
1467257234345975
1467257234448401
1467257234663424
1467257234765901
1467257234868315
1467257235063393
1467257235165213
1467257235267612
1467257235482669
1467257235585133
1467257235687462
1467257235881973
1467257236086833
1467257236301900
1467257236404294
1467257236701202
1467257236803611
1467257237121109
1467257237223484
1467257237520426
1467257237622763
1467257237940300
1467257238042721
1467257238339574
1467257238442028
1467257238657128
1467257238759575
1467257238861968
1467257239056425
1467257239158769
1467257239261251
1467257239476388
1467257239578800
1467257239681149
1467257239875629
1467257239978031
1467257240080445
1467257240295633
1467257240694830
1467257241114843
1467257241217257
1467257241514048
1467257241616445
1467257241934071
1467257242036424
1467257242333258
1467257242435671
1467257242650792
1467257242753237
1467257242855646
1467257243050004
1467257243254859
1467257243470018
1467257243572468
1467257243674862
1467257243869258
1467257243971653
1467257244074026
1467257244289280
1467257244391691
1467257244494096
1467257244688470
1467257244790804
1467257244893277
1467257245108466
1467257245210894
1467257245507616
1467257245610073
1467257245927744
1467257246030154
1467257246326888
1467257246429296
1467257246746914
1467257246849389
1467257247146104
1467257247463759
1467257247566193
1467257247668590
1467257247862844
1467257247965280
1467257248067694
1467257248282977
1467257248385972
1467257248487816
1467257248682089
1467257248784490
1467257248886894
1467257249102183
1467257249204575
1467257249501295
1467257249603691
1467257249921423
1467257250023762
1467257250320528
1467257250422906
1467257250740575
1467257250843050
1467257251139649
1467257251242121
