1466987388224871
1466987388327290
1466987388429698
1466987388634472
1466987388839289
1466987388941583
1466987389044020
1466987389146473
1466987389248895
1466987389351505
1466987389453653
1466987389556057
1466987389659416
1466987389760892
1466987389865594
1466987389965672
1466987390068067
1466987390273174
1466987390375264
1466987390477660
1466987390580322
1466987390784875
1466987390887989
1466987390989664
1466987391092075
1466987391195996
1466987391297231
1466987391399857
1466987391502121
1466987391604057
1466987391706477
1466987391808887
1466987391911266
1466987392013652
1466987392116382
1466987392219323
1466987392320891
1466987392423272
1466987392525654
1466987392628051
1466987392730461
1466987392832872
1466987392935202
1466987393037660
1466987393140051
1466987393242460
1466987393344890
1466987393447197
1466987393549651
1466987393652050
1466987393754460
1466987393856871
1466987393959439
1466987394061649
1466987394164051
1466987394266457
1466987394368888
1466987394573872
1466987394676051
1466987394778459
1466987394880874
1466987394983248
1466987395085665
1466987395188067
1466987395290478
1466987395392895
1466987395495570
1466987395597656
1466987395700051
1466987395803755
1466987395904879
1466987396007256
1466987396110326
1466987396212008
1466987396314460
1466987396417102
1466987396519231
1466987396621670
1466987396724077
1466987396826484
1466987396928890
1466987397031255
1466987397133665
1466987397236068
1466987397338896
1466987397440891
1466987397543249
1466987397645651
1466987397748076
1466987397850484
1466987397952892
1466987398055255
1466987398362477
1466987398464897
1466987398567251
1466987398669672
1466987398772070
1466987398874477
1466987398979038
1466987399079261
1466987399181884
1466987399284084
1466987399386466
1466987399488830
1466987399591248
1466987399693655
1466987399796249
1466987399898462
1466987400000809
1466987400103250
1466987400205664
1466987400308070
1466987400410477
1466987400512850
1466987400615263
1466987400717667
1466987400820004
1466987401025488
1466987401127286
1466987401229673
1466987401333591
1466987401434474
1466987401639521
1466987401743630
1466987401844120
1466987401946479
1466987402048895
1466987402151274
1466987402253643
1466987402356067
1466987402458476
1466987402561215
1466987402663271
1466987402765673
1466987402868077
1466987402970484
1466987403072874
1466987403175251
1466987403277653
1466987403381004
1466987403484465
1466987403584877
1466987403687251
1466987403789653
1466987403892072
1466987404096790
1466987404199265
1466987404301656
1466987404404317
1466987404506456
1466987404608844
1466987404711272
1466987404813674
1466987404916074
1466987405120898
1466987405223270
1466987405325621
1466987405428068
1466987405530411
1466987405632844
1466987405735268
1466987405837652
1466987405940433
1466987406144846
1466987406349672
1466987406452068
1466987406555144
1466987406656840
1466987406760966
1466987406861914
1466987406964079
1466987407066449
1466987407168859
1466987407272859
1466987407373831
1466987407476149
1466987407578441
1466987407680785
1466987407785456
1466987407885670
1466987407988079
1466987408090440
1466987408192842
1466987408295722
1466987408397704
1466987408500046
1466987408602434
1466987408704841
1466987408807252
1466987408909679
1466987409012074
1466987409114437
1466987409216854
1466987409321576
1466987409421661
1466987409524068
1466987409626704
1466987409728847
1466987409831413
1466987409933671
1466987410036072
1466987410138455
1466987410242337
1466987410343268
1466987410445653
1466987410548031
1466987410752835
1466987410855250
1466987410957653
1466987411060078
1466987411162827
1466987411264850
1466987411470364
1466987411572054
1466987411674452
1466987411776946
1466987411982615
1466987412084234
1466987412186449
1466987412288852
1466987412391269
1466987412493670
1466987412595988
1466987412698434
1466987412800862
1466987412903256
1466987413005914
1466987413108157
1466987413312857
1466987413415277
1466987413620047
1466987413724276
1466987413824851
1466987413927269
1466987414029646
1466987414132075
1466987414234454
1466987414338675
1466987414439255
1466987414541629
1466987414643981
1466987414746435
1466987414849013
1466987414953524
1466987415053628
1466987415156045
1466987415258461
1466987415360849
1466987415463554
1466987415567876
1466987415668055
1466987415770456
1466987415872855
1466987415975270
1466987416077648
1466987416179974
1466987416282435
1466987416385211
1466987416487256
1466987416589630
1466987416692698
1466987416794437
1466987416898320
1466987416999475
1466987417103976
1466987417307204
1466987417408836
1466987417512707
1466987417614879
1466987417818462
1466987418023285
1466987418332806
1466987418432810
1466987418535218
1466987418637628
1466987418740043
1466987418842463
1466987418945598
1466987419113437
1466987419149581
1466987419354395
1466987419456946
1466987419561052
1466987419661559
1466987419764030
1466987419866456
1466987419968854
1466987420071279
1466987420175918
1466987420276056
1466987420378451
1466987420480854
1466987420583269
1466987420685810
1466987420790263
1466987420890409
1466987420992841
1466987421095189
1466987421197611
1466987421300049
1466987421404380
1466987421504785
1466987421607750
1466987421709598
1466987421812047
1466987421914729
1466987422016854
1466987422119277
1466987422222454
1466987422324045
1466987422426446
1466987422529079
1466987422633576
1466987422837898
1466987423040855
1466987423143270
1466987423246723
1466987423348076
1466987423450787
1466987423555488
1466987423655223
1466987423757651
1466987423860050
1466987423962453
1466987424064861
1466987424169372
1466987424269633
1466987424372057
1466987424474461
1466987424679274
1466987424783521
1466987424884055
1466987424986466
1466987425088853
1466987425191228
1466987425293899
1466987425398319
1466987425498448
1466987425600780
1466987425703228
1466987425908238
1466987426012682
1466987426112802
1466987426215227
1466987426317647
1466987426420036
1466987426522501
1466987426626786
1466987426727215
1466987426830130
1466987427137621
1466987427239274
1466987427341650
1466987427444821
1466987427546439
1466987427648838
1466987427751447
1466987427855933
1466987427956039
1466987428058503
1466987428161227
1466987428263271
1466987428365646
1466987428468052
1466987428570437
1466987428675112
1466987428777512
1466987428877646
1466987428980049
1466987429082455
1466987429184830
1466987429287275
1466987429391412
1466987429492035
1466987429594443
1466987429696816
1466987429799213
1466987429901650
1466987430005943
1466987430208863
1466987430311238
1466987430413656
1466987430620706
1466987430720830
1466987430823227
1466987430925657
1466987431028050
1466987431130652
1466987431235019
1466987431335229
1466987431437649
1466987431540007
1466987431642420
1466987431746565
1466987431847221
1466987431949632
1466987432052983
1466987432154422
1466987432360004
1466987432461657
1466987432564042
1466987432668790
1466987432768747
1466987432973860
1466987433178434
1466987433280779
1466987433385260
1466987433486364
1466987433588136
1466987433690429
1466987433792778
1466987433895519
1466987434100026
1466987434202440
1466987434304808
1466987434407229
1466987434509649
1466987434613815
1466987434714389
1466987434816838
1466987434919237
1466987435021647
1466987435124048
1466987435226678
1466987435328835
1466987435533653
1466987435636039
1466987435738972
1466987435843097
1466987435943232
1466987436045653
1466987436148034
1466987436352991
1466987436455191
1466987436565930
1466987436661789
1466987436763355
1466987436864830
1466987436967239
1466987437071631
1466987437172027
1466987437274954
1466987437376838
1466987437479235
1466987437582430
1466987437684024
1466987437786398
1466987437889760
1466987437991236
1466987438093651
1466987438196368
1466987438300684
1466987438400828
1466987438503248
1466987438605633
1466987438708026
1466987438810428
1466987438912816
1466987439015232
1466987439117894
1466987439222400
1466987439322430
1466987439426111
1466987439527835
1466987439732027
1466987439836234
1466987439936817
1466987440039232
1466987440141617
1466987440244029
1466987440346437
1466987440450684
1466987440551213
1466987440653599
1466987440756016
1466987440961052
1466987441063238
1466987441165636
1466987441268026
1466987441472826
1466987441984318
1466987442189672
1466987442294018
1466987442394422
1466987442497278
1466987442599220
1466987442701604
1466987442804941
1466987442906430
1466987443008835
1466987443112012
1466987443213622
1466987443316035
1466987443418608
1466987443523067
1466987443623216
1466987443725631
1466987443828123
1466987443930420
1466987444034572
1466987444135290
1466987444237829
1466987444339960
1466987444443717
1466987444544816
1466987444749625
1466987444851983
1466987444956302
1466987445058637
1466987445159237
1466987445261626
1466987445364035
1466987445466420
1466987445568817
1466987445673087
1466987445773606
1466987445876010
1466987445978416
1466987446080831
1466987446183434
1466987446287922
1466987446388037
1466987446490441
1466987446592754
1466987446695216
1466987446797788
1466987446902263
1466987447002435
1466987447104843
1466987447309637
1466987447412011
1466987447514394
1466987447616814
1466987447719651
1466987447821624
1466987447924023
1466987448027282
1466987448128841
1466987448231219
1466987448436008
1466987448538416
1466987448642261
1466987448743220
1466987449050418
1466987449152815
1466987449255215
1466987449357605
1466987449460018
1466987449562738
1466987449665061
1466987449767320
1466987449869607
1466987449972010
1466987450074420
1466987450176816
1466987450280996
1466987450381631
1466987450484012
1466987450586418
1466987450688816
1466987450791220
1466987450893540
1466987450996030
1466987451098435
1466987451200835
1466987451303244
1466987451405587
1466987451510270
1466987451610418
1466987451712831
1466987451816232
1466987451917620
1466987452020304
1466987452124644
1466987452224846
1466987452327242
1466987452431279
1466987452532036
1466987452634443
1466987452738858
1466987452839209
1466987452942243
1466987453044029
1466987453146445
1466987453249686
1466987453351243
1466987453453610
1466987453556864
1466987453658431
1466987453863438
1466987453968025
1466987454068033
1466987454170440
1466987454272810
1466987454375242
1466987454477561
1466987454579986
1466987454682430
1466987454786487
1466987454889573
1466987455092041
1466987455194443
1466987455296841
1466987455399232
1466987455502280
1466987455604593
1466987455706416
1466987455808812
1466987455911207
1466987456013579
1466987456115985
1466987456218423
1466987456320807
1466987456423206
1466987456525637
1466987456628234
1466987456732668
1466987456832812
1466987456935211
1466987457037629
1466987457140029
1466987457242634
1466987457347054
1466987457447140
1466987457549609
1466987457652012
1466987457754419
1466987457856819
1466987457961230
1466987458061611
1466987458164519
1466987458266366
1466987458368756
1466987458472010
1466987458573609
1466987458676016
1466987458779281
1466987458880810
1466987459085836
1466987459290436
1466987459392820
1466987459495165
1466987459597614
1466987459700019
1466987459802427
1466987459904895
1466987460007578
1466987460112434
1466987460214033
1466987460314436
1466987460416820
1466987460519193
1466987460621610
1466987460725822
1466987460826437
1466987460928811
1466987461031218
1466987461133634
1466987461236031
1466987461338708
1466987461440819
1466987461543200
1466987461645607
1466987461748010
1466987461850395
1466987461954996
1466987462055173
1466987462157589
1466987462260037
1466987462362404
1466987462465309
1466987462569449
1466987462669613
1466987462772002
1466987462874453
1466987462976810
1466987463079202
1466987463182547
1466987463284010
1466987463386931
1466987463488794
1466987463591197
1466987463693609
1466987463796008
1466987463898406
1466987464001670
1466987464205600
1466987464308535
1466987464412665
1466987464512764
1466987464615207
1466987464717625
1466987464819999
1466987464922386
1466987465024821
1466987465127212
1466987465229612
1466987465332008
1466987465434363
1466987465536872
1466987465639194
1466987465742986
1466987465844610
1466987465948179
1466987466048807
1466987466151217
1466987466253601
1466987466355998
1466987466458535
1466987466562664
1466987466663214
1466987466765606
1466987466970405
1466987467175376
1466987467277606
1466987467379981
1466987467482406
1466987467584809
1466987467687401
1466987467789602
1466987467891992
1466987467994461
1466987468096793
1466987468199193
1466987468301637
1466987468406088
1466987468506397
1466987468609311
1466987468711207
1466987468813590
1466987468916902
1466987469018403
1466987469120810
1466987469224116
1466987469325609
1466987469428001
1466987469531626
1466987469735153
1466987469837585
1466987469939990
1466987470042332
1466987470144794
1466987470247195
1466987470349584
1466987470451987
1466987470556637
1466987470656798
1466987470759193
1466987470861586
1466987470964005
1466987471066400
1466987471169185
1466987471271219
1466987471374454
1466987471475986
1466987471578338
1466987471680795
1466987471785015
1466987471885589
1466987471987986
1466987472090328
1466987472192813
1466987472295405
1466987472399874
1466987472500005
1466987472602386
1466987472704791
1466987472909769
1466987473014221
1466987473114386
1466987473216795
1466987473319192
1466987473421585
1466987473524001
1466987473628414
1466987473728813
1466987473831751
1466987473933607
1466987474036006
1466987474139380
1466987474240814
1466987474343219
1466987474446535
1466987474547990
1466987474650387
1466987474753353
1466987474855216
1466987474957612
1466987475060001
1466987475162399
1466987475264811
1466987475367238
1466987475469601
1466987475571986
1466987475879845
1466987475983363
1466987476187006
1466987476288927
1466987476392974
1466987476493601
1466987476595919
1466987476698405
1466987476800812
1466987476903214
1466987477007420
1466987477107953
1466987477210404
1466987477312815
1466987477415217
1466987477517748
1466987477622243
1466987477722404
1466987477824818
1466987477927213
1466987478029622
1466987478132194
1466987478236626
1466987478439196
1466987478541592
1466987478643986
1466987478746439
1466987478850924
1466987478951210
1466987479054136
1466987479155925
1466987479258411
1466987479361708
1466987479565604
1466987479669473
1466987479770412
1466987479872770
1466987479976424
1466987480079861
1466987480180002
1466987480282401
1466987480384804
1466987480487178
1466987480589622
1466987480692005
1466987480795213
1466987480897058
1466987481001534
1466987481101607
1466987481204004
1466987481308165
1466987481408787
1466987481511187
1466987481615628
1466987481715993
1466987481818397
1466987481920770
1466987482125595
1466987482330395
1466987482432790
1466987482535192
1466987482637614
1466987482740185
1466987482844676
1466987482944769
1466987483251997
1466987483559195
1466987483661542
1466987483764008
1466987483866406
1466987483968869
1466987484073337
1466987484173617
1466987484276585
1466987484378405
1466987484480782
1466987484583183
1466987484685525
1466987484788041
1466987484992768
1466987485197737
1466987485402392
1466987485504729
1466987485607200
1466987485709589
1466987485811991
1466987485914392
1466987486016796
1466987486119243
1466987486224020
1466987486324015
1466987486426411
1466987486528784
1466987486631188
1466987486733604
1466987486836530
1466987486938392
1466987487040779
1466987487143175
1466987487245552
1466987487348008
1466987487452221
1466987487552793
1466987487655168
1466987487860009
1466987487962613
1466987488067059
1466987488167187
1466987488269575
1466987488372003
1466987488474411
1466987488577037
1466987488681411
1466987488781577
1466987488884006
1466987488986404
1466987489088789
1466987489191451
1466987489293580
1466987489396002
1466987489499046
1466987489600782
1466987489806534
1466987490010413
1466987490113711
1466987490215120
1466987490317922
1466987490420192
1466987490524669
1466987490624772
1466987490727197
1466987490829581
1466987490931989
1466987491034406
1466987491136786
1466987491239150
1466987491343199
1466987491443979
1466987491546395
1466987491648777
1466987491751792
1466987491854139
1466987491955983
1466987492059146
1466987492162762
1466987492263193
1466987492365580
1466987492570380
1466987492674615
1466987492775191
1466987492877578
1466987492979984
1466987493082370
1466987493184975
1466987493289427
1466987493389580
1466987493491962
1466987493594360
1466987493696771
1466987493799361
1466987493903869
1466987494003971
1466987494106383
1466987494208792
1466987494311198
1466987494413712
1466987494515907
1466987494618362
1466987494721453
1466987494825171
1466987494926491
1466987495028937
1466987495130373
1466987495336119
1466987495437570
1466987495539958
1466987495642584
1466987495747105
1466987495847112
1466987495949562
1466987496051984
1466987496154378
1466987496256729
1466987496359187
1466987496461586
1466987496674432
1466987496768792
1466987496872880
1466987496973594
1466987497077533
1466987497178378
1466987497280985
1466987497383179
1466987497485668
1466987497587965
1466987497690367
1466987497792773
1466987497897003
1466987497997586
1466987498099979
1466987498202376
1466987498304715
1466987498407373
1466987498511827
1466987498611966
1466987498714362
