1467322184543200
1467322184645563
1467322184850358
1467322184952760
1467322185055210
1467322185157550
1467322185259959
1467322185567154
1467322185669551
1467322185771937
1467322185874385
1467322185976749
1467322186079170
1467322186181553
1467322186283939
1467322186488742
1467322186591157
1467322186693593
1467322186795992
1467322186898345
1467322187000754
1467322187103151
1467322187205559
1467322187307945
1467322187410388
1467322187512742
1467322187615154
1467322187820014
1467322187922388
1467322188127142
1467322188229574
1467322188331959
1467322188434373
1467322188741551
1467322188843964
1467322188946340
1467322189048738
1467322189151154
1467322189253570
1467322189458355
1467322189560783
1467322189867930
1467322190072750
1467322190277550
1467322190584726
1467322190891945
1467322190994340
1467322191096736
1467322191404009
1467322191506333
1467322191608760
1467322191711150
1467322191915964
1467322192018332
1467322192120752
1467322192223151
1467322192735122
1467322192939988
1467322193042321
1467322193144736
1467322193247152
1467322193349529
1467322193451936
1467322193554349
1467322193759149
1467322193861557
1467322194066329
1467322194271125
1467322194680758
1467322194783183
1467322194885574
1467322194987935
1467322195090390
1467322195192723
1467322195295135
1467322195397555
1467322195499976
1467322195602375
1467322195704737
1467322195807179
1467322195909524
1467322196114330
1467322196216739
1467322196319181
1467322196421583
1467322196626324
1467322196728783
1467322196831120
1467322196933579
1467322197035914
1467322197138324
1467322197343146
1467322197445588
1467322197752734
1467322198367118
1467322198572012
1467322198674339
1467322198776710
1467322198879137
1467322199493541
1467322199595939
1467322199698313
1467322200107918
1467322200210314
1467322200312704
1467322200517512
1467322201234340
1467322201336770
1467322201643974
1467322201746327
1467322202258366
1467322202463135
1467322202565581
1467322202770375
1467322202872706
1467322202975178
1467322203077511
1467322203179949
1467322203282324
1467322203384725
1467322203487123
1467322203589522
1467322203691984
1467322203999139
1467322204101525
1467322204306305
1467322204408767
1467322204613557
1467322204818349
1467322204920721
1467322205023136
1467322205125508
1467322205227934
1467322205330343
1467322205432719
1467322205637561
1467322205739943
1467322205842369
1467322205944706
1467322206047127
1467322206149550
1467322206251928
1467322206354375
1467322206456765
1467322206559115
1467322206661560
1467322206763921
1467322207071111
1467322207173558
1467322207480744
1467322207583162
1467322207787902
1467322207890302
1467322207992763
1467322208197512
1467322208299926
1467322208607162
1467322208709511
1467322208811956
1467322208914317
1467322209016766
1467322209119132
1467322209221557
1467322209528764
1467322209631108
1467322209938366
1467322210040700
1467322210143132
1467322210245557
1467322210347929
1467322210450368
1467322210552717
1467322210655163
1467322210757560
1467322210962345
1467322211064707
1467322211167118
1467322211269491
1467322211576720
1467322211679119
1467322211781516
1467322212088762
1467322212191108
1467322212293554
1467322212498291
1467322212600693
1467322212703162
1467322212805497
1467322213215157
1467322213317531
1467322213624755
1467322213727157
1467322213931895
1467322214546295
1467322214751135
1467322214853516
1467322214955906
1467322215160709
1467322215672687
1467322215775143
1467322216184710
1467322216389513
1467322216901504
1467322217413515
1467322217720723
1467322217823101
1467322218027892
1467322218130323
1467322218335101
1467322218539957
1467322219666288
1467322219768722
1467322220792703
1467322220997506
1467322221099952
1467322221611937
1467322222226301
1467322222635889
1467322222738330
1467322222840737
1467322223147876
1467322223250312
1467322223352705
1467322223659885
1467322223762327
1467322223967118
1467322224069491
1467322224171949
1467322224274279
1467322224376746
1467322224479099
1467322224581497
1467322224683940
1467322224786280
1467322224888690
1467322224991096
1467322225093479
1467322225195887
1467322225298290
1467322225400743
1467322225707973
1467322225810281
1467322225912716
1467322226015086
1467322226322490
1467322226731905
1467322227039095
1467322227141509
1467322227346273
1467322227858306
1467322228677516
1467322231339938
1467322232261519
1467322232568684
1467322232671103
1467322233080696
1467322233695102
1467322233899886
1467322234309471
1467322234514257
1467322234616733
1467322234719083
1467322234923915
1467322235128702
1467322235640699
1467322235845517
1467322236050280
1467322236664685
1467322236869462
1467322237074283
1467322237688708
1467322238098300
1467322238200693
1467322238405520
1467322238507872
1467322238712665
1467322238917497
1467322239327070
1467322239531856
1467322239634274
1467322239736649
1467322239839103
1467322239941480
1467322240043872
1467322240146255
1467322240248708
1467322240351063
1467322240453517
1467322240555863
1467322240658310
1467322240760673
1467322240863044
1467322240965518
1467322241067865
1467322241170286
1467322241272686
1467322241477458
1467322241579881
1467322241784655
1467322241887054
1467322241989456
1467322242194314
1467322242296647
1467322242501464
1467322242706257
1467322243013460
1467322243218273
1467322243320707
1467322243525459
1467322243730281
1467322244037503
1467322244139850
1467322244242267
1467322244344657
1467322244549467
1467322244651867
1467322244754291
1467322245061502
1467322245163917
1467322245266252
1467322245368679
1467322245471053
1467322245573500
1467322245675916
1467322245983104
1467322246187841
1467322246597465
1467322246802267
1467322246904676
1467322247109439
1467322247211895
1467322247314238
1467322247416710
1467322247519063
1467322248235862
1467322248440715
1467322248747870
1467322248850288
1467322248952721
1467322249055052
1467322249157505
1467322249259869
1467322249362253
1467322249464648
1467322249567049
1467322249771834
1467322249874301
1467322249976693
1467322250283869
1467322251000659
1467322251307835
1467322251512630
1467322251615031
1467322252127105
1467322252229458
1467322252434250
1467322252536637
1467322252741469
1467322252843866
1467322252946238
1467322253048630
1467322253253468
1467322253560672
1467322253663028
1467322254072631
1467322254175022
1467322255096646
1467322255199029
1467322255711050
1467322255915857
1467322256120632
1467322256223088
1467322256632632
1467322256735024
1467322257042264
1467322257144634
1467322257349421
1467322257656689
1467322257759028
1467322257861443
1467322257963831
1467322258168686
1467322258271026
1467322258373480
1467322258578260
1467322258680637
1467322258783034
1467322258885456
1467322259090242
1467322259192660
1467322259295037
1467322259397452
1467322259602225
1467322259807021
1467322259909453
1467322260011844
1467322260114263
1467322260319067
1467322260421425
1467322260626215
1467322260728631
1467322260831047
1467322261138231
1467322261343063
1467322261445437
1467322261547855
1467322261957456
1467322262059866
1467322262162248
1467322262264636
1467322262367043
1467322262571897
1467322262674223
1467322262776639
1467322263083852
1467322263391034
1467322263493453
1467322263595832
1467322263698215
1467322264107840
1467322264210228
1467322264517423
1467322264619832
1467322264722240
1467322264824617
1467322265029429
1467322265131833
1467322265234229
1467322265336614
1467322265439022
1467322265643850
1467322265848613
1467322265951026
1467322266053423
1467322266155841
1467322266258244
1467322266360636
1467322266463022
1467322266667824
1467322266770305
1467322266872614
1467322266975033
1467322267077429
1467322267179813
1467322267282227
1467322267384622
1467322267487014
1467322267794271
1467322267999018
1467322268101420
1467322268203896
1467322268511005
1467322268613462
1467322268818215
1467322268920716
1467322269023105
1467322269125430
1467322269432616
1467322269637465
1467322269842242
1467322270456644
1467322270661402
1467322271275855
1467322271378221
1467322271480647
1467322271685416
1467322271787804
1467322271992628
1467322272095023
1467322272197404
1467322272504630
1467322272607007
1467322272709417
1467322272811864
1467322273119023
1467322273733420
1467322273835815
1467322274040615
1467322274347838
1467322274655025
1467322274859815
1467322275269407
1467322275371834
1467322275474221
1467322275576640
1467322275679021
1467322275883805
1467322276293432
1467322276395806
1467322276498197
1467322276703063
1467322276805465
1467322276907827
1467322277010255
1467322277112624
1467322277317407
1467322277419835
1467322277522210
1467322277624648
1467322277829424
1467322277931803
1467322278034226
1467322278341463
1467322278443793
1467322278546197
1467322278648604
1467322278751003
1467322278853434
1467322278955863
1467322279058259
1467322279160619
1467322279262988
1467322279365402
1467322279570260
1467322279672608
1467322279774985
1467322279877416
1467322279979846
1467322280184613
1467322280287047
1467322280389431
1467322280594242
1467322280696603
1467322280799054
1467322281003808
1467322281106212
1467322281208617
1467322281413401
1467322281515803
1467322281720606
1467322281822994
1467322282027794
1467322282130242
1467322282232608
1467322282335008
1467322282437446
1467322282539814
1467322282744653
1467322283461444
1467322283563841
1467322283666205
1467322283768595
1467322283871014
1467322283973388
1467322284075882
1467322284178195
1467322284280617
1467322284587783
1467322284690182
1467322284792634
1467322284895003
1467322284997391
1467322285099800
1467322285202185
1467322285304653
1467322285407030
1467322285509402
1467322285611783
1467322285714205
1467322285816600
1467322285919050
1467322286021389
1467322286123777
1467322286226177
1467322286328652
1467322286431025
1467322286533445
1467322286635821
1467322286738194
1467322286840635
1467322286943048
1467322287045447
1467322287147784
1467322287250204
1467322287352584
1467322287454994
1467322287557410
1467322287659842
1467322287762244
1467322287864605
1467322287967050
1467322288069382
1467322288171840
1467322288274207
1467322288376633
1467322288478970
1467322288581404
1467322288683798
1467322288888630
1467322288991007
1467322289093401
1467322289195797
1467322289298196
1467322289503030
1467322289707799
1467322289810218
1467322289912587
1467322290015004
1467322290117451
1467322290219798
1467322290322238
1467322290424583
1467322290526998
1467322290629381
1467322290731785
1467322290834206
1467322291039005
1467322291141446
1467322291243786
1467322291346181
1467322291448637
1467322291551002
1467322291653443
1467322291858242
1467322291960629
1467322292062970
1467322292165453
1467322292267779
1467322292370235
1467322292472607
1467322292574980
1467322292779805
1467322292882211
1467322292984591
1467322293087028
1467322293189384
1467322293291849
1467322293394205
1467322293496635
1467322293599034
1467322293701375
1467322293803788
1467322293906179
1467322294008640
1467322294111001
1467322294213396
1467322294315800
1467322294418201
1467322294520579
1467322294623027
1467322294725430
1467322294827781
1467322294930242
1467322295032588
1467322295134985
1467322295237429
1467322295442194
1467322295544602
1467322295954193
1467322296056685
1467322296159031
1467322296261426
1467322296363841
1467322296466201
1467322296670978
1467322296875821
1467322296978200
1467322297080602
1467322297182989
1467322297490182
1467322297592592
1467322297695031
1467322297899821
1467322298002236
1467322298104604
1467322298207026
1467322298411760
1467322298514185
1467322298616573
1467322298719006
1467322298821424
1467322299026236
1467322299128581
1467322299230987
1467322299538172
1467322299743003
1467322299845390
1467322299947763
1467322300050171
1467322300152585
1467322300254969
1467322300459778
1467322300664555
1467322300766982
1467322300869380
1467322300971759
1467322301074161
1467322301176611
1467322301279030
1467322301381364
1467322301483836
1467322301586164
1467322301688586
1467322301790988
1467322301893442
1467322301995760
1467322302098179
1467322302200559
1467322302302986
1467322302405366
1467322302507763
1467322302712568
1467322302814955
1467322302917381
1467322303019782
1467322303122183
1467322303224552
1467322303326967
1467322303429369
1467322303531769
1467322303634221
1467322303838981
1467322303941403
1467322304043785
1467322304146160
1467322304248570
1467322304350986
1467322304453383
1467322304658161
1467322304862970
1467322304965381
1467322305067770
1467322305170184
1467322305272581
1467322305374955
1467322305477368
1467322305579788
1467322305682157
1467322305784563
1467322305886994
1467322305989380
1467322306091778
1467322306194246
1467322306296556
1467322306501360
1467322306603756
1467322306706155
1467322306808592
1467322306910968
1467322307013344
1467322307115784
1467322307218176
1467322307320554
1467322307423012
1467322307525373
1467322307627780
1467322307730173
1467322307832568
1467322308037381
1467322308139823
1467322308242188
1467322308344579
1467322308446961
1467322308549378
1467322308651772
1467322308754196
1467322309163742
1467322309266168
1467322309368579
1467322309470969
1467322309573406
1467322309675758
1467322309778167
1467322309982968
1467322310085371
1467322310187739
1467322310290184
1467322310392568
1467322310495009
1467322310597360
1467322310699770
1467322310904589
1467322311006973
1467322311211728
1467322311314157
1467322311416562
1467322311518952
1467322311723740
1467322311928538
1467322312030961
1467322312133376
1467322312235743
1467322312338137
1467322312440572
1467322312542964
1467322312747752
1467322312850140
1467322312952543
1467322313054976
1467322313259742
1467322313362165
1467322313464565
1467322313566980
1467322313669371
1467322313976598
1467322314078981
1467322314181365
1467322314283737
1467322314488535
1467322314590966
1467322314795744
1467322315000548
1467322315102952
1467322315205439
1467322315307750
1467322315512541
1467322315819771
1467322315922139
1467322316024546
1467322316126927
1467322316331750
1467322316434140
1467322316741348
1467322316843762
1467322317048540
1467322317150933
1467322317253355
1467322317355759
1467322317458139
1467322317560532
1467322317662943
1467322317765365
1467322317867747
1467322317970138
1467322318072550
1467322318174928
1467322318277341
1467322318379745
1467322318482150
1467322318584539
1467322318789365
1467322318891786
1467322319301431
1467322319403756
1467322319608567
1467322319710935
1467322319813326
1467322319915726
1467322320018147
1467322320120571
1467322320222959
1467322320427756
1467322320632560
1467322320939764
1467322321042203
1467322321144567
1467322321246949
1467322321349365
1467322321451804
1467322321758942
1467322321963725
1467322322066165
1467322322168563
1467322322373341
1467322322680544
1467322322782962
1467322322885415
1467322323090181
1467322323294963
1467322323397357
1467322323499751
1467322323602183
1467322323704546
1467322323909342
1467322324114162
1467322324216565
1467322324318940
1467322324626125
1467322325138129
1467322325240546
1467322325445398
1467322325547744
1467322326059763
1467322326162180
1467322326264559
1467322326366951
1467322326571794
1467322326674145
1467322326776545
1467322326878912
1467322327083725
1467322327288546
1467322327390917
1467322327493359
1467322327595754
1467322327698139
1467322327902926
1467322328005362
1467322328107719
1467322328312542
1467322328414928
1467322328517313
1467322329029368
1467322329234121
1467322329643783
1467322329950914
1467322330053338
1467322330155754
1467322330258125
1467322330360535
1467322330462934
1467322331077352
1467322331691706
1467322331794149
1467322331896517
1467322333227728
1467322333432553
1467322333534922
1467322334046915
1467322334149314
1467322334354141
1467322334456577
1467322334558926
1467322334661374
1467322336914137
1467322337118912
1467322337323733
1467322338040536
1467322345003726
1467322355141302
1467322355960477
1467322356062881
1467322356472514
1467322356677282
1467322357189280
1467322357394103
1467322357598876
1467322358008541
1467322358110888
1467322358213283
1467322358520508
1467322358622939
1467322360056544
1467322360261336
1467322360363675
1467322361182886
1467322361285277
1467322361592492
1467322361694896
1467322361797316
1467322362002094
1467322362411688
1467322362514117
1467322362616502
1467322362821292
1467322363026068
1467322363128498
1467322363435732
1467322363538071
1467322363947675
1467322364050092
1467322364152471
1467322364664460
1467322364869271
1467322364971730
1467322365176525
1467322365483699
1467322365790861
1467322365893312
1467322366200461
1467322366302882
1467322366405281
1467322366610085
1467322366712486
1467322367019684
1467322367736477
1467322367941289
1467322368043732
1467322368248478
1467322368453266
1467322368555656
1467322368760522
1467322368862867
1467322368965257
1467322369272479
1467322369579670
1467322369784475
1467322370091700
1467322370194083
1467322370398959
1467322370501271
1467322370808472
1467322370910871
1467322371013260
1467322371115653
1467322371218065
1467322371320456
1467322371422872
1467322371525300
1467322371627652
1467322371730066
1467322372139642
1467322372344492
1467322372446860
1467322372549255
1467322372651680
1467322373368505
1467322373470892
1467322373573274
1467322374290110
