1466988787009110
1466988787111524
1466988787213931
1466988787316335
1466988787521088
1466988788033138
1466988788237939
1466988788545139
1466988788647528
1466988788749935
1466988788954758
1466988789466733
1466988789569147
1466988789671533
1466988789876334
1466988789978761
1466988790081154
1466988790285948
1466988790388344
1466988790695548
1466988790797940
1466988791105092
1466988791207562
1466988791412342
1466988791514699
1466988791617080
1466988792129154
1466988792231537
1466988792333956
1466988792436358
1466988792538738
1466988792641185
1466988792845973
1466988792948363
1466988793357956
1466988794177180
1466988794381965
1466988794484368
1466988794586765
1466988794689173
1466988795201179
1466988795303579
1466988795610812
1466988796020394
1466988796122799
1466988796225208
1466988796429990
1466988796532384
1466988796634809
1466988796737204
1466988796839597
1466988797044385
1466988797146804
1466988797351609
1466988797556415
1466988797863598
1466988797966012
1466988798068423
1466988798170748
1466988798273207
1466988798375605
1466988798581535
1466988798887583
1466988799502001
1466988799604403
1466988799809199
1466988800116422
1466988800218813
1466988800321214
1466988800423646
1466988800730831
1466988800833236
1466988801140447
1466988801345230
1466988802062023
1466988802369177
1466988802574036
1466988802676423
1466988802778839
1466988802881215
1466988803086036
1466988803290814
1466988803495654
1466988803700420
1466988804417188
1466988804622035
1466988804826760
1466988804929246
1466988805338870
1466988805441250
1466988805543642
1466988805645981
1466988805748433
1466988805953241
1466988806055668
1466988806260447
1466988806362840
1466988806465242
1466988806670048
1466988806874854
1466988806977266
1466988807079667
1466988807182064
1466988807284385
1466988807489267
1466988807591668
1466988807694048
1466988807796472
1466988807898894
1466988808103624
1466988808206070
1466988808410884
1466988808513240
1466988808718097
1466988808820510
1466988809025267
1466988809230094
1466988809332510
1466988809434874
1466988809537294
1466988809639697
1466988809742093
1466988809844509
1466988810049247
1466988810151690
1466988810254033
1466988810356503
1466988810458866
1466988810561266
1466988810663678
1466988810970888
1466988811073286
1466988811175693
1466988811278029
1466988811482906
1466988811585231
1466988811790052
1466988811892433
1466988812097298
1466988812199675
1466988812303254
1466988812506914
1466988812814131
1466988812916515
1466988813018911
1466988813121317
1466988813223724
1466988813326129
1466988813530893
1466988813633293
1466988813735702
1466988813838143
1466988813940516
1466988814042911
1466988814145318
1466988814350032
1466988814452632
1466988814554917
1466988814657320
1466988814759727
1466988814862077
1466988814964549
1466988815169337
1466988815271718
1466988815476514
1466988815681330
1466988815783712
1466988815886133
1466988815988530
1466988816295770
1466988816398127
1466988816602942
1466988816705308
1466988816910132
1466988817012705
1466988817114943
1466988817319695
1466988817422118
1466988817524513
1466988817626880
1466988817729326
1466988817831673
1466988817934137
1466988818036562
1466988818138928
1466988818241328
1466988818343723
1466988818650940
1466988818958160
1466988819060558
1466988819162971
1466988819367718
1466988819470156
1466988819572559
1466988819674948
1466988819879696
1466988819982153
1466988820186961
1466988820289364
1466988820494154
1466988820596560
1466988820698963
1466988820801365
1466988821006149
1466988821313372
1466988821415750
1466988821518125
1466988821620565
1466988821927763
1466988822030189
1466988822234965
1466988822644540
1466988822849397
1466988822951782
1466988823054182
1466988823156583
1466988823463786
1466988823566181
1466988823668582
1466988823770989
1466988823873310
1466988823975788
1466988824282988
1466988824385387
1466988824487806
1466988824590166
1466988824692584
1466988824897331
1466988825102208
1466988825204605
1466988825306987
1466988825409383
1466988825614210
1466988825716608
1466988825818991
1466988826023813
1466988826126170
1466988826228618
1466988826331018
1466988826433417
1466988826535803
1466988826638205
1466988826740605
1466988826843017
1466988826945429
1466988827047807
1466988827252607
1466988827355014
1466988827457408
1466988827662196
1466988827969401
1466988828071804
1466988828177709
1466988828379029
1466988828583816
1466988828686191
1466988828788643
1466988828891017
1466988828993426
1466988829198221
1466988829300621
1466988829403001
1466988829505401
1466988829607837
1466988829710235
1466988829812644
1466988829914989
1466988830017442
1466988830119832
1466988830222245
1466988830324644
1466988830426968
1466988830631834
1466988830734235
1466988830836636
1466988831041445
1466988831143837
1466988831246256
1466988831450976
1466988831553427
1466988831655823
1466988831758237
1466988831860638
1466988831963034
1466988832065440
1466988832167834
1466988832270245
1466988832474980
1466988832577458
1466988832679824
1466988832782262
1466988832884677
1466988833191843
1466988833396652
1466988833498981
1466988833601427
1466988833806264
1466988834113471
1466988834215864
1466988834523008
1466988834727869
1466988834830261
1466988835035070
1466988835239843
1466988835342246
1466988835444657
1466988835547054
1466988835649472
1466988835751861
1466988835854264
1466988836059055
1466988836161474
1466988836263890
1466988836468591
1466988836571071
1466988836775887
1466988836878296
1466988837083053
1466988837185472
1466988837287889
1466988837390298
1466988837492615
1466988837697515
1466988837799889
1466988838004654
1466988838107079
1466988838414297
1466988838516622
1466988838619076
1466988838823893
1466988838926291
1466988839028712
1466988839233506
1466988839335890
1466988839438261
1466988839540695
1466988839643095
1466988839745524
1466988839847890
1466988839950313
1466988840052704
1466988840257514
1466988840359877
1466988840564690
1466988840667077
1466988840769496
1466988840871897
1466988840974298
1466988841076724
1466988841179144
1466988841281513
1466988841383904
1466988841486306
1466988841588715
1466988841691144
1466988841793524
1466988841895930
1466988841998315
1466988842100724
1466988842203137
1466988842510258
1466988842612723
1466988842715140
1466988842817523
1466988842919913
1466988843022237
1466988843124723
1466988843227140
1466988843329531
1466988843636706
1466988843943931
1466988844046261
1466988844148706
1466988844251120
1466988844353537
1466988844455940
1466988844558323
1466988844660712
1466988844763121
1466988844865517
1466988844967925
1466988845070326
1466988845172746
1466988845275121
1466988845377531
1466988845479935
1466988845684734
1466988845787135
1466988845991942
1466988846094344
1466988846196763
1466988846299138
1466988846401569
1466988846503944
1466988846708761
1466988846913561
1466988847015947
1466988847118341
1466988847220770
1466988847323167
1466988847425546
1466988847527916
1466988847630349
1466988847732746
1466988847937553
1466988848039977
1466988848142370
1466988848347157
1466988848551976
1466988848756747
1466988848859159
1466988848961567
1466988849063904
1466988849166377
1466988849268767
1466988849473570
1466988849678376
1466988849780762
1466988849985586
1466988850087912
1466988850190339
1466988850292785
1466988850497587
1466988850599906
1466988850804789
1466988851009592
1466988851214396
1466988851316786
1466988851419196
1466988851623941
1466988851726404
1466988851828795
1466988851931185
1466988852033589
1466988852135933
1466988852238400
1466988852340785
1466988852443203
1466988852545597
1466988852750400
1466988852955157
1466988853159936
1466988853262397
1466988853364785
1466988853467164
1466988853569595
1466988853774384
1466988853876804
1466988853979199
1466988854081595
1466988854183989
1466988854286399
1466988854388821
1466988854491214
1466988854696043
1466988854798391
1466988854900805
1466988855105600
1466988855208022
1466988855310428
1466988855412815
1466988855617558
1466988855720024
1466988855822422
1466988855924812
1466988856027223
1466988856129546
1466988856232021
1466988856334425
1466988856436818
1466988856539217
1466988856641537
1466988856744030
1466988856846425
1466988856948815
1466988857051196
1466988857153556
1466988857256024
1466988857358421
1466988857768009
1466988857870428
1466988858177654
1466988858280022
1466988858382427
1466988858587243
1466988858689594
1466988858792050
1466988858894450
1466988859099221
1466988859304049
1466988859406445
1466988859508835
1466988859611237
1466988859816031
1466988859918429
1466988860020820
1466988860225624
1466988860328051
1466988860430453
1466988860532843
1466988860737639
1466988860840051
1466988860942449
1466988861044869
1466988861147266
1466988861249678
1466988861352051
1466988861454460
1466988861556862
1466988861659266
1466988861761666
1466988861864058
1466988862068872
1466988862171200
1466988862273676
1466988862376082
1466988862580863
1466988862785661
1466988862888072
1466988862990478
1466988863092873
1466988863195215
1466988863297679
1466988863400071
1466988863502476
1466988863604874
1466988863707205
1466988863809662
1466988863912077
1466988864014483
1466988864219274
1466988864321678
1466988864424086
1466988864526439
1466988864731271
1466988864833674
1466988864936076
1466988865140894
1466988865243254
1466988865345677
1466988865755233
1466988866062516
1466988866164894
1466988866267301
1466988866369700
1466988866574514
1466988866676899
1466988866779290
1466988866984098
1466988867086518
1466988867188894
1466988867291290
1466988867393702
1466988867598502
1466988867700894
1466988867803279
1466988867905707
1466988868110535
1466988868315295
1466988868417710
1466988868622516
1466988868724818
1466988868827329
1466988868929706
1466988869032099
1466988869236920
1466988869339322
1466988869646501
1466988869851320
1466988869953727
1466988870056147
1466988870158524
1466988870260885
1466988870363321
1466988870465726
1466988870568148
1466988870670526
1466988870772856
1466988870875321
1466988871080091
1466988871182522
1466988871284863
1466988871387331
1466988871489686
1466988871592140
1466988871694522
1466988871796905
1466988871899323
1466988872001726
1466988872104151
1466988872206543
1466988872308915
1466988872411331
1466988872513672
1466988872616503
1466988872718521
1466988872820944
1466988873025716
1466988873230520
1466988873332947
1466988873435312
1466988873640144
1466988873742547
1466988873844949
1466988874049773
1466988874152143
1466988874254547
1466988874356942
1466988874459350
1466988874561769
1466988874664134
1466988874868914
1466988874971296
1466988875073769
1466988875176152
1466988875278510
1466988875483342
1466988875688160
1466988875790494
1466988875892987
1466988875995373
1466988876097769
1466988876200153
1466988876302503
1466988876404982
1466988876507382
1466988876712163
1466988876814543
1466988877224166
1466988877428973
1466988877531359
1466988877736160
1466988877838568
1466988877940973
1466988878145770
1466988878248167
1466988878350568
1466988878452971
1466988878555383
1466988878657768
1466988878760199
1466988878862532
1466988878964976
1466988879067383
1466988879169900
1466988879272198
1466988879374587
1466988879477000
1466988879681786
1466988879784197
1466988879886597
1466988879988997
1466988880091357
1466988880193805
1466988880296198
1466988880398576
1466988880603406
1466988880705796
1466988880808192
1466988880910600
1466988881012998
1466988881115409
1466988881217798
1466988881320131
1466988881422576
1466988881627408
1466988881934529
1466988882037008
1466988882139402
1466988882241824
1466988882446613
1466988882549007
1466988882651407
1466988882753817
1466988882856165
1466988882958606
1466988883163392
1466988883368121
1466988883470555
1466988883675436
1466988883777817
1466988883880136
1466988883982532
1466988884085035
1466988884187428
1466988884289815
1466988884392219
1466988884494617
1466988884699421
1466988884904201
1466988885006596
1466988885109018
1466988885211413
1466988885313803
1466988885416218
1466988885723433
1466988885825831
1466988885928221
1466988886030644
1466988886133034
1466988886235429
1466988886337841
1466988886440249
1466988886542656
1466988886645027
1466988886747429
1466988886849806
1466988887157053
1466988887259462
1466988887464241
1466988887566630
1466988887669037
1466988887873783
1466988887976231
1466988888078649
1466988888181050
1466988888283455
1466988888385768
1466988888488235
1466988888590628
1466988888693061
1466988888795461
1466988888897789
1466988889102632
1466988889205039
1466988889307456
1466988889512246
1466988889614626
1466988889819418
1466988889921872
1466988890024280
1466988890126694
1466988890229060
1466988890331461
1466988890536285
1466988890638673
1466988890741088
1466988890843462
1466988890945868
1466988891048268
1466988891150666
1466988891253082
1466988891355440
1466988891560293
1466988891867450
1466988892072275
1466988892174688
1466988892277081
1466988892481855
1466988892686681
1466988892891489
1466988892993868
1466988893096271
1466988893198680
1466988893403487
1466988893505886
1466988893608281
1466988893710680
1466988893813087
1466988893915484
1466988894017898
1466988894120301
1466988894222684
1466988894325091
1466988894427462
1466988894529837
1466988894632294
1466988894734708
1466988894837106
1466988894939453
1466988895041907
1466988895144291
1466988895246708
1466988895451469
1466988895553904
1466988895656299
1466988895758713
1466988895861107
1466988895963479
1466988896065901
1466988896373105
1466988896475450
1466988896577894
1466988896680299
1466988896782707
1466988896885109
1466988896987529
1466988897089932
1466988897294707
1466988897499523
1466988897704328
1466988897806711
1466988897909110
1466988898113924
1466988898216326
1466988898318734
1466988898421150
1466988898523496
1466988898830748
1466988898933148
1466988899035529
1466988899137926
1466988899240897
1466988899547511
1466988899649923
1466988899752323
1466988899957146
1466988900161925
1466988900469152
1466988900571553
1466988900673838
1466988900776314
1466988900878718
1466988900981083
1466988901083557
1466988901185958
1466988901288352
1466988901595555
1466988901800354
1466988901902739
1466988902005081
1466988902107545
1466988902209953
1466988902312352
1466988902414768
1466988902619533
1466988902721946
1466988902926774
1466988903029154
1466988903131535
1466988903233961
1466988903336353
1466988903438755
1466988903541134
1466988903643553
1466988903745952
1466988903848354
1466988903950776
1466988904257968
1466988904360353
1466988904462771
1466988904565151
1466988904769952
1466988904872353
1466988905077169
1466988905179577
1466988905281975
1466988905384383
1466988905486780
1466988905589167
1466988905691561
1466988905793966
1466988905998761
1466988906101180
1466988906305975
1466988906408370
1466988906510776
1466988906613152
1466988906715553
1466988906920361
1466988907227530
1466988907534708
1466988907739580
1466988907944363
1466988908046713
1466988908251608
1466988908354012
1466988908558722
1466988908661201
1466988908763600
1466988908866005
1466988908968405
1466988909070737
1466988909275604
1466988909378015
1466988909480413
1466988909582791
1466988909685195
1466988909787597
1466988909890013
1466988910094796
1466988910197197
1466988910299598
1466988910402011
1466988910504412
1466988910606787
1466988910709206
1466988910811599
1466988910914004
1466988911016414
1466988911221225
1466988911528422
1466988911733233
1466988911835620
1466988912040412
1466988912142763
1466988912347617
1466988912450037
1466988912552423
1466988912654764
1466988912757238
1466988912859626
1466988912962036
1466988913064439
1466988913166805
1466988913269224
1466988913371630
1466988913678826
1466988913781228
1466988914088371
1466988914190813
1466988914293224
1466988914395653
1466988914498041
1466988914600439
1466988914907659
1466988915010029
1466988915112440
1466988915214854
1466988915317257
1466988915521980
1466988915624398
1466988915726831
1466988915829250
1466988915931652
1466988916034059
1466988916238844
1466988916546050
1466988916648391
1466988916750853
1466988916955653
1466988917058071
1466988917160367
1466988917262834
1466988917365253
1466988917467652
1466988917570066
1466988917672447
1466988917774859
1466988917877247
1466988917979657
1466988918082055
1466988918184455
1466988918286881
1466988918389276
1466988918491658
1466988918696465
1466988918798876
1466988918901278
1466988919003682
1466988919106055
1466988919208467
1466988919310875
1466988919413264
1466988919515633
1466988919618072
1466988919720398
1466988919822882
1466988919925292
1466988920027690
1466988920130027
1466988920334872
1466988920437288
1466988920642035
1466988920744483
1466988920846881
1466988920949288
1466988921051693
1466988921154030
1466988921256483
1466988921358883
1466988921563683
1466988921666027
1466988921768487
1466988921870881
1466988921973279
1466988922075687
1466988922178086
1466988922382900
1466988922587684
1466988922690019
1466988922792487
1466988922894866
1466988922997301
1466988923099685
1466988923202114
1466988923304526
1466988923406906
1466988923714075
1466988923816529
1466988923918911
1466988924021313
1466988924123722
1466988924226109
1466988924328533
1466988924533300
1466988924635694
1466988924738115
1466988924840517
1466988924942905
