1467164777887613
1467164777909403
1467164778014053
1467164778092486
1467164778114203
1467164778217407
1467164778297502
1467164778318993
1467164778399756
1467164778421903
1467164778523816
1467164778604430
1467164778626192
1467164778706866
1467164778728903
1467164778809248
1467164778830994
1467164778911709
1467164778933448
1467164779014117
1467164779035850
1467164779116453
1467164779138199
1467164779218864
1467164779240616
1467164779321641
1467164779343010
1467164779423692
1467164779445449
1467164779526094
1467164779547791
1467164779628502
1467164779650238
1467164779730856
1467164779753080
1467164779833322
1467164779855031
1467164779935681
1467164779957368
1467164780038554
1467164780059800
1467164780141158
1467164780162178
1467164780242882
1467164780264569
1467164780367029
1467164780447687
1467164780470101
1467164780550591
1467164780572194
1467164780652503
1467164780674166
1467164780754952
1467164780776639
1467164780857394
1467164780879008
1467164780959739
1467164780981370
1467164781062349
1467164781083761
1467164781164525
1467164781186166
1467164781266940
1467164781288539
1467164781369332
1467164781391689
1467164781471738
1467164781493384
1467164781574417
1467164781596083
1467164781676566
1467164781698189
1467164781778994
1467164781800566
1467164781881320
1467164781903394
1467164781983803
1467164782086152
1467164782107778
1467164782188586
1467164782210231
1467164782290972
1467164782393282
1467164782415655
1467164782496444
1467164782517373
1467164782602781
1467164782625445
1467164782722700
1467164782803071
1467164782824572
1467164782905762
1467164782927016
1467164783007738
1467164783029410
1467164783110150
1467164783131754
1467164783212537
1467164783234235
1467164783315157
1467164783336578
1467164783417349
1467164783438951
1467164783519811
1467164783541407
1467164783622153
1467164783724551
1467164783746900
1467164783827632
1467164783848555
1467164783929381
1467164784031761
1467164784053321
1467164784134135
1467164784155808
1467164784236625
1467164784258196
1467164784339038
1467164784360626
1467164784441386
1467164784462971
1467164784543753
1467164784567881
1467164784646472
1467164784667709
1467164784748594
1467164784851036
1467164784872549
1467164784953370
1467164784974942
1467164785055805
1467164785077396
1467164785158914
1467164785179747
1467164785282257
1467164785363057
1467164785465693
1467164785486995
1467164785567871
1467164785589731
1467164785670699
1467164785691754
1467164785772678
1467164785794155
1467164785875023
1467164785896523
1467164785977428
1467164785998936
1467164786079958
1467164786182250
1467164786203770
1467164786284657
1467164786306176
1467164786387058
1467164786409011
1467164786489532
1467164786510927
1467164786591869
1467164786613382
1467164786715720
1467164786796663
1467164786818581
1467164786899058
1467164786920509
1467164787001503
1467164787022972
1467164787103882
1467164787125348
1467164787206281
1467164787227886
1467164787308680
1467164787330181
1467164787411121
1467164787432843
1467164787513512
1467164787615934
1467164787637291
1467164787718353
1467164787741452
1467164787820694
1467164787842280
1467164787923099
1467164787944531
1467164788025487
1467164788128236
1467164788149313
1467164788230317
1467164788251751
1467164788333448
1467164788354155
1467164788435161
1467164788456555
1467164788537557
1467164788559530
1467164788639894
1467164788661783
1467164788742330
1467164788763694
1467164788844728
1467164788866156
1467164788947095
1467164788968544
1467164789049449
1467164789071160
1467164789151856
1467164789173306
1467164789254257
1467164789275671
1467164789356686
1467164789378137
1467164789459081
1467164789480491
1467164789562266
1467164789582873
1467164789663871
1467164789685292
1467164789766315
1467164789787673
1467164789868759
1467164789890113
1467164789971752
1467164789992488
1467164790073516
1467164790094932
1467164790175909
1467164790278305
1467164790299699
1467164790381142
1467164790402095
1467164790483305
1467164790504536
1467164790585521
1467164790607495
1467164790687916
1467164790709274
1467164790790372
1467164790811671
1467164790914067
1467164790995708
1467164791016463
1467164791097544
1467164791118855
1467164791199961
1467164791221326
1467164791302357
1467164791323900
1467164791404717
1467164791426807
1467164791507834
1467164791528515
1467164791609549
1467164791630884
1467164791711973
1467164791814341
1467164791835744
1467164791916778
1467164791938077
1467164792019204
1467164792040461
1467164792121578
1467164792223978
1467164792245262
1467164792326359
1467164792347625
1467164792428793
1467164792450055
1467164792531155
1467164792552500
1467164792633555
1467164792655529
1467164792736749
1467164792757237
1467164792838909
1467164792859649
1467164792940786
1467164792962243
1467164793043210
1467164793064452
1467164793146191
1467164793166886
1467164793247999
1467164793269250
1467164793350454
1467164793372371
1467164793452826
1467164793474060
1467164793555408
1467164793576426
1467164793657611
1467164793678857
1467164793760555
1467164793781283
1467164793862487
1467164793883702
1467164793964803
1467164794067408
1467164794088457
1467164794169643
1467164794190835
1467164794272046
1467164794293242
1467164794374450
1467164794395630
1467164794476824
1467164794498789
1467164794579268
1467164794600954
1467164794681672
1467164794702839
1467164794784100
1467164794805251
1467164794886457
1467164794907917
1467164794988902
1467164795010034
1467164795091270
1467164795112652
1467164795193667
1467164795214861
1467164795296120
1467164795317252
1467164795398483
1467164795419631
1467164795500831
1467164795522037
1467164795603265
1467164795624439
1467164795705622
1467164795726809
1467164795808036
1467164795829642
1467164795910421
1467164795932253
1467164796012836
1467164796034077
1467164796115227
1467164796136412
1467164796217641
1467164796238804
1467164796320042
1467164796341300
1467164796422447
1467164796443590
1467164796524909
1467164796546076
1467164796627256
1467164796648444
1467164796731569
1467164796751781
1467164796832172
1467164796934483
1467164796955607
1467164797036913
1467164797058053
1467164797139287
1467164797160683
1467164797241691
1467164797262801
1467164797344580
1467164797365225
1467164797446533
1467164797467609
1467164797548863
1467164797569986
1467164797651301
1467164797672538
1467164797753839
1467164797774811
1467164797856099
1467164797958538
1467164798060904
1467164798082454
1467164798163494
1467164798184405
1467164798265903
1467164798286789
1467164798368129
1467164798389213
1467164798470502
1467164798491851
1467164798573631
1467164798594108
1467164798675302
1467164798696746
1467164798777768
1467164798798789
1467164798880138
1467164798901204
1467164798982538
1467164799004159
1467164799084909
1467164799105983
1467164799187369
1467164799208439
1467164799289730
1467164799310769
1467164799392147
1467164799413365
1467164799494537
1467164799516242
1467164799597064
1467164799617980
1467164799699413
1467164799720509
1467164799802397
1467164799822787
1467164799904132
1467164800006578
1467164800027597
1467164800108994
1467164800130010
1467164800211387
1467164800232373
1467164800334779
1467164800416153
1467164800437495
1467164800518605
1467164800539614
1467164800620998
1467164800642015
1467164800723380
1467164800744787
1467164800847469
1467164800928198
1467164800949206
1467164801030607
1467164801051571
1467164801133013
1467164801154071
1467164801235391
1467164801256347
1467164801338032
1467164801358752
1467164801440209
1467164801461159
1467164801542634
1467164801563573
1467164801645031
1467164801666280
1467164801747813
1467164801849836
1467164801870762
1467164801952235
1467164801973160
1467164802054548
1467164802076250
1467164802156945
1467164802177972
1467164802259661
1467164802280372
1467164802362122
1467164802382761
1467164802464182
1467164802566571
1467164802587567
1467164802669241
1467164802689958
1467164802771394
1467164802792407
1467164802873807
1467164802894742
1467164802976176
1467164802997342
1467164803078590
1467164803099850
1467164803181480
1467164803201998
1467164803283409
1467164803304364
1467164803385817
1467164803407282
1467164803488273
1467164803509162
1467164803590631
1467164803612280
1467164803693017
1467164803713950
1467164803816356
1467164803897873
1467164803918718
1467164804000286
1467164804021130
1467164804102690
1467164804123616
1467164804205042
1467164804225998
1467164804307924
1467164804328350
1467164804409929
1467164804430746
1467164804512261
1467164804533124
1467164804614670
1467164804635541
1467164804717103
1467164804737931
1467164804819441
1467164804840866
1467164804921872
1467164804942742
1467164805024260
1467164805045139
1467164805126678
1467164805147556
1467164805229575
1467164805249975
1467164805331450
1467164805353043
1467164805433986
1467164805454792
1467164805536341
1467164805557124
1467164805638724
1467164805660462
1467164805741144
1467164805761934
1467164805843628
1467164805864318
1467164805945914
1467164805966723
1467164806048305
1467164806069165
1467164806172258
1467164806253171
1467164806273944
1467164806356098
1467164806376372
1467164806457896
1467164806478724
1467164806563247
1467164806581183
1467164806662710
1467164806684068
1467164806765136
1467164806785935
1467164806867600
1467164806888365
1467164806969920
1467164806990706
1467164807072724
1467164807093091
1467164807175143
1467164807195508
1467164807277160
1467164807297891
1467164807379548
1467164807400319
1467164807482024
1467164807584363
1467164807605100
1467164807686774
1467164807707492
1467164807789177
1467164807809894
1467164807891567
1467164807912300
1467164807993965
1467164808014692
1467164808096384
1467164808117090
1467164808198797
1467164808219505
1467164808301167
1467164808321901
1467164808403552
1467164808424296
1467164808506586
1467164808526697
1467164808608842
1467164808629096
1467164808710771
1467164808731492
1467164808813145
1467164808833883
1467164808915911
1467164808936294
1467164809018540
1467164809038726
1467164809120349
1467164809141080
1467164809222766
1467164809244053
1467164809325163
1467164809345886
1467164809427920
1467164809448304
1467164809529938
1467164809550728
1467164809632368
1467164809653092
1467164809734745
1467164809837538
1467164809857877
1467164809939692
1467164809960324
1467164810041982
1467164810062666
1467164810144376
1467164810165079
1467164810246791
1467164810267502
1467164810349186
1467164810369869
1467164810451617
1467164810472282
1467164810553997
1467164810574919
1467164810656426
1467164810677081
1467164810759225
1467164810779464
1467164810861709
1467164810881858
1467164810963604
1467164810984251
1467164811065993
1467164811086963
1467164811168418
1467164811189490
1467164811270784
1467164811292008
1467164811373239
1467164811393912
1467164811475628
1467164811497535
1467164811578003
1467164811599216
1467164811680434
1467164811701446
1467164811782816
1467164811803455
1467164811885228
1467164811905863
1467164811987634
1467164812008400
1467164812090019
1467164812110665
1467164812192445
1467164812213437
1467164812294859
1467164812315445
1467164812397246
1467164812418623
1467164812499652
1467164812520265
1467164812602104
1467164812623304
1467164812704516
1467164812725097
1467164812806866
1467164812827466
1467164812909361
1467164812929834
1467164813012109
1467164813032275
1467164813114062
1467164813134645
1467164813216533
1467164813237082
1467164813318865
1467164813339559
1467164813421293
1467164813441840
1467164813523749
1467164813544233
1467164813626117
1467164813646637
1467164813728494
1467164813749581
1467164813830902
1467164813851405
1467164813933376
1467164813953833
1467164814035703
1467164814138118
1467164814158640
1467164814240694
1467164814261033
1467164814342910
1467164814363434
1467164814445813
1467164814465842
1467164814547722
1467164814568222
1467164814650113
1467164814670964
1467164814752511
1467164814773021
1467164814854911
1467164814957362
1467164814977840
1467164815059729
1467164815080198
1467164815162250
1467164815182589
1467164815264596
1467164815285038
1467164815366894
1467164815387437
1467164815469297
1467164815489879
1467164815571663
1467164815592634
1467164815674093
1467164815695030
1467164815776467
1467164815797536
1467164815878959
1467164815899452
1467164815981289
1467164816002824
1467164816083718
1467164816104237
1467164816186538
1467164816206600
1467164816288503
1467164816309000
1467164816390943
1467164816411457
1467164816493463
1467164816513925
1467164816595712
1467164816616481
1467164816698131
1467164816718605
1467164816800543
1467164816902925
1467164816923777
1467164817005343
1467164817107736
1467164817128236
1467164817210131
1467164817230645
1467164817312602
1467164817333009
1467164817414933
1467164817436147
1467164817517348
1467164817537806
1467164817619754
1467164817640202
1467164817722168
1467164817824611
1467164817844997
1467164817927005
1467164817948953
1467164818029341
1467164818051758
1467164818131788
1467164818152204
1467164818234368
1467164818336656
1467164818356981
1467164818439212
1467164818541387
1467164818561789
1467164818643806
1467164818664184
1467164818766848
1467164818848598
1467164818868979
1467164818951001
1467164818971404
1467164819053417
1467164819073805
1467164819155806
1467164819258200
1467164819360607
1467164819463084
1467164819483378
1467164819565427
1467164819585802
1467164819667803
1467164819688172
1467164819770218
1467164819790569
1467164819872687
1467164819975022
1467164819995357
1467164820077683
1467164820097739
1467164820180096
1467164820282247
1467164820302590
1467164820384672
1467164820404993
1467164820487035
1467164820507371
1467164820589599
1467164820691844
1467164820712259
1467164820794272
1467164820814544
1467164820896649
1467164820916953
1467164821019345
1467164821101448
1467164821121762
1467164821203893
1467164821224161
1467164821306302
1467164821409220
1467164821429077
1467164821511323
1467164821532034
1467164821613473
1467164821633745
1467164821715812
1467164821736160
1467164821818245
1467164821920620
1467164822023035
1467164822043328
1467164822125442
1467164822147311
1467164822227882
1467164822248144
1467164822330985
1467164822350683
1467164822432671
1467164822535106
1467164822555353
1467164822637439
1467164822657728
1467164822739844
1467164822760116
1467164822842269
1467164822862559
1467164822944693
1467164822965565
1467164823047126
1467164823067369
1467164823149461
1467164823169721
1467164823251870
1467164823272120
1467164823354265
1467164823476943
1467164823559163
1467164823579335
1467164823681717
1467164823763924
1467164823784396
1467164823866431
1467164823886535
1467164823988984
1467164824071585
1467164824091343
1467164824174130
1467164824193718
1467164824275904
1467164824296151
1467164824378327
1467164824398580
1467164824480733
1467164824501235
1467164824583596
1467164824603402
1467164824686112
1467164824705988
1467164824787983
1467164824808165
1467164824890361
1467164824910538
1467164824992753
1467164825012923
1467164825095148
1467164825115322
1467164825197550
1467164825217720
1467164825299955
1467164825320105
1467164825402692
1467164825422500
1467164825504930
1467164825524913
1467164825607245
1467164825627299
1467164825709571
1467164825811994
1467164825832284
1467164825914550
1467164825934536
1467164826016784
1467164826036918
1467164826119173
1467164826139299
1467164826221563
1467164826241714
1467164826324016
1467164826344123
1467164826426392
1467164826446494
1467164826528788
1467164826548884
1467164826631192
1467164826651330
1467164826733606
1467164826753676
1467164826836010
1467164826856099
1467164826938638
1467164826958538
1467164827040801
1467164827060894
1467164827143207
1467164827163286
1467164827245878
1467164827265690
1467164827348243
1467164827450417
1467164827470515
1467164827552849
1467164827572923
1467164827655251
1467164827675280
1467164827757619
1467164827777659
1467164827860010
1467164827880074
1467164827962436
1467164828064835
1467164828084879
1467164828167271
1467164828187378
1467164828269816
1467164828289717
1467164828371986
1467164828392065
1467164828474382
1467164828494476
1467164828577042
1467164828596878
1467164828679549
1467164828699369
1467164828781875
1467164828801693
1467164828884066
1467164828904100
1467164828986937
1467164829007084
1467164829088812
1467164829109493
1467164829191949
1467164829211276
1467164829293620
1467164829313714
1467164829396038
1467164829416070
1467164829498404
1467164829519163
1467164829601469
1467164829621422
1467164829703232
1467164829723252
1467164829805634
1467164829825664
1467164829908016
1467164829928055
1467164830010436
1467164830030481
1467164830112859
1467164830132877
1467164830215267
1467164830317662
1467164830337652
1467164830420039
1467164830440066
1467164830522455
1467164830545298
1467164830624853
1467164830644875
1467164830727266
1467164830747262
1467164830829665
1467164830849682
1467164830932068
1467164830952049
1467164831034476
1467164831054433
1467164831136861
1467164831156839
1467164831239487
1467164831259264
1467164831341782
1467164831361683
1467164831444456
1467164831464089
1467164831546496
1467164831566458
1467164831648892
1467164831668849
1467164831751299
1467164831771239
1467164831853680
1467164831956134
1467164831976073
1467164832058503
1467164832078433
1467164832160888
