1467325249821369
1467325250331288
1467325250841742
1467325252070477
1467325252173947
1467325252277067
1467325252582915
1467325252890342
1467325252992545
1467325253097949
1467325253708927
1467325254323267
1467325254630530
1467325255142494
1467325255449687
1467325255654491
1467325255756903
1467325256064365
1467325256371267
1467325256474066
1467325256583252
1467325256689495
1467325257497646
1467325257600066
1467325258320638
1467325258419652
1467325258931305
1467325259238433
1467325259340882
1467325259648065
1467325259750450
1467325259957308
1467325260064062
1467325260672064
1467325260979231
1467325261081656
1467325261187933
1467325261299355
1467325261798430
1467325262310434
1467325262412833
1467325262515745
1467325262629930
1467325262823828
1467325262924842
1467325263129692
1467325263438198
1467325263642559
1467325263846450
1467325264153649
1467325264358471
1467325264666234
1467325264773361
1467325265388658
1467325265690506
1467325265894795
1467325265996837
1467325266099253
1467325266406783
1467325267020867
1467325267328050
1467325267441694
1467325267737659
1467325267840204
1467325268044802
1467325268147217
1467325268249621
1467325268556894
1467325268659280
1467325268762185
1467325268868172
1467325268966986
1467325269068805
1467325269888022
1467325270092823
1467325270297629
1467325270400059
1467325270707260
1467325270809612
1467325270911999
1467325271014451
1467325271219544
1467325271321788
1467325271526901
1467325271628852
1467325272140802
1467325272243195
1467325272762000
1467325272857638
1467325272959983
1467325274188825
1467325274496218
1467325275007974
1467325275110372
1467325275417563
1467325275724765
1467325275828267
1467325276441558
1467325277158371
1467325277875196
1467325278387168
1467325278694352
1467325279103982
1467325280338281
1467325281049549
1467325283097547
1467325284531200
1467325284735933
1467325286988784
1467325288319971
1467325290367910
1467325290777504
1467325291699108
1467325292927922
1467325293439902
1467325293542358
1467325293644828
1467325293849559
1467325294060496
1467325294158041
1467325294464560
1467325294566307
1467325294668727
1467325294771118
1467325295487912
1467325295590352
1467325295692747
1467325295795147
1467325295898295
1467325295999910
1467325296409495
1467325296511941
1467325297843062
1467325297945515
1467325298355068
1467325298561654
1467325298662332
1467325298765673
1467325298969496
1467325299071934
1467325299174302
1467325299276696
1467325299379086
1467325299788722
1467325299891089
1467325300300727
1467325300607870
1467325303167867
1467325303372643
1467325303577460
1467325303884638
1467325304191852
1467325305011067
1467325305318272
1467325305420707
1467325305625438
1467325305727869
1467325306547046
1467325306753376
1467325307264414
1467325307366243
1467325307673495
1467325307775870
1467325307878293
1467325307980692
1467325308287813
1467325308595089
1467325308902249
1467325309004636
1467325309107084
1467325310345861
1467325310438269
1467325310745422
1467325310847844
1467325311155037
1467325311462235
1467325311667063
1467325311769419
1467325311871822
1467325312076682
1467325312793482
1467325313100616
1467325313203010
1467325313715028
1467325313817427
1467325313919874
1467325314227067
1467325314431857
1467325314534250
1467325314739057
1467325315046194
1467325315251029
1467325315353458
1467325315455804
1467325315865402
1467325316070207
1467325316172663
1467325316275043
1467325316377400
1467325316479792
1467325316582228
1467325316889413
1467325318425901
1467325318630183
1467325319142300
1467325319244588
1467325319347936
1467325319453072
1467325319561425
1467325319961404
1467325320268583
1467325320575777
1467325321292587
1467325321394965
1467325321703510
1467325321804566
1467325321907000
1467325322009382
1467325322214310
1467325322418973
1467325322726172
1467325322930962
1467325323649468
1467325323852569
1467325324262180
1467325324466989
1467325325089410
1467325325287579
1467325325391817
1467325325798199
1467325326003615
1467325326105362
1467325326719756
1467325328667322
1467325328870145
1467325330303769
1467325332149578
1467325332658924
1467325333068531
1467325336550121
1467325340031693
1467325340543713
1467325341159489
1467325341260534
1467325341362905
1467325341772500
1467325341875869
1467325342591684
1467325345051195
1467325345254151
1467325345663672
1467325346278908
1467325346585397
1467325347302068
1467325347610882
1467325350988986
1467325351090857
1467325351194577
1467325351296923
1467325352012485
1467325353040256
1467325354879646
1467325355084493
1467325355289225
1467325355903673
1467325356620466
1467325357132431
1467325357644486
1467325357849204
1467325358058576
1467325358157740
1467325358259164
1467325358471515
1467325358770967
1467325358878023
1467325358975880
1467325359290974
1467325359385216
1467325359794810
1467325359999601
1467325360102008
1467325360315452
1467325360511590
1467325360818820
1467325360921214
1467325361023613
1467325361125987
1467325361330842
1467325361433211
1467325361945200
1467325362047593
1467325362252379
1467325362354795
1467325362457239
1467325362661996
1467325362764412
1467325362866843
1467325362969213
1467325363174008
1467325363378814
1467325363788392
1467325363890806
1467325364198013
1467325364505238
1467325364607639
1467325364710029
1467325364914781
1467325365119610
1467325365222046
1467325365324385
1467325365426842
1467325365529178
1467325365734048
1467325365836400
1467325365938764
1467325366041246
1467325366450790
1467325366553190
1467325366757990
1467325366962788
1467325367065180
1467325367167638
1467325367270044
1467325367372424
1467325367781989
1467325367884390
1467325367986764
1467325368191579
1467325368499151
1467325368703558
1467325368806992
1467325368908381
1467325369830011
1467325370137215
1467325370239615
1467325370444403
1467325371673143
1467325372492375
1467325372594747
1467325372697135
1467325372799567
1467325373106768
1467325373209160
1467325373618757
1467325373721132
1467325373925955
1467325374038297
1467325374437942
1467325374540410
1467325374642741
1467325374949955
1467325375359532
1467325375666726
1467325375769136
1467325375871547
1467325376895550
1467325377821974
1467325378021961
1467325378841147
1467325379353116
1467325379557932
1467325379660338
1467325380172315
1467325380377150
1467325380581936
1467325380684309
1467325380786759
1467325381093940
1467325381298721
1467325381401112
1467325381605965
1467325381810762
1467325382015533
1467325382117940
1467325382834714
1467325383039517
1467325383244316
1467325383346717
1467325383551578
1467325383961110
1467325385087494
1467325385189889
1467325385394683
1467325385804323
1467325386623514
1467325386725889
1467325386828377
1467325386930688
1467325387954680
1467325388057089
1467325388261882
1467325388364858
1467325388569075
1467325388876286
1467325389183511
1467325390311289
1467325391129069
1467325391538720
1467325391743513
1467325392460350
1467325392665081
1467325392972265
1467325393074663
1467325393279544
1467325393381856
1467325393484249
1467325393586641
1467325393689037
1467325393791500
1467325393893853
1467325394098955
1467325394202210
1467325394303861
1467325394713039
1467325394824642
1467325395122636
1467325396660376
1467325396966804
1467325397281007
1467325397580285
1467325397682657
1467325397989864
1467325398092283
1467325398297054
1467325398399448
1467325398604283
1467325398809072
1467325399116347
1467325399322391
1467325399423769
1467325399628591
1467325399730678
1467325400037828
1467325400242621
1467325400345014
1467325400449811
1467325400549847
1467325400652284
1467325400754624
1467325400857075
1467325400959428
1467325401061831
1467325401164266
1467325401369080
1467325401471415
1467325401573875
1467325401676220
1467325401778636
1467325401881046
1467325401983476
1467325402085812
1467325402188263
1467325402290633
1467325402393221
1467325402495418
1467325402597969
1467325402700223
1467325402905977
1467325403009387
1467325403111766
1467325403212768
1467325403314622
1467325403417056
1467325403519429
1467325403621865
1467325403826666
1467325403929079
1467325404133812
1467325404236280
1467325404543453
1467325404645867
1467325404748428
1467325404850673
1467325404953006
1467325405060263
1467325405161264
1467325405260239
1467325405465008
1467325405669852
1467325405772256
1467325406079409
1467325406181813
1467325406290833
1467325406387364
1467325406489215
1467325406591805
1467325406693792
1467325406796245
1467325406898620
1467325407001305
1467325407308199
1467325407512988
1467325407717825
1467325407820254
1467325408025350
1467325408229820
1467325408332204
1467325408434608
1467325408537054
1467325408639376
1467325408741812
1467325409156652
1467325409253845
1467325409458640
1467325409766393
1467325409970633
1467325410072994
1467325410380225
1467325410483799
1467325410687406
1467325410789783
1467325410892224
1467325411199397
1467325411301786
1467325411404177
1467325411608994
1467325411711420
1467325411916227
1467325412227140
1467325412530570
1467325412635325
1467325412837782
1467325412940207
1467325413042575
1467325413249283
1467325413452186
1467325413554575
1467325413656995
1467325413759384
1467325413862287
1467325413964223
1467325414170395
1467325414271390
1467325414373811
1467325414476210
1467325414578607
1467325414680956
1467325414783429
1467325414988854
1467325415090831
1467325415192961
1467325415397756
1467325415500220
1467325415602805
1467325415704963
1467325415910944
1467325416020429
1467325416114792
1467325416218477
1467325416422218
1467325416524183
1467325416627319
1467325416730703
1467325416838994
1467325416945328
1467325417046386
1467325417148807
1467325417251215
1467325417355477
1467325417445963
1467325417650637
1467325417762481
1467325417863580
1467325417958409
1467325418061558
1467325418173559
1467325418277475
1467325418377975
1467325418469757
1467325418581231
1467325418674541
1467325418788781
1467325418881058
1467325418981915
1467325419095691
1467325419289689
1467325419506856
1467325419608601
1467325419698567
1467325419815719
1467325419904406
1467325420030145
1467325420117210
1467325420313849
1467325420620390
1467325420733341
1467325421031104
1467325421141469
1467325421234547
1467325421345580
1467325421554450
1467325421849021
1467325421951361
1467325422062402
1467325422269833
1467325422360930
1467325422472096
1467325422668167
1467325422873550
1467325423090123
1467325423197354
1467325423282685
1467325423693203
1467325423806313
1467325424000414
1467325424102986
1467325424204184
1467325424614853
1467325425126314
1467325425241642
1467325425340975
1467325425543165
1467325425638086
1467325425740167
1467325426158635
1467325426266602
1467325426456957
1467325426566725
1467325426776090
1467325426886986
1467325427194316
1467325427390404
1467325427594120
1467325427685689
1467325427895126
1467325428005378
1467325428106006
1467325428197776
1467325428402527
1467325428521229
1467325428607956
1467325428711160
1467325428924980
1467325429221985
1467325430451570
1467325430555016
1467325430667333
1467325430861299
1467325431090773
1467325431269930
1467325431478035
1467325431589101
1467325431689921
1467325431897663
1467325431998988
1467325432089247
1467325432204515
1467325432303156
1467325432819947
1467325433223748
1467325433318130
1467325433746748
1467325434035162
1467325434273408
1467325434467785
1467325434648936
1467325434752022
1467325435100056
1467325435172462
1467325435277448
1467325435366941
1467325435775701
1467325435990004
1467325436105773
1467325436392494
1467325436514539
1467325436703616
1467325436927789
1467325437113663
1467325437209768
1467325437329270
1467325437877995
1467325437927376
1467325438048832
1467325438227858
1467325438368025
1467325438744956
1467325438837304
1467325439070689
1467325439202713
1467325439279797
1467325439462147
1467325439668375
1467325439769590
1467325439889844
1467325439976127
1467325440077498
1467325440483342
1467325440588498
1467325440693158
1467325440815167
1467325440906655
1467325441100062
1467325441305361
1467325441415101
1467325441536172
1467325441612187
1467325441825036
1467325441923251
1467325442022934
1467325442268999
1467325442337776
1467325442533640
1467325442636659
1467325442743524
1467325442852499
1467325442945022
1467325443053264
1467325443164663
1467325443377438
1467325443456666
1467325443565203
1467325443762448
1467325443872681
1467325443979875
1467325444172196
1467325444282231
1467325444381510
1467325444608229
1467325444699066
1467325444796761
1467325444991581
1467325445201573
1467325445299381
1467325445608164
1467325445835121
1467325445912814
1467325446025318
1467325446220213
1467325446322557
1467325446425003
1467325446630918
1467325446836616
1467325446946632
1467325447244669
1467325447472390
1467325447559519
1467325447661861
1467325447758876
1467325447862672
1467325448168997
1467325448383812
1467325448583838
1467325448678765
1467325448792549
1467325448885063
1467325448995332
1467325449115319
1467325449191424
1467325449394412
1467325449701623
1467325449812916
1467325450008854
1467325450136912
1467325450234045
1467325450316188
1467325450420635
1467325450631873
1467325450827998
1467325450931757
1467325451034936
1467325451138091
1467325451257931
1467325451341302
1467325451442465
1467325451557395
1467325451668151
1467325451751498
1467325451852064
1467325451966127
1467325452061373
1467325452168830
1467325452261651
1467325452373587
1467325452467268
1467325452571467
1467325452774419
1467325453085357
1467325453191157
1467325453388052
1467325453491432
1467325454105648
1467325454313871
1467325454411996
1467325454618003
1467325454821862
1467325454924652
1467325455027356
1467325455128807
1467325455333607
1467325455438121
1467325455544080
1467325455752790
1467325456050398
1467325456365279
1467325456460236
1467325456570433
1467325456869606
1467325456972028
1467325457077020
1467325457221567
1467325457280693
1467325457396866
1467325457484295
1467325457589145
1467325457995992
1467325458408153
1467325458507993
1467325458610361
1467325458713497
1467325459019965
1467325459225563
1467325459338938
1467325459429579
1467325459531962
1467325459639013
1467325459738514
1467325459839169
1467325459947009
1467325460052061
1467325460257098
1467325460351631
1467325460453883
1467325460557116
1467325460768870
1467325460865585
1467325461076395
1467325461272755
1467325461477569
1467325461579989
1467325461784760
1467325461989606
1467325462092008
1467325462194394
1467325462296783
1467325462399167
1467325462501568
1467325462604012
1467325462808756
1467325462911224
1467325463013585
1467325463115943
1467325463218359
1467325463320786
1467325463525581
1467325463627957
1467325463730367
1467325463832755
1467325464038241
1467325464244360
1467325464447162
1467325464754355
1467325464856796
1467325464960565
1467325465061720
1467325465266400
1467325465368741
1467325465471161
1467325465573571
1467325465778370
1467325465983197
1467325466085835
1467325466188011
1467325466290814
1467325466393895
1467325466495195
1467325466597529
1467325466699985
1467325466802374
1467325467007146
1467325467314364
1467325467416740
1467325467519143
1467325467621587
1467325467723983
1467325467826480
1467325467928743
1467325468031174
1467325468133532
1467325468235960
1467325468338340
1467325468440725
1467325468543194
1467325468645549
1467325468747988
1467325468952733
1467325469055189
1467325469157551
1467325469259984
1467325469362382
1467325469464715
1467325469669589
1467325469771985
1467325469874328
1467325469976748
1467325470079114
1467325470181526
1467325470283987
1467325470386335
1467325470488719
1467325470591131
1467325470693507
1467325470795920
1467325471000721
1467325471103152
1467325471206087
1467325471514378
1467325471615117
1467325471819904
1467325472024748
1467325472229506
1467325472331926
1467325472743494
1467325472843964
1467325472946362
1467325473049660
1467325473156165
1467325473254657
1467325473458360
1467325473560713
1467325473672628
1467325473765549
1467325473867922
1467325474277812
1467325474792901
1467325474994317
1467325475403914
1467325475506361
1467325475608942
1467325475813504
1467325476326953
1467325476427899
1467325476939917
1467325477042291
1467325477144758
1467325477349548
1467325477656737
1467325477963909
1467325478066341
1467325478271074
1467325478373499
1467325478578308
1467325478987889
1467325479090308
1467325479193773
1467325479499946
1467325479909698
1467325480011945
1467325480220138
1467325480421529
1467325480831111
1467325480933475
1467325481240677
1467325481345686
1467325481752693
1467325482162317
1467325482266931
1467325482367093
1467325483288719
1467325483391885
1467325483595888
1467325484005511
1467325484824719
1467325484927088
1467325486671181
1467325486977151
1467325487180509
1467325487385094
1467325488306300
1467325488408646
1467325488613445
1467325488715817
1467325488920662
1467325489228468
1467325489330303
1467325489739842
1467325490559037
1467325490661442
1467325490763850
1467325490866282
1467325491275823
1467325491480716
1467325491583074
1467325491787841
1467325491890231
1467325491992634
1467325492095035
1467325492300570
1467325492402250
1467325493119195
1467325493733425
1467325493938250
1467325494040653
1467325494450694
1467325494656033
1467325494864292
1467325494967561
1467325495170909
1467325495269484
1467325495374081
