1467166520815288
1467166520841722
1467166521081994
1467166521184451
1467166521429574
1467166521456146
1467166521530220
1467166521558503
1467166521632679
1467166521866110
1467166521901219
1467166522003583
1467166522247075
1467166522275339
1467166522353097
1467166522377722
1467166522618011
1467166522720436
1467166522822855
1467166522992093
1467166523066266
1467166523094518
1467166523168660
1467166523196908
1467166523783044
1467166523811308
1467166523885453
1467166523913663
1467166523987784
1467166524016058
1467166524256404
1467166524358825
1467166524602264
1467166524630454
1467166524704831
1467166524732892
1467166524807058
1467166525075597
1467166525178022
1467166525421400
1467166525449635
1467166525523852
1467166525552160
1467166525792499
1467166525894821
1467166525997208
1467166526166406
1467166526240659
1467166526268852
1467166526343017
1467166526371248
1467166526576027
1467166526611601
1467166526678451
1467166526714019
1467166526957393
1467166527059785
1467166527088029
1467166527162496
1467166527190437
1467166527430875
1467166527533213
1467166527777062
1467166527804881
1467166527880974
1467166527907210
1467166527982724
1467166528250027
1467166528316850
1467166528352450
1467166528595871
1467166528698210
1467166528726466
1467166528800659
1467166528966855
1467166529069243
1467166529171686
1467166529415019
1467166529443172
1467166529517453
1467166529545617
1467166529786064
1467166529888447
1467166529955247
1467166529990864
1467166530234219
1467166530262435
1467166530336586
1467166530364768
1467166530605265
1467166530707657
1467166530774450
1467166530810073
1467166530979162
1467166531053687
1467166531081558
1467166531155868
1467166531184039
1467166531388850
1467166531424450
1467166531491197
1467166531526864
1467166531770222
1467166531798385
1467166531872602
1467166531900805
1467166531975022
1467166532243670
1467166532310431
1467166532346118
1467166532412830
1467166532589411
1467166532617587
1467166532691844
1467166532719959
1467166532795915
1467166533027222
1467166533062940
1467166533165271
1467166533408737
1467166533436766
1467166533511006
1467166533542018
1467166533613581
1467166533779690
1467166533882076
1467166533948730
1467166533984458
1467166534227849
1467166534255982
1467166534330247
1467166534358392
1467166534598861
1467166534665541
1467166534701283
1467166534767974
1467166534973010
1467166535047009
1467166535075288
1467166535177535
1467166535418094
1467166535520481
1467166535587139
1467166535791946
1467166535866257
1467166535894324
1467166535968597
1467166535996767
1467166536237271
1467166536339716
1467166536406324
1467166536582982
1467166536611900
1467166536685408
1467166536713545
1467166536787838
1467166536815973
1467166537020769
1467166537056542
1467166537158943
1467166537402249
1467166537432644
1467166537504647
1467166537532708
1467166537607004
1467166537773296
1467166537875759
1467166537942361
1467166537978096
1467166538221486
1467166538249589
1467166538326107
1467166538351987
1467166538592528
1467166538659189
1467166538694903
1467166538761665
1467166538797352
1467166539040645
1467166539068718
1467166539143454
1467166539375877
1467166539411721
1467166539478421
1467166539514116
1467166539580693
1467166539616515
1467166539785493
1467166539862252
1467166539887939
1467166539962229
1467166539990342
1467166540195096
1467166540230953
1467166540333354
1467166540399953
1467166540576592
1467166540604733
1467166540679036
1467166540707070
1467166540781406
1467166540809505
1467166541050123
1467166541116684
1467166541152500
1467166541395821
1467166541423934
1467166541498216
1467166541526302
1467166541600682
1467166541766907
1467166541833538
1467166541869395
1467166541935918
1467166541972609
1467166542216140
1467166542243105
1467166542319670
1467166542345471
1467166542586183
1467166542652666
1467166542688519
1467166542755103
1467166542790979
1467166542959858
1467166543034286
1467166543062472
1467166543136623
1467166543164702
1467166543369474
1467166543405377
1467166543507723
1467166543779061
1467166543955840
1467166543983847
1467166544188640
1467166544224536
1467166544291056
1467166544326936
1467166544570250
1467166544598225
1467166544672584
1467166544774975
1467166544803114
1467166545043811
1467166545110244
1467166545146126
1467166545389712
1467166545417432
1467166545492114
1467166545519826
1467166545760566
1467166545827030
1467166545862967
1467166545929434
1467166545965396
1467166546209350
1467166546236666
1467166546311020
1467166546339085
1467166546579764
1467166546682174
1467166546784541
1467166547027783
1467166547055812
1467166547130194
1467166547158188
1467166547398934
1467166547465472
1467166547501430
1467166547603751
1467166547846961
1467166547875008
1467166547949416
1467166548182196
1467166548218164
1467166548284647
1467166548320612
1467166548386992
1467166548563791
1467166548591855
1467166548667018
1467166548694246
1467166548768593
1467166548796608
1467166549001454
1467166549037423
1467166549103779
1467166549139768
1467166549206229
1467166549411038
1467166549485434
1467166549513447
1467166549587856
1467166549820573
1467166549856561
1467166549958992
1467166550202583
1467166550230179
1467166550332625
1467166550407187
1467166550573422
1467166550639835
1467166550675837
1467166550742184
1467166550778173
1467166551021472
1467166551049350
1467166551123974
1467166551151770
1467166551392627
1467166551495023
1467166551597386
1467166551766145
1467166551840625
1467166551868570
1467166551943090
1467166551971004
1467166552175767
1467166552211792
1467166552314198
1467166552585354
1467166552659769
1467166552687755
1467166552762181
1467166552790230
1467166553031014
1467166553133392
1467166553376593
1467166553405460
1467166553478995
1467166553506996
1467166553581418
1467166553609709
1467166553850221
1467166553916878
1467166553952603
1467166554195835
1467166554223793
1467166554300924
1467166554326133
1467166554400545
1467166554567007
1467166554669470
1467166554771793
1467166555014989
1467166555042918
1467166555117356
1467166555145305
1467166555386255
1467166555488675
1467166555591032
1467166555834681
1467166555862168
1467166555937283
1467166555964704
1467166556307811
1467166556410253
1467166556578895
1467166556653446
1467166556681331
1467166556761865
1467166556783688
1467166557024672
1467166557127025
1467166557370153
1467166557398087
1467166557472606
1467166557501205
1467166557574957
1467166557602911
1467166557844787
1467166557946211
1467166558189400
1467166558217352
1467166558291771
1467166558319763
1467166558394150
1467166558663083
1467166558729295
1467166558765478
1467166559008544
1467166559036483
1467166559111961
1467166559139120
1467166559213398
1467166559379856
1467166559482260
1467166559584670
1467166559827784
1467166559855697
1467166559958125
1467166560199038
1467166560301445
1467166560403882
1467166560647655
1467166560675499
1467166560749397
1467166560777297
1467166561018229
1467166561120633
1467166561223087
1467166561391677
1467166561466208
1467166561494101
1467166561568606
1467166561596520
1467166561837481
1467166561939901
1467166562006104
1467166562182933
1467166562210899
1467166562285399
1467166562313292
1467166562387762
1467166562415736
1467166562656711
1467166562723935
1467166562759107
1467166563002205
1467166563030171
1467166563106303
1467166563132440
1467166563206940
1467166563475921
1467166563578337
1467166563821356
1467166563849243
1467166563923728
1467166563951620
1467166564026258
1467166564192657
1467166564295127
1467166564397482
1467166564641246
1467166564668479
1467166564743003
1467166564770877
1467166565011918
1467166565114255
1467166565216665
1467166565385229
1467166565459748
1467166565487676
1467166565562216
1467166565590064
1467166565831125
1467166565897220
1467166566204414
1467166566279519
1467166566306857
1467166566381425
1467166566409182
1467166566650334
1467166567023578
1467166567101920
1467166567126000
1467166567200602
1467166567228441
1467166567469548
1467166567535596
1467166567571887
1467166567815004
1467166567842803
1467166567917399
1467166567945196
1467166568019756
1467166568288673
1467166568391130
1467166568637465
1467166568661975
1467166568737004
1467166568764409
1467166569005501
1467166569107956
1467166569210338
1467166569453399
1467166569481209
1467166569556547
1467166569583550
1467166569824755
1467166569927094
1467166570029501
1467166570197986
1467166570272588
1467166570300434
1467166570374971
1467166570402807
1467166570607566
1467166570643909
1467166570709942
1467166570746294
1467166570812401
1467166570989340
1467166571017150
1467166571093089
1467166571119550
1467166571194131
1467166571222194
1467166571463115
1467166571565510
1467166571808589
1467166571836646
1467166571910952
1467166571938794
1467166572013336
1467166572282320
1467166572384728
1467166572627724
1467166572655585
1467166572730132
1467166572758052
1467166572999111
1467166573101525
1467166573203916
1467166573446982
1467166573474734
1467166573549317
1467166573577133
1467166573818379
1467166573920747
1467166574023110
1467166574191558
1467166574266138
1467166574294357
1467166574368534
1467166574396338
1467166574637554
1467166574704716
1467166574739927
1467166575010698
1467166575086572
1467166575113093
1467166575188292
1467166575215814
1467166575456766
1467166575559143
1467166575802165
1467166575832501
1467166575904536
1467166576006923
1467166576034950
1467166576275941
1467166576378400
1467166576621524
1467166576649474
1467166576723887
1467166576752202
1467166576826704
1467166577197563
1467166577440524
1467166577468587
1467166577543401
1467166577571029
1467166577811945
1467166577914335
1467166577980312
1467166578016739
1467166578185131
1467166578259952
1467166578289058
1467166578362127
1467166578390223
1467166578631177
1467166578697080
1467166578733559
1467166578976586
1467166579005519
1467166579079208
1467166579106679
1467166579181563
1467166579209605
1467166579450424
1467166579552762
1467166579795792
1467166579823544
1467166579898141
1467166579925880
1467166580001959
1467166580269611
1467166580371993
1467166580615184
1467166580642957
1467166580717548
1467166580745304
1467166580819773
1467166580986384
1467166581088818
1467166581191156
1467166581434173
1467166581462147
1467166581537917
1467166581564259
1467166581805589
1467166581907950
1467166582010362
1467166582178875
1467166582253338
1467166582281034
1467166582355717
1467166582383446
1467166582624785
1467166582727176
1467166582998114
1467166583072522
1467166583102614
1467166583175157
1467166583202618
1467166583443984
1467166583546398
1467166583789326
1467166583817029
1467166583892377
1467166583919555
1467166583994350
1467166584021838
1467166584263194
1467166584329014
1467166584365595
1467166584609459
1467166584636341
1467166584710886
1467166584738852
1467166584813567
1467166585082461
1467166585184794
1467166585427960
1467166585457148
1467166585531301
1467166585558845
1467166585799198
1467166585901590
1467166586004028
1467166586172197
1467166586246902
1467166586274679
1467166586349535
1467166586376974
1467166586618408
1467166586720818
1467166586963949
1467166586992192
1467166587067315
1467166587093839
1467166587168517
1467166587196182
1467166587437627
1467166587540045
1467166587783220
1467166587810749
1467166587885484
1467166587913636
1467166587989255
1467166588256863
1467166588359278
1467166588603401
1467166588630019
1467166588704521
1467166588732182
1467166588807182
1467166588973644
1467166589076052
1467166589178422
1467166589421297
1467166589449023
1467166589523950
1467166589551395
1467166589792817
1467166589895253
1467166589962232
1467166589997636
1467166590240568
1467166590268209
1467166590349808
1467166590370538
1467166590613446
1467166590714446
1467166590816840
1467166590985443
1467166591060019
1467166591087413
1467166591162077
1467166591189863
1467166591431278
1467166591533648
1467166591776950
1467166591804152
1467166591878932
1467166591906554
1467166591981323
1467166592008986
1467166592250459
1467166592316114
1467166592352845
1467166592597257
1467166592623324
1467166592698152
1467166592725746
1467166592800485
1467166593069662
1467166593172052
1467166593414927
1467166593442552
1467166593517328
1467166593544935
1467166593619705
1467166593786452
1467166593852116
1467166593888840
1467166593954548
1467166593992359
1467166594234124
1467166594261714
1467166594336483
1467166594364108
1467166594605664
1467166594708083
1467166594810447
1467166595053297
1467166595080901
1467166595155684
1467166595184366
1467166595424941
1467166595527273
1467166595629656
1467166595798010
1467166595872759
1467166595900127
1467166595978779
1467166596002549
1467166596244044
1467166596346460
1467166596589276
1467166596616957
1467166596691942
1467166596719555
1467166596821657
1467166597063272
1467166597165690
1467166597408487
1467166597436057
1467166597510899
1467166597538537
1467166597613305
1467166597882466
1467166598227963
1467166598255386
1467166598330329
1467166598357662
1467166598433056
1467166598599342
1467166598701935
1467166598804094
1467166599048876
1467166599074795
1467166599149336
1467166599177029
1467166599418485
1467166599520900
1467166599623288
1467166599791596
1467166599866940
1467166599893636
1467166599968772
1467166599996334
1467166600237756
1467166600340076
1467166600442493
1467166600610767
1467166600685298
1467166600713108
1467166600787939
1467166600815503
1467166601056885
1467166601159294
1467166601402195
1467166601429664
1467166601506273
1467166601532044
1467166601607214
1467166601876098
1467166601978526
1467166602221266
1467166602249455
1467166602323922
1467166602351218
1467166602592946
1467166602695320
1467166602760824
1467166602797760
1467166603040514
1467166603068021
1467166603143280
1467166603171148
1467166603412107
1467166603477628
1467166603514529
1467166603785001
1467166603859911
1467166603887184
1467166603962613
1467166603989606
1467166604231305
1467166604333718
1467166604576510
1467166604604008
1467166604678992
1467166604706420
1467166604781404
1467166605050572
1467166605152907
1467166605395983
1467166605423255
1467166605499923
1467166605525592
1467166605600752
1467166605767341
1467166605869785
1467166605972156
1467166606214854
1467166606242707
1467166606317633
1467166606345274
1467166606586596
1467166606688966
1467166606791386
1467166607034383
1467166607061640
1467166607136499
1467166607164030
1467166607405799
1467166607508172
1467166607610558
1467166607779176
1467166607854554
1467166607880850
1467166607983233
1467166608224973
1467166608327355
1467166608570582
1467166608597556
1467166608672480
1467166608700212
1467166608802389
1467166609389847
1467166609416972
1467166609519664
1467166609594587
1467166609863381
1467166609965748
1467166610208463
1467166610236246
1467166610310881
1467166610338406
1467166610413409
1467166610580145
1467166610682551
1467166610784943
1467166611027857
1467166611055586
1467166611130920
1467166611157800
1467166611399346
1467166611501782
1467166611604165
1467166611778048
1467166611847056
1467166611876029
1467166611949339
1467166611976971
1467166612218576
1467166612284137
1467166612321028
1467166612591738
1467166612665735
1467166612693531
1467166612769614
1467166612795906
1467166613037792
1467166613140174
1467166613383014
1467166613410288
1467166613485264
1467166613513040
1467166613587646
1467166613615116
1467166613857006
1467166613959397
1467166614202415
1467166614229498
1467166614305052
1467166614333323
1467166614406883
1467166614676187
1467166614779251
1467166615021390
1467166615049336
1467166615123672
1467166615151066
1467166615226624
1467166615393010
1467166615495385
1467166615597785
1467166615840480
1467166615867885
1467166615970248
1467166616212217
1467166616314590
1467166616417055
1467166616584659
1467166616659643
1467166616687057
1467166616762368
1467166616789460
1467166616994280
1467166617031399
1467166617133785
1467166617403907
1467166617478876
1467166617506572
1467166617581769
1467166617609160
1467166617814060
1467166617850612
1467166617952990
1467166618195664
1467166618223137
1467166618298589
1467166618325633
1467166618400827
1467166618427851
1467166618669868
1467166618772202
1467166619014850
1467166619042297
1467166619117303
1467166619144672
1467166619386611
1467166619489042
1467166619591429
1467166619861739
1467166619940303
1467166619964735
1467166620205868
1467166620308259
1467166620410704
1467166620653260
1467166620680635
1467166620756206
1467166620783107
1467166621025018
1467166621127471
1467166621192675
1467166621232337
1467166621397424
1467166621474358
1467166621499810
1467166621574995
1467166621602468
1467166621844242
1467166621946616
1467166622216812
1467166622292308
1467166622319253
1467166622394111
1467166622421699
1467166622663469
1467166622765852
1467166623008873
1467166623110891
1467166623140293
1467166623213837
1467166623380226
1467166623482630
1467166623549579
1467166623585024
1467166623827774
1467166623855052
1467166623930054
1467166623958157
1467166624199429
1467166624301893
1467166624404257
1467166624646841
1467166624674165
1467166624749427
1467166624776606
1467166625018657
1467166625121057
1467166625223478
1467166625390985
1467166625466041
1467166625493350
1467166625568703
1467166625595745
1467166625837875
1467166625940242
1467166626210184
1467166626285671
1467166626312655
