1467165203377476
1467165203439209
1467165203479396
1467165203541563
1467165203581820
1467165203644126
1467165203684170
1467165203747357
1467165203787023
1467165203848794
1467165203889013
1467165203951472
1467165203991639
1467165204053750
1467165204093833
1467165204156253
1467165204196185
1467165204298601
1467165204401041
1467165204463267
1467165204503438
1467165204605835
1467165204708235
1467165204770369
1467165204810626
1467165204872829
1467165204913098
1467165204975198
1467165205015416
1467165205077583
1467165205118463
1467165205180103
1467165205220171
1467165205282510
1467165205322603
1467165205384816
1467165205424960
1467165205487168
1467165205527376
1467165205589931
1467165205629781
1467165205692261
1467165205732849
1467165205794655
1467165205834622
1467165205896838
1467165205937036
1467165205999542
1467165206101810
1467165206141754
1467165206204043
1467165206244490
1467165206306476
1467165206346571
1467165206408815
1467165206449006
1467165206511858
1467165206551496
1467165206613905
1467165206653758
1467165206716019
1467165206756158
1467165206818476
1467165206858569
1467165206922956
1467165206960930
1467165207023712
1467165207063393
1467165207125877
1467165207165916
1467165207228107
1467165207268177
1467165207330731
1467165207370646
1467165207432995
1467165207473274
1467165207535679
1467165207575410
1467165207638066
1467165207677791
1467165207740084
1467165207780132
1467165207842476
1467165207882559
1467165207944877
1467165207984958
1467165208047190
1467165208087363
1467165208149761
1467165208189804
1467165208252337
1467165208292687
1467165208354415
1467165208394543
1467165208457241
1467165208496934
1467165208559386
1467165208599353
1467165208701725
1467165208764183
1467165208804312
1467165208866445
1467165208906585
1467165208968856
1467165209008981
1467165209071607
1467165209111343
1467165209173869
1467165209213719
1467165209276221
1467165209316133
1467165209378789
1467165209418585
1467165209481013
1467165209521877
1467165209583215
1467165209623491
1467165209685807
1467165209726071
1467165209788178
1467165209828106
1467165209890457
1467165209930536
1467165209993162
1467165210033035
1467165210095485
1467165210135320
1467165210197607
1467165210237725
1467165210300441
1467165210340425
1467165210402472
1467165210442531
1467165210505130
1467165210544957
1467165210607523
1467165210647484
1467165210709581
1467165210750365
1467165210812024
1467165210852171
1467165210915007
1467165210954516
1467165211016980
1467165211057316
1467165211119154
1467165211159304
1467165211221800
1467165211261748
1467165211324437
1467165211364132
1467165211426439
1467165211467054
1467165211569041
1467165211632613
1467165211671323
1467165211733842
1467165211773749
1467165211836316
1467165211876148
1467165211939043
1467165211978512
1467165212041092
1467165212080866
1467165212143896
1467165212183292
1467165212245685
1467165212285706
1467165212348273
1467165212388105
1467165212450520
1467165212490959
1467165212553107
1467165212593948
1467165212655284
1467165212695291
1467165212757605
1467165212797669
1467165212860177
1467165212900208
1467165212962830
1467165213002566
1467165213064811
1467165213104938
1467165213167257
1467165213207269
1467165213309669
1467165213372633
1467165213412129
1467165213474355
1467165213514503
1467165213576756
1467165213616875
1467165213679267
1467165213720183
1467165213781811
1467165213821670
1467165213884003
1467165213924066
1467165213986417
1467165214026635
1467165214089461
1467165214128873
1467165214191431
1467165214231927
1467165214293639
1467165214333682
1467165214396354
1467165214436097
1467165214538484
1467165214601111
1467165214641018
1467165214703462
1467165214743265
1467165214805638
1467165214845667
1467165214908103
1467165214948102
1467165215010627
1467165215050474
1467165215113139
1467165215152846
1467165215215488
1467165215255248
1467165215317901
1467165215357711
1467165215420301
1467165215460060
1467165215522774
1467165215562514
1467165215624850
1467165215665710
1467165215727295
1467165215767281
1467165215829657
1467165215869668
1467165215932708
1467165215972533
1467165216074464
1467165216136742
1467165216176983
1467165216240985
1467165216279311
1467165216341919
1467165216381643
1467165216444003
1467165216484353
1467165216546685
1467165216648743
1467165216688865
1467165216751294
1467165216791292
1467165216853730
1467165216893848
1467165216956076
1467165217058715
1467165217098506
1467165217161107
1467165217200856
1467165217263166
1467165217303626
1467165217366199
1467165217406038
1467165217468036
1467165217508313
1467165217570355
1467165217610433
1467165217673150
1467165217712883
1467165217775188
1467165217815253
1467165217877874
1467165217980066
1467165218020060
1467165218082548
1467165218122439
1467165218184845
1467165218225365
1467165218287449
1467165218327275
1467165218391831
1467165218430012
1467165218532032
1467165218597333
1467165218635168
1467165218696984
1467165218736913
1467165218799386
1467165218840239
1467165218941616
1467165219004213
1467165219044031
1467165219106482
1467165219146438
1467165219208989
1467165219248822
1467165219311291
1467165219351220
1467165219413919
1467165219453670
1467165219516466
1467165219556085
1467165219618770
1467165219659070
1467165219721051
1467165219760798
1467165219823540
1467165219863242
1467165219925614
1467165219965627
1467165220027999
1467165220068244
1467165220130712
1467165220170410
1467165220232760
1467165220272805
1467165220335633
1467165220375269
1467165220437888
1467165220477611
1467165220540125
1467165220580109
1467165220642502
1467165220682981
1467165220751110
1467165220784816
1467165220847293
1467165220887218
1467165220949670
1467165220989870
1467165221052826
1467165221091980
1467165221154656
1467165221194418
1467165221256732
1467165221296856
1467165221359273
1467165221399219
1467165221461561
1467165221501607
1467165221603998
1467165221666731
1467165221706404
1467165221769082
1467165221809459
1467165221871545
1467165221911187
1467165221973805
1467165222013972
1467165222078543
1467165222116001
1467165222178485
1467165222218438
1467165222281108
1467165222321211
1467165222383570
1467165222423192
1467165222485768
1467165222525629
1467165222588129
1467165222628013
1467165222691864
1467165222793378
1467165222895234
1467165222935229
1467165222997734
1467165223037631
1467165223100011
1467165223140742
1467165223202413
1467165223242364
1467165223304856
1467165223344810
1467165223447179
1467165223509733
1467165223549594
1467165223612169
1467165223652561
1467165223714391
1467165223754421
1467165223816882
1467165223856775
1467165223919341
1467165223959163
1467165224021552
1467165224061595
1467165224124167
1467165224164478
1467165224226443
1467165224267036
1467165224328816
1467165224368820
1467165224471214
1467165224534036
1467165224573573
1467165224636872
1467165224675960
1467165224738678
1467165224778348
1467165224841110
1467165224880817
1467165224944563
1467165224983404
1467165225045756
1467165225085567
1467165225148184
1467165225187960
1467165225250353
1467165225290340
1467165225352847
1467165225392765
1467165225455236
1467165225495364
1467165225558325
1467165225597571
1467165225660695
1467165225699968
1467165225762430
1467165225802345
1467165225864716
1467165225904803
1467165225967421
1467165226011121
1467165226069787
1467165226109611
1467165226171979
1467165226211971
1467165226274700
1467165226315012
1467165226416729
1467165226479208
1467165226519161
1467165226581985
1467165226621529
1467165226684041
1467165226725378
1467165226786324
1467165226827089
1467165226888736
1467165226928755
1467165226991178
1467165227031150
1467165227093518
1467165227133534
1467165227195909
1467165227236346
1467165227299106
1467165227338359
1467165227401171
1467165227441242
1467165227503483
1467165227543097
1467165227605513
1467165227645543
1467165227708151
1467165227749873
1467165227810673
1467165227850423
1467165227913150
1467165227952778
1467165228015560
1467165228055193
1467165228117760
1467165228157493
1467165228220284
1467165228259940
1467165228322699
1467165228362335
1467165228464792
1467165228526692
1467165228567173
1467165228629111
1467165228669521
1467165228732164
1467165228771918
1467165228834378
1467165228874379
1467165228936776
1467165228976777
1467165229039254
1467165229079253
1467165229141517
1467165229181494
1467165229283893
1467165229346379
1467165229386290
1467165229448952
1467165229488871
1467165229551313
1467165229592001
1467165229693569
1467165229755996
1467165229795965
1467165229858754
1467165229898734
1467165229960730
1467165230000676
1467165230063487
1467165230103271
1467165230165777
1467165230205523
1467165230268006
1467165230308626
1467165230370709
1467165230410717
1467165230473004
1467165230512712
1467165230575637
1467165230615110
1467165230680119
1467165230717515
1467165230779985
1467165230819953
1467165230882818
1467165230922358
1467165230985230
1467165231024708
1467165231087148
1467165231127093
1467165231189533
1467165231229504
1467165231332196
1467165231394936
1467165231435299
1467165231496765
1467165231536693
1467165231599214
1467165231639108
1467165231701549
1467165231741502
1467165231804152
1467165231843880
1467165231906459
1467165231946286
1467165232008808
1467165232048696
1467165232111535
1467165232151436
1467165232213585
1467165232253629
1467165232355871
1467165232458278
1467165232520796
1467165232560736
1467165232623557
1467165232663057
1467165232725537
1467165232765448
1467165232828657
1467165232867852
1467165232930312
1467165232970262
1467165233033185
1467165233072675
1467165233138086
1467165233175443
1467165233238152
1467165233277462
1467165233340316
1467165233379883
1467165233442433
1467165233482259
1467165233544862
1467165233585239
1467165233647342
1467165233687128
1467165233749662
1467165233789523
1467165233892018
1467165233954404
1467165233994278
1467165234096840
1467165234159376
1467165234199117
1467165234261583
1467165234301455
1467165234363954
1467165234403863
1467165234506392
1467165234569231
1467165234608716
1467165234671216
1467165234715432
1467165234773568
1467165234813462
1467165234916215
1467165234978635
1467165235019253
1467165235080751
1467165235120650
1467165235183140
1467165235223050
1467165235325505
1467165235387924
1467165235428072
1467165235490334
1467165235530251
1467165235593440
1467165235632657
1467165235735463
1467165235797991
1467165235838002
1467165235899941
1467165235939908
1467165236042539
1467165236105021
1467165236144649
1467165236207236
1467165236247378
1467165236309810
1467165236349554
1467165236412362
1467165236451830
1467165236514511
1467165236554237
1467165236616773
1467165236656638
1467165236719179
1467165236759041
1467165236821956
1467165236861447
1467165236963828
1467165237027602
1467165237066615
1467165237128799
1467165237169359
1467165237231504
1467165237271019
1467165237333520
1467165237373462
1467165237436333
1467165237476556
1467165237538468
1467165237578294
1467165237640917
1467165237680832
1467165237751465
1467165237783081
1467165237845992
1467165237885502
1467165237948110
1467165237987842
1467165238050890
1467165238090227
1467165238152783
1467165238193248
1467165238255118
1467165238295076
1467165238357531
1467165238397430
1467165238460050
1467165238500198
1467165238562345
1467165238602211
1467165238665057
1467165238704621
1467165238767166
1467165238807403
1467165238869816
1467165238909407
1467165238971929
1467165239011802
1467165239116079
1467165239176822
1467165239216634
1467165239319401
1467165239422083
1467165239484181
1467165239524497
1467165239586390
1467165239626220
1467165239731554
1467165239791303
1467165239830977
1467165239893762
1467165239933460
1467165239996051
1467165240035869
1467165240098516
1467165240138203
1467165240201412
1467165240240593
1467165240303159
1467165240343008
1467165240405526
1467165240445796
1467165240507967
1467165240547827
1467165240610340
1467165240650252
1467165240712780
1467165240752901
1467165240855070
1467165240917504
1467165240957408
1467165241020236
1467165241059807
1467165241122339
1467165241162159
1467165241224856
1467165241367006
1467165241469441
1467165241532030
1467165241571788
1467165241634513
1467165241675430
1467165241738983
1467165241777432
1467165241839179
1467165241879029
1467165241941659
1467165241981392
1467165242044138
1467165242083762
1467165242146949
1467165242186203
1467165242249414
1467165242288562
1467165242351586
1467165242390994
1467165242454015
1467165242493800
1467165242555922
1467165242595891
1467165242658464
1467165242698392
1467165242761098
1467165242800634
1467165242864035
1467165242903005
1467165242965556
1467165243005393
1467165243067930
1467165243107780
1467165243170756
1467165243210218
1467165243272857
1467165243313359
1467165243375728
1467165243414950
1467165243477517
1467165243517370
1467165243622561
1467165243682435
1467165243722216
1467165243785532
1467165243824558
1467165243887503
1467165243929313
1467165243989521
1467165244092141
1467165244131764
1467165244194639
1467165244234169
1467165244296811
1467165244336617
1467165244399135
1467165244504392
1467165244541411
1467165244604062
1467165244643733
1467165244706318
1467165244746504
1467165244809100
1467165244848557
1467165245013526
1467165245053349
1467165245116264
1467165245155839
1467165245218352
1467165245258149
1467165245360566
1467165245423154
1467165245462916
1467165245525566
1467165245565384
1467165245628621
1467165245667747
1467165245770216
1467165245833050
1467165245935191
1467165245974955
1467165246037966
1467165246078093
1467165246180156
1467165246242399
1467165246282780
1467165246347713
1467165246384546
1467165246447584
1467165246488188
1467165246549654
1467165246590303
1467165246652326
1467165246691737
1467165246755361
1467165246794132
1467165246857233
1467165246896573
1467165246959637
1467165246998966
1467165247063294
1467165247203747
1467165247266758
1467165247368884
1467165247408569
1467165247510921
1467165247574443
1467165247613347
1467165247676506
1467165247715737
1467165247778982
1467165247818175
1467165247881386
1467165247920570
1467165248022894
1467165248085829
1467165248125290
1467165248227698
1467165248290745
1467165248330155
1467165248392737
1467165248432534
1467165248495176
1467165248534938
1467165248639770
1467165248699896
1467165248802356
1467165248842878
1467165248944551
1467165249007236
1467165249046969
1467165249110169
1467165249150985
1467165249211983
1467165249252043
1467165249314336
1467165249354865
1467165249416765
1467165249456487
1467165249558895
1467165249621755
1467165249661272
1467165249724453
1467165249763710
1467165249826759
1467165249866112
1467165249929195
1467165249968583
1467165250031077
1467165250070945
1467165250133654
1467165250173358
1467165250275717
1467165250338841
1467165250378106
1467165250440962
1467165250480539
1467165250543820
1467165250583189
1467165250645790
1467165250686049
1467165250755423
1467165250787665
1467165250850284
1467165250892454
1467165250953122
1467165250992464
1467165251055179
1467165251094899
1467165251157940
1467165251197613
1467165251260426
1467165251299746
1467165251362359
1467165251402095
1467165251464772
1467165251507427
1467165251567302
1467165251607035
1467165251670171
1467165251710806
1467165251771914
1467165251811667
1467165251874299
1467165251914071
1467165251976715
1467165252016473
1467165252079419
1467165252119168
1467165252181896
1467165252221252
1467165252284318
1467165252323649
1467165252386636
1467165252428900
1467165252488713
1467165252528440
1467165252630851
1467165252693547
1467165252797666
1467165252836263
1467165252898727
1467165252938076
1467165253001128
1467165253040484
1467165253142905
1467165253205479
1467165253308950
1467165253347650
1467165253410865
1467165253450114
1467165253512778
1467165253552445
1467165253615393
1467165253654826
1467165253717910
1467165253819907
1467165253860067
1467165253922807
1467165253962069
1467165254025132
1467165254064439
1467165254127174
1467165254166852
1467165254229677
1467165254269749
1467165254332019
1467165254372049
1467165254436068
1467165254474110
1467165254537079
1467165254576458
1467165254639581
1467165254682455
1467165254742477
1467165254781830
1467165254844206
1467165254883655
1467165254946319
1467165254986112
1467165255048750
1467165255089552
1467165255151323
1467165255190829
1467165255254059
1467165255293206
1467165255357352
1467165255395616
1467165255459360
1467165255498073
1467165255564171
1467165255600445
1467165255663158
1467165255702809
1467165255766142
1467165255805208
1467165255868191
1467165255907603
1467165255970408
1467165256010052
1467165256072783
1467165256112436
1467165256175538
1467165256214819
1467165256277854
1467165256317237
1467165256380358
1467165256419635
1467165256482453
1467165256522327
1467165256584887
1467165256624810
1467165256687185
1467165256726808
1467165256789937
1467165256829251
1467165256892167
1467165256932227
1467165256994398
1467165257034004
1467165257137774
1467165257238816
1467165257301506
1467165257341230
1467165257404335
1467165257443677
1467165257546004
1467165257608745
1467165257648422
1467165257711141
1467165257750911
1467165257813560
1467165257853226
1467165257916253
1467165257955805
1467165258018358
1467165258063197
1467165258121094
1467165258160472
